# ["m", "w0", "wp"] [calculated @ 2025-10-14T12:04:13.150]
0.873907852029457;0.33600436935559774;0.9439461322993042
0.04578174084140653;-0.004585421187078004;0.029379853719812426
0.028964483289119224;0.008770176181229921;0.01957158597536258
0.025882172921526857;0.03430659856746824;0.015654344763249017
0.013545336323376131;0.03751482950431415;0.00714112952375781
0.006471835238128092;0.035674138683798234;0.0029435590672996326
0.0033482653959156262;0.037689851637371034;0.0012958875992043354
0.001594012290587244;0.03559192421606802;0.0005279450234420381
0.0008296338403225724;0.037860508057773516;0.0002331671459975419
0.00039184342889796576;0.03538819192780213;9.425461797470348e-5
0.0002056465218904061;0.03807112359665605;4.193859684074752e-5
9.62348853258109e-5;0.0351542671373091;1.681057416077139e-5
5.097766610159875e-5;0.038304566773108346;7.543472268638733e-6
2.36145857312325e-5;0.03489853915945616;2.9959020720952072e-6
1.2636580183708923e-5;0.03855873415986678;1.3568326935740348e-6
5.789719165484295e-6;0.03462321883321581;5.335085470050243e-7
3.132396456260906e-6;0.0388347798043242;2.440516860636603e-7
1.4182216171003255e-6;0.034327016055001235;9.492939074802104e-8
7.765600196472297e-7;0.039138092646194;4.390153112182905e-8
3.470369408455397e-7;0.03400329851888719;1.6874786802525937e-8
1.9258758121030644e-7;0.03947973906944526;7.89958982862775e-9
8.480399279755984e-8;0.03363846728322582;2.9958381614578644e-9
4.779492514980786e-8;0.039877353271822666;1.4222520214031717e-9
2.0683682928421487e-8;0.03321092327151805;5.308953035822446e-10
1.18736435175959e-8;0.0403541072663634;2.5628192495994596e-10
5.030825313591696e-9;0.03269175599670662;9.383276245855513e-11
2.9530827280789697e-9;0.04093225295602975;4.622285778741749e-11
1.2187369584805939e-9;0.03204912658338338;1.6521486727873906e-11
7.348393840921797e-10;0.04162041266076524;8.339823548217635e-12
2.9358791790506414e-10;0.03126057901748938;2.893734869044881e-12
1.8266873987295552e-10;0.04240687083533779;1.5032561435419449e-12
7.02659589352201e-11;0.030350454605897623;5.038168394446161e-13
4.53033356715103e-11;0.043279331668958976;2.7038767455516075e-13
1.6721076967855803e-11;0.029380948026601964;8.725667929933342e-14
1.1214999249967738e-11;0.044254455042006396;4.8546747665602825e-14
3.9517433131365795e-12;0.028317105756709114;1.5013267950930156e-14
2.7723055236529604e-12;0.04537240070950241;8.702482345252482e-15
9.217542414030972e-13;0.027008842002627372;2.551125395004747e-15
6.834416973033409e-13;0.046719696834587605;1.5556829667213199e-15
2.1111546894858302e-13;0.025408253471611957;4.261010074299357e-16
1.673005066801982e-13;0.04825452396633545;2.7625832345086925e-16
4.7488220228036647e-14;0.023656357208388355;6.996174468818588e-17
4.0547845300889035e-14;0.049899801278260665;4.859964568855294e-17
1.0411612048929748e-14;0.02169265016846139;1.1211252547327997e-17
9.746411100764943e-15;0.05191522289711891;8.480021571101345e-18
2.1852895642116378e-15;0.019243751450855977;1.7227779995081718e-18
2.2941616988409155e-15;0.05407434915543541;1.451266400975906e-18
4.3815397398161943e-16;0.016647510150176997;2.534358456538427e-19
5.296119737807526e-16;0.056601172425812044;2.437900531707524e-19
8.031364110768735e-17;0.013449386935344724;3.417711495214756e-20
1.1791134613205184e-16;0.05934381837417928;3.960931190897424e-20
1.3093410839262165e-17;0.010015302671707799;4.113920294862279e-21
2.5204809380708393e-17;0.062463557058318;6.196128640433583e-21
1.626892026713305e-18;0.005924729038964897;3.790656946979335e-22
5.0495800045338296e-18;0.0657921529598773;9.136869712386676e-22
9.796940753399482e-20;0.001806505229382006;1.6999418325337378e-23
9.40079948925638e-19;0.06933178202115092;1.2602859123585771e-22
5.863471378136178e-22;5.840092599436924e-5;7.571344582311297e-26
1.656159561298041e-19;0.0702548806312119;1.6563819073049033e-23
3.6469442217054e-23;2.0626467197518728e-5;3.514757799315614e-27
2.898836500994626e-20;0.07016152259401112;2.1651735296756817e-24
7.072832584202822e-24;2.2853528947510253e-5;5.090370891559663e-28
5.077011499379605e-21;0.0701718602789632;2.831662995386709e-25
1.2247152102303515e-24;2.2594991558418273e-5;6.582000198790148e-29
8.891259665719711e-22;0.07017072224100557;3.7031069757932866e-26
2.147505303150946e-25;2.2623302038625112e-5;8.618393455347559e-30
1.5571184895638924e-22;0.07017084760606795;4.8427673839820934e-27
3.7603882427356684e-26;2.2620181562913775e-5;1.1269217705163332e-30
2.726965695057913e-23;0.07017083379698448;6.333163010552681e-28
6.585629589571025e-27;2.262052526421634e-5;1.4737622384185163e-31
4.775707578547656e-24;0.07017083531808072;8.282238958991241e-29
1.153332751535809e-27;2.262048740460877e-5;1.927319821202377e-32
8.363648538381682e-25;0.07017083515052915;1.0831156800857438e-29
2.0198203935061644e-28;2.262049157491264e-5;2.520466644368157e-33
1.4647173387285746e-25;0.07017083516898566;1.416452221812736e-30
3.5372910253329074e-29;2.26204911155323e-5;3.2961580850212544e-34
2.5651447119861384e-26;0.07017083516695238;1.8523754510877995e-31
6.1948221331036036e-30;2.262049116614254e-5;4.310574150847624e-35
4.492312079291216e-27;0.0701708351671764;2.4224571496234022e-32
1.0848929559686523e-30;2.262049116056688e-5;5.637183953175949e-36
7.867340865182886e-28;0.07017083516715168;3.167985538951302e-33
1.899962098897596e-31;2.2620491161181198e-5;7.372067343825247e-37
1.377799476005059e-28;0.07017083516715439;4.1429555839887935e-34
3.3273844735364354e-32;2.262049116111436e-5;9.640873416885067e-38
2.4129263350986965e-29;0.07017083516715412;5.417979583513318e-35
5.8272148908607576e-33;2.2620491161120595e-5;1.2607920669437567e-38
4.225733570094241e-30;0.07017083516715412;7.085401272659834e-36
1.0205142704224341e-33;2.2620491161120595e-5;1.648809778254998e-39
7.400484608947252e-31;0.07017083516715412;9.265983826770924e-37
1.7872163557400684e-34;2.2620491161120595e-5;2.156242695482139e-40
1.296039410408071e-31;0.07017083516715412;1.2117656145923413e-37
3.129933989950569e-35;2.2620491161120595e-5;2.819841696196561e-41
2.2697407563013964e-32;0.07017083516715412;1.5846950870624123e-38
5.481421849114189e-36;2.2620491161120595e-5;3.6876680015051866e-42
3.974974109154292e-33;0.07017083516715412;2.0723962528055133e-39
9.59955883555903e-37;2.2620491161120595e-5;4.82257401458652e-43
6.9613320924783396e-34;0.07017083516715412;2.7101909154042833e-40
1.6811610632057375e-37;2.2620491161120595e-5;6.306755412003584e-44
1.2191310728330628e-34;0.07017083516715412;3.5442714143090805e-41
2.9442004250963826e-38;2.2620491161120595e-5;8.247704173441606e-45
2.1350519598870977e-35;0.07017083516715412;4.6350461094415926e-42
5.1561485290460156e-39;2.2620491161120595e-5;1.0785993698619701e-45
3.739094977560238e-36;0.07017083516715412;6.061514462440691e-43
9.029910948644993e-40;2.2620491161120595e-5;1.410545984921257e-46
6.548239346809873e-37;0.07017083516715412;7.926988580228864e-44
1.581399202934635e-40;2.2620491161120595e-5;1.84465152787184e-47
1.1467865566519452e-37;0.07017083516715412;1.0366575604238881e-44
2.7694884847314667e-41;2.2620491161120595e-5;2.4123561341886163e-48
2.0083557378798654e-38;0.07017083516715412;1.3556962858056433e-45
4.8501772688558003e-42;2.2620491161120595e-5;3.1547758642909227e-49
3.5172131609658814e-39;0.07017083516715412;1.7729214443732946e-46
8.49406656464439e-43;2.2620491161120595e-5;4.125680538151526e-50
6.159659957817505e-40;0.07017083516715412;2.3185506081480453e-47
1.4875573160572586e-43;2.2620491161120595e-5;5.395388019651961e-51
1.0787350399178262e-40;0.07017083516715412;3.0321010215113484e-48
2.605144134101915e-44;2.2620491161120595e-5;7.055856994600596e-52
1.8891778025337987e-41;0.07017083516715412;3.9652516414095646e-49
4.5623626640712207e-45;2.2620491161120595e-5;9.22734708734913e-53
3.30849804402232e-42;0.07017083516715412;5.185585990754349e-50
7.99001974824973e-46;2.2620491161120595e-5;1.2067128675590534e-53
5.7941392772126534e-43;0.07017083516715412;6.781486901534681e-51
1.3992841051450334e-46;2.2620491161120595e-5;1.5780873212507728e-54
1.0147217715420908e-43;0.07017083516715412;8.868537649878244e-52
2.450552149561911e-47;2.2620491161120595e-5;2.0637549001445257e-55
1.77707201083514e-44;0.07017083516715412;1.1597893085882016e-52
4.2916272797224963e-48;2.2620491161120595e-5;2.6988901251008074e-56
3.112168300966276e-45;0.07017083516715412;1.5167227038089583e-53
7.515883598457912e-49;2.2620491161120595e-5;3.5294927255443905e-57
5.4503089770614224e-46;0.07017083516715412;1.9835048859433558e-54
1.3162491191271816e-49;2.2620491161120595e-5;4.6157191742681104e-58
9.545071176328476e-47;0.07017083516715412;2.5939425991850365e-55
2.3051338154818465e-50;2.2620491161120595e-5;6.036239525729716e-59
1.6716186943643334e-47;0.07017083516715412;3.392246853310218e-56
4.0369576169603873e-51;2.2620491161120595e-5;7.893935102271203e-60
2.927488970724639e-48;0.07017083516715412;4.436234910290063e-57
7.069883184949935e-52;2.2620491161120595e-5;1.0323349683731617e-60
5.126881927444213e-49;0.07017083516715412;5.801517705019531e-58
1.2381415162458975e-52;2.2620491161120595e-5;1.3500433853571755e-61
8.97865664424615e-50;0.07017083516715412;7.586975974510488e-59
2.168344757824388e-53;2.2620491161120595e-5;1.765528823671352e-62
1.5724230882659232e-50;0.07017083516715412;9.921921704728371e-60
3.797400319020354e-54;2.2620491161120595e-5;2.308882855931096e-63
2.753768705584945e-51;0.07017083516715412;1.2975463563546092e-60
6.650348903633045e-55;2.2620491161120595e-5;3.0194579499002695e-64
4.822647378080567e-52;0.07017083516715412;1.69687546121914e-61
1.164668900419291e-55;2.2620491161120595e-5;3.948717574733484e-65
8.445853744411228e-53;0.07017083516715412;2.219100933686223e-62
2.039672906278419e-56;2.2620491161120595e-5;5.163963447652575e-66
1.4791138534448783e-53;0.07017083516715412;2.9020450035555897e-63
3.572058602327718e-57;2.2620491161120595e-5;6.75320986725464e-67
2.590357183132911e-54;0.07017083516715412;3.7951699604181915e-64
6.255710226471861e-58;2.2620491161120595e-5;8.831558157507294e-68
4.536466425881085e-55;0.07017083516715412;4.963160464711495e-65
1.095556226655494e-58;2.2620491161120595e-5;1.1549532892147596e-68
7.944667927322745e-56;0.07017083516715412;6.490608340439377e-66
1.9186365773220045e-59;2.2620491161120595e-5;1.510398365133454e-69
1.3913416864574716e-56;0.07017083516715412;8.488139146117602e-67
3.36008889938558e-60;2.2620491161120595e-5;1.9752341871322087e-70
2.4366426717682505e-57;0.07017083516715412;1.1100424241432045e-67
5.884489822211613e-61;2.2620491161120595e-5;2.5831265340856904e-71
4.267267751459991e-58;0.07017083516715412;1.451665862430315e-68
1.0305447714208956e-61;2.2620491161120595e-5;3.378102067373184e-72
7.473223002138333e-59;0.07017083516715412;1.8984263396708367e-69
1.8047826710384145e-62;2.2620491161120595e-5;4.417736966040724e-73
1.3087780118925522e-59;0.07017083516715412;2.4826805261662235e-70
3.160697700876748e-63;2.2620491161120595e-5;5.777326887076182e-74
2.2920497406852376e-60;0.07017083516715412;3.2467430872633593e-71
5.535298025983131e-64;2.2620491161120595e-5;7.555340260569414e-75
4.0140436086471776e-61;0.07017083516715412;4.245951327040229e-72
9.693911641076418e-65;2.2620491161120595e-5;9.880549875181118e-76
7.029754113147768e-62;0.07017083516715412;5.552672997847328e-73
1.6976849749351582e-65;2.2620491161120595e-5;1.2921359259680015e-76
1.2311137523484052e-62;0.07017083516715412;7.261547541694367e-74
2.9731385851589354e-66;2.2620491161120595e-5;1.6897999324623462e-77
2.156037105745496e-63;0.07017083516715412;9.496340360890996e-75
5.206827637087672e-67;2.2620491161120595e-5;2.2098478607121756e-78
3.775846051986872e-64;0.07017083516715412;1.2418906539148702e-75
9.118664759749363e-68;2.2620491161120595e-5;2.889944231668998e-79
6.612601133028783e-65;0.07017083516715412;1.6240913211501657e-76
1.5969425684158692e-68;2.2620491161120595e-5;3.779345090057593e-80
1.1580581714004138e-65;0.07017083516715412;2.1239169576809568e-77
2.796709424032803e-69;2.2620491161120595e-5;4.942465378127225e-81
2.028095603179081e-66;0.07017083516715412;2.7775674830464926e-78
4.8978490254867146e-70;2.2620491161120595e-5;6.46354419400582e-82
3.5517833881007347e-67;0.07017083516715412;3.6323835990748397e-79
8.577553631535085e-71;2.2620491161120595e-5;8.452745816440418e-83
6.220202448155706e-68;0.07017083516715412;4.750275444741387e-80
1.5021783219328507e-71;2.2620491161120595e-5;1.1054138363223631e-83
1.0893377852282768e-68;0.07017083516715412;6.212206443906506e-81
2.630749754322618e-72;2.2620491161120595e-5;1.4456127938406335e-84
1.9077462835279354e-69;0.07017083516715412;8.124057089033606e-82
4.607205528677476e-73;2.2620491161120595e-5;1.8905103962406934e-85
3.341016837630401e-70;0.07017083516715412;1.062429334598432e-82
8.068552605050794e-74;2.2620491161120595e-5;2.472328394935429e-86
5.8510891126924145e-71;0.07017083516715412;1.389399506484196e-83
1.41303748520113e-74;2.2620491161120595e-5;3.233205014137251e-87
1.0246953388283194e-71;0.07017083516715412;1.8169970705375652e-84
2.474638305429956e-75;2.2620491161120595e-5;4.228246815777565e-88
1.7945386186971174e-72;0.07017083516715412;2.3761908212392672e-85
4.3338091217230305e-76;2.2620491161120595e-5;5.52951979752634e-89
3.1427573952640997e-73;0.07017083516715412;3.1074804194765238e-86
7.589756233190826e-77;2.2620491161120595e-5;7.231268779566883e-90
5.503879349589078e-74;0.07017083516715412;4.063829584357131e-87
1.3291863591896411e-77;2.2620491161120595e-5;9.456743094713483e-91
9.638888429785314e-75;0.07017083516715412;5.314501995632347e-88
2.3277906736051497e-78;2.2620491161120595e-5;1.2367122933130383e-91
1.6880488154011754e-75;0.07017083516715412;6.950077722328503e-89
4.076636344226883e-79;2.2620491161120595e-5;1.6173192833023117e-92
2.956262876092646e-76;0.07017083516715412;9.089013492911412e-90
7.13937214007869e-80;2.2620491161120595e-5;2.115060777098119e-93
5.177273377894863e-77;0.07017083516715412;1.188622193517691e-90
1.2503110469177238e-80;2.2620491161120595e-5;2.7659857500027956e-94
9.066906683510786e-78;0.07017083516715412;1.554429113813819e-91
2.1896571342298165e-81;2.2620491161120595e-5;3.6172375054466767e-95
1.5878782286926312e-78;0.07017083516715412;2.032815711375203e-92
3.834724469005708e-82;2.2620491161120595e-5;4.730468033248876e-96
2.78083513723752e-79;0.07017083516715412;2.658429181292858e-93
6.715714311301762e-83;2.2620491161120595e-5;6.186303160877513e-97
4.8700485470235166e-80;0.07017083516715412;3.4765796389719967e-94
1.176116278380683e-83;2.2620491161120595e-5;8.090181886716825e-98
8.528866933811366e-81;0.07017083516715412;4.546521709574607e-95
2.0597205839208684e-84;2.2620491161120595e-5;1.0579992809611402e-98
1.4936518696331932e-81;0.07017083516715412;5.9457460499151765e-96
3.607167898116752e-85;2.2620491161120595e-5;1.3836060723828314e-99
2.615817464350733e-82;0.07017083516715412;7.77559161669318e-97
6.317196782310701e-86;2.2620491161120595e-5;1.809420665953135e-100
4.581054759756488e-83;0.07017083516715412;1.0168585150126329e-97
1.1063243052055126e-86;2.2620491161120595e-5;2.366282724344976e-101
8.022755027020425e-84;0.07017083516715412;1.3298039435788024e-98
1.9374946047521594e-87;2.2620491161120595e-5;3.0945230354069963e-102
1.405017001521332e-84;0.07017083516715412;1.7390605499682248e-99
3.393114772748621e-88;2.2620491161120595e-5;4.046884473331616e-103
2.4605921132022323e-85;0.07017083516715412;2.274268783048291e-100
5.942327701355259e-89;2.2620491161120595e-5;5.29234190636381e-104
4.309210166850168e-86;0.07017083516715412;2.974191150298071e-101
1.0406738608988952e-89;2.2620491161120595e-5;6.921097708231905e-105
7.5466763314617765e-87;0.07017083516715412;3.889519596120443e-102
1.8225216433473005e-90;2.2620491161120595e-5;9.051114673693473e-106
1.3216418194212796e-87;0.07017083516715412;5.086546870764758e-103
3.191763784285172e-91;2.2620491161120595e-5;1.1836659485230448e-106
2.3145779971523464e-88;0.07017083516715412;6.651967789105256e-104
5.589703744732485e-92;2.2620491161120595e-5;1.5479475492284626e-107
4.05349711712939e-89;0.07017083516715412;8.69915811090149e-105
9.789191827951573e-93;2.2620491161120595e-5;2.0243393992640062e-108
7.098848644889599e-90;0.07017083516715412;1.1376385791044516e-105
1.7143712980270185e-93;2.2620491161120595e-5;2.647344223940317e-109
1.2432142080500367e-90;0.07017083516715412;1.4877549300373442e-106
3.002361174603577e-94;2.2620491161120595e-5;3.462083207281504e-110
2.1772285118518804e-91;0.07017083516715412;1.9456220740973973e-107
5.2580048634393483e-95;2.2620491161120595e-5;4.527563898094223e-111
3.8129583479068316e-92;0.07017083516715412;2.544401082992894e-108
9.208290920429418e-96;2.2620491161120595e-5;5.920953837334949e-112
6.677595522808107e-93;0.07017083516715412;3.3274585837225466e-109
1.612638707599039e-96;2.2620491161120595e-5;7.74316942464533e-113
1.1694405733727848e-93;0.07017083516715412;4.351507590684251e-110
2.824197914378468e-97;2.2620491161120595e-5;1.0126184798250213e-113
2.0480294890268533e-94;0.07017083516715412;5.6907149511681805e-111
4.945989341564836e-98;2.2620491161120595e-5;1.3242590074543132e-114
3.5866934014667027e-95;0.07017083516715412;7.442072886366394e-112
8.661861281862902e-99;2.2620491161120595e-5;1.7318091203775925e-115
6.281340002695688e-96;0.07017083516715412;9.732423662271316e-113
1.516943035758712e-99;2.2620491161120595e-5;2.2647856745097493e-116
1.1000447435325999e-96;0.07017083516715412;1.2727646152923565e-113
2.656607048828131e-100;2.2620491161120595e-5;2.9617895477685473e-117
1.9264972716878516e-97;0.07017083516715412;1.6644669633732822e-114
4.652489147922049e-101;2.2620491161120595e-5;3.873301312350433e-118
3.373855254198362e-98;0.07017083516715412;2.176718490500064e-115
8.147857351007454e-102;2.2620491161120595e-5;5.065337295000744e-119
5.908598700640277e-99;0.07017083516715412;2.846619062527038e-116
1.4269260454270378e-102;2.2620491161120595e-5;6.624230815793627e-120
1.034766935000085e-99;0.07017083516715412;3.722686292466213e-117
2.4989612009668714e-103;2.2620491161120595e-5;8.662884887096827e-121
1.812176903558279e-100;0.07017083516715412;4.868369433250832e-118
4.3764055635195224e-104;2.2620491161120595e-5;1.1328949225042862e-121
3.17364714576021e-101;0.07017083516715412;6.366644695948749e-119
7.664354952367452e-105;2.2620491161120595e-5;1.4815513794344346e-122
5.55797625828644e-102;0.07017083516715412;8.32602480978637e-120
1.3422507576888976e-105;2.2620491161120595e-5;1.9375093367458844e-123
9.733627800728957e-103;0.07017083516715412;1.0888418066943565e-120
2.350670223017143e-106;2.2620491161120595e-5;2.5337915931140312e-124
1.70464042594406e-103;0.07017083516715412;1.4239406044189375e-121
4.1167050685026923e-107;2.2620491161120595e-5;3.31358394799695e-125
2.9853195964048804e-104;0.07017083516715412;1.8621684366332704e-122
7.209544093038936e-108;2.2620491161120595e-5;4.33336293729226e-126
5.228160119306837e-105;0.07017083516715412;2.4352639960065126e-123
1.2626001903113582e-108;2.2620491161120595e-5;5.666986151852132e-127
9.156024120843807e-106;0.07017083516715412;3.184733783248784e-124
2.211178987189364e-109;2.2620491161120595e-5;7.411041380565928e-128
1.6034852756687867e-106;0.07017083516715412;4.1648582193957384e-125
3.872415473168966e-110;2.2620491161120595e-5;9.691841990210277e-129
2.8081676012990523e-107;0.07017083516715412;5.446622910494373e-126
6.781722186994646e-111;2.2620491161120595e-5;1.2674575183120983e-129
4.917915615842889e-108;0.07017083516715412;7.122859786911576e-127
1.1876761711195853e-111;2.2620491161120595e-5;1.6575265696123894e-130
8.612696048969017e-109;0.07017083516715412;9.314970464771329e-128
2.0799653075590816e-112;2.2620491161120595e-5;2.167642141276485e-131
1.5083327780770227e-109;0.07017083516715412;1.218171876961588e-128
3.6426222785720773e-113;2.2620491161120595e-5;2.8347494023800095e-132
2.6415279913353887e-110;0.07017083516715412;1.5930729221657684e-129
6.379287681447371e-114;2.2620491161120595e-5;3.707163660124143e-133
4.626081346521064e-111;0.07017083516715412;2.083352426151771e-130
1.1171982217881518e-114;2.2620491161120595e-5;4.848069600581446e-134
8.101609634585556e-112;0.07017083516715412;2.724518928896104e-131
1.9565379852620683e-115;2.2620491161120595e-5;6.340097445629028e-135
1.418826729464441e-112;0.07017083516715412;3.563008975694259e-132
3.42646525309204e-116;2.2620491161120595e-5;8.291307454672473e-136
2.4847769505568623e-113;0.07017083516715412;4.659550288395877e-133
6.000734061431776e-117;2.2620491161120595e-5;1.0843016199270217e-136
4.351564828743541e-114;0.07017083516715412;6.093559976468956e-134
1.050902507869686e-117;2.2620491161120595e-5;1.418003142934713e-137
7.62085162393105e-115;0.07017083516715412;7.968896328750111e-135
1.840434969689818e-118;2.2620491161120595e-5;1.854403679216192e-138
1.3346320636280566e-115;0.07017083516715412;1.0421380759948551e-135
3.2231352121553565e-119;2.2620491161120595e-5;2.4251095793578767e-139
2.3373276808993612e-116;0.07017083516715412;1.36286346895996e-136
5.644644210160142e-120;2.2620491161120595e-5;3.1714542727714324e-140
4.093338408975068e-117;0.07017083516715412;1.7822943790365351e-137
9.885408511294651e-121;2.2620491161120595e-5;4.147491845272976e-141
7.168622297727337e-118;0.07017083516715412;2.330808130009772e-138
1.7312216288013797e-121;2.2620491161120595e-5;5.42391191141913e-142
1.2554335975446705e-118;0.07017083516715412;3.048130882764997e-139
3.0318709890494666e-122;2.2620491161120595e-5;7.093159316603235e-143
2.1986282055111736e-119;0.07017083516715412;3.9862148062898425e-140
5.30968510404073e-123;2.2620491161120595e-5;9.276129463826727e-144
3.8504354157188084e-120;0.07017083516715412;5.2130007184830306e-141
9.298798004894914e-124;2.2620491161120595e-5;1.2130924174825915e-144
6.7432287339253845e-121;0.07017083516715412;6.817338706390028e-142
1.628489122076855e-124;2.2620491161120595e-5;1.5864302229635786e-145
1.180934851482191e-121;0.07017083516715412;8.915423102256496e-143
2.8519565854926753e-125;2.2620491161120595e-5;2.0746653891012087e-146
2.0681593024257898e-122;0.07017083516715412;1.1659207869156771e-143
4.9946028224996914e-126;2.2620491161120595e-5;2.713158394507808e-147
3.62194654077819e-123;0.07017083516715412;1.5247411881304897e-144
8.746997581035112e-127;2.2620491161120595e-5;3.548152156178374e-148
6.343078470245559e-124;0.07017083516715412;1.993991115752992e-145
1.5318528700214673e-127;2.2620491161120595e-5;4.640121177177787e-149
1.1108569391266647e-124;0.07017083516715412;2.6076560406798568e-146
2.682718491292064e-128;2.2620491161120595e-5;6.06815141831e-150
1.9454325608525703e-125;0.07017083516715412;3.4101807038023114e-147
4.698217853924565e-129;2.2620491161120595e-5;7.935668106395114e-151
3.407016435258422e-126;0.07017083516715412;4.459688030616853e-148
8.227941572917115e-130;2.2620491161120595e-5;1.0377926316214814e-151
5.966673542789858e-127;0.07017083516715412;5.8321886896642816e-149
1.4409511144909333e-130;2.2620491161120595e-5;1.35718068322429e-152
1.0449375235704777e-127;0.07017083516715412;7.627086172470066e-150
2.523523163055849e-131;2.2620491161120595e-5;1.7748626756380307e-153
1.829988552809366e-128;0.07017083516715412;9.97437610092695e-151
4.419420680158994e-132;2.2620491161120595e-5;2.3210892671189045e-154
3.204840507565024e-129;0.07017083516715412;1.304406117264616e-151
7.739686892576736e-133;2.2620491161120595e-5;3.035420970807157e-155
5.6126048784085246e-130;0.07017083516715412;1.7058463622594093e-152
1.3554435644485587e-133;2.2620491161120595e-5;3.96959332867564e-156
9.829298352531508e-131;0.07017083516715412;2.230832693222762e-153
2.373774652521325e-134;2.2620491161120595e-5;5.191263863106261e-157
1.7213951132522006e-131;0.07017083516715412;2.9173872953950825e-154
4.157167623017302e-135;2.2620491161120595e-5;6.788912179420676e-158
3.0146619114124276e-132;0.07017083516715412;3.815233951514771e-155
7.280405756926944e-136;2.2620491161120595e-5;8.878248109759542e-159
5.2795470198301155e-133;0.07017083516715412;4.989399291539657e-156
1.275010122084605e-136;2.2620491161120595e-5;1.1610592008744363e-159
9.246017481787152e-134;0.07017083516715412;6.52492235254214e-157
2.2329123756206583e-137;2.2620491161120595e-5;1.518383414463617e-160
1.6192457222639587e-134;0.07017083516715412;8.533013539104032e-158
3.910476937271741e-138;2.2620491161120595e-5;1.9856766920944593e-161
2.8357687125671877e-135;0.07017083516715412;1.1159109047506931e-158
6.84837884544557e-139;2.2620491161120595e-5;2.5967827941008454e-162
4.966253163807355e-136;0.07017083516715412;1.459340409616012e-159
1.1993496845289636e-139;2.2620491161120595e-5;3.395961138379216e-163
8.697349109511518e-137;0.07017083516715412;1.908462783248831e-160
2.100409013932325e-140;2.2620491161120595e-5;4.4410922929636695e-164
1.5231579832456364e-137;0.07017083516715412;2.4958057565227302e-161
3.6784251354856536e-141;2.2620491161120595e-5;5.807869981702545e-165
2.6674912237197785e-138;0.07017083516715412;3.263907700462544e-162
6.441988863893161e-142;2.2620491161120595e-5;7.595283209449342e-166
4.6715504937051414e-139;0.07017083516715412;4.268398471835019e-163
1.1281790166715946e-142;2.2620491161120595e-5;9.932785550208256e-167
8.181239293752658e-140;0.07017083516715412;5.582028410846748e-164
1.9757685406629057e-143;2.2620491161120595e-5;1.2989670834615e-167
1.432772191413403e-140;0.07017083516715412;7.299937291493022e-165
3.460143530935365e-144;2.2620491161120595e-5;1.6987334271815613e-168
2.5091994975078345e-141;0.07017083516715412;9.546544828790514e-166
6.0597144899659255e-145;2.2620491161120595e-5;2.2215307018667496e-169
4.394335789057033e-142;0.07017083516715412;1.2484561788539293e-166
1.061231690870831e-145;2.2620491161120595e-5;2.905222550147091e-170
7.6957559756275035e-143;0.07017083516715412;1.632677433010097e-167
1.8585243637689834e-146;2.2620491161120595e-5;3.7993254195365486e-171
1.3477499872424538e-143;0.07017083516715412;2.135145506434556e-168
3.254814985678127e-147;2.2620491161120595e-5;4.968594795880866e-172
2.3603009683059923e-144;0.07017083516715412;2.792251697411393e-169
5.700124678221134e-148;2.2620491161120595e-5;6.497715125614538e-173
4.133571295656093e-145;0.07017083516715412;3.6515869846811325e-170
9.982570895806627e-149;2.2620491161120595e-5;8.49743309489479e-174
7.239081746653206e-146;0.07017083516715412;4.775388808628567e-171
1.7482375792682645e-149;2.2620491161120595e-5;1.1112578468940437e-174
1.2677730898170011e-146;0.07017083516715412;6.245048623856453e-172
3.061670851593553e-150;2.2620491161120595e-5;1.4532553401632591e-175
2.220238233954487e-147;0.07017083516715412;8.167006683070892e-173
5.361873302953005e-151;2.2620491161120595e-5;1.9005049904627636e-176
3.8882808407180106e-148;0.07017083516715412;1.0680460982565725e-173
9.390194671630436e-152;2.2620491161120595e-5;2.485398896499573e-177
6.809507045271715e-149;0.07017083516715412;1.3967448690419908e-174
1.644495328200951e-152;2.2620491161120595e-5;3.250298055369579e-178
1.192542105344499e-149;0.07017083516715412;1.8266030205809173e-175
2.879988092946747e-153;2.2620491161120595e-5;4.250600361824465e-179
2.088486969122064e-150;0.07017083516715412;2.3887530706189772e-176
5.043694118966521e-154;2.2620491161120595e-5;5.558752806098566e-180
3.657546178575105e-151;0.07017083516715412;3.12390879030564e-177
8.832970673732505e-155;2.2620491161120595e-5;7.269498454106778e-181
6.405423757100516e-152;0.07017083516715412;4.085313902964502e-178
1.5469092510908549e-155;2.2620491161120595e-5;9.506738223056692e-182
1.1217754063740077e-152;0.07017083516715412;5.34259826584823e-179
2.709086579701402e-156;2.2620491161120595e-5;1.2432504417229631e-182
1.9645539624925324e-153;0.07017083516715412;6.986820819211055e-180
4.7443960213844085e-157;2.2620491161120595e-5;1.62586959331187e-183
3.440503553220483e-154;0.07017083516715412;9.13706453876726e-181
8.308812932146813e-158;2.2620491161120595e-5;2.1262425057276873e-184
6.0253191949507515e-155;0.07017083516715412;1.1949061031598662e-181
1.4551140341203033e-158;2.2620491161120595e-5;2.780608735018014e-185
1.0552080775228052e-155;0.07017083516715412;1.5626469412695557e-182
2.548326541450724e-159;2.2620491161120595e-5;3.636360817936128e-186
1.8479752704262931e-156;0.07017083516715412;2.0435626335840813e-183
4.4628585867417094e-160;2.2620491161120595e-5;4.75547668094891e-187
3.236340464834338e-157;0.07017083516715412;2.672483545123918e-184
7.815759260552136e-161;2.2620491161120595e-5;6.219008397490158e-188
5.6677704360773454e-158;0.07017083516715412;3.4949593330701516e-185
1.3687660415766156e-161;2.2620491161120595e-5;8.132952392132376e-189
9.925909237647758e-159;0.07017083516715412;4.570557885043122e-186
2.397106172434703e-162;2.2620491161120595e-5;1.0635926241776092e-189
1.738314480185767e-159;0.07017083516715412;5.977179529061692e-187
4.198027878676611e-163;2.2620491161120595e-5;1.3909208066917111e-190
3.0442926281881056e-160;0.07017083516715412;7.816698972251829e-188
7.351963910821021e-164;2.2620491161120595e-5;1.8189865616865058e-191
5.331438995463008e-161;0.07017083516715412;1.022234358625576e-188
1.2875420294505947e-164;2.2620491161120595e-5;2.378792592416377e-192
9.336895375679189e-162;0.07017083516715412;1.3368342412367534e-189
2.2548593786780907e-165;2.2620491161120595e-5;3.110882904208219e-193
1.6351610762228744e-162;0.07017083516715412;1.7482544716515533e-190
3.9489125025162006e-166;2.2620491161120595e-5;4.068279207925549e-194
2.8636411115401227e-163;0.07017083516715412;2.286292199414443e-191
6.915690663455335e-167;2.2620491161120595e-5;5.320321022450047e-195
5.0150658151949055e-164;0.07017083516715412;2.9899148584274802e-192
1.2111379353715365e-167;2.2620491161120595e-5;6.9576875959694655e-196
8.782834213890053e-165;0.07017083516715412;3.9100823870785564e-193
2.121053658815817e-168;2.2620491161120595e-5;9.098965359201996e-197
1.5381289034125868e-165;0.07017083516715412;5.1134380066537566e-194
3.714579893986904e-169;2.2620491161120595e-5;1.189923655898527e-197
2.6937096453120382e-166;0.07017083516715412;6.687134863014268e-195
6.505306328042359e-170;2.2620491161120595e-5;1.5561311104838516e-198
4.717466551176793e-167;0.07017083516715412;8.74514810152256e-196
1.1392677403485872e-170;2.2620491161120595e-5;2.0350415096060677e-199
8.261651622401856e-168;0.07017083516715412;1.1436529527847775e-196
1.9951881106720556e-171;2.2620491161120595e-5;2.661339984734365e-200
1.4468547214798886e-168;0.07017083516715412;1.495620269925027e-197
3.494152828157065e-172;2.2620491161120595e-5;3.4803862628418714e-201
2.5338620904714958e-169;0.07017083516715412;1.9559080281861902e-198
6.119274629401016e-173;2.2620491161120595e-5;4.551499848970765e-202
4.43752713953308e-170;0.07017083516715412;2.557852612491637e-199
1.0716623980577603e-173;2.2620491161120595e-5;5.952256247059549e-203
7.771396552378469e-171;0.07017083516715412;3.345049916941971e-200
1.87679155613142e-174;2.2620491161120595e-5;7.784105373236752e-204
1.3609968452085773e-171;0.07017083516715412;4.3745127816155605e-201
3.28680613554226e-175;2.2620491161120595e-5;1.0179719075701084e-204
2.3835000571432594e-172;0.07017083516715412;5.720800152965241e-202
5.7561504565304335e-176;2.2620491161120595e-5;1.331259990601894e-205
4.174199626106632e-173;0.07017083516715412;7.481417022647318e-203
1.0080688276660142e-176;2.2620491161120595e-5;1.7409647058018718e-206
7.3102337322668355e-174;0.07017083516715412;9.78387623586988e-204
1.7654207772818516e-177;2.2620491161120595e-5;2.2767589563608684e-207
1.2802338653414288e-174;0.07017083516715412;1.2794933621404692e-204
3.0917636130804784e-178;2.2620491161120595e-5;2.977447692129964e-208
2.2420606645347381e-175;0.07017083516715412;1.6732665298437944e-205
5.414574452831597e-179;2.2620491161120595e-5;3.8937783618253603e-209
3.926498243438785e-176;0.07017083516715412;2.188226186036373e-206
9.482489664223056e-180;2.2620491161120595e-5;5.092116301856271e-210
6.8764367974526705e-177;0.07017083516715412;2.861668333079207e-207
1.6606588572269903e-180;2.2620491161120595e-5;6.659251252162934e-211
1.2042634453835711e-177;0.07017083516715412;3.7423670828935863e-208
2.908295118413296e-181;2.2620491161120595e-5;8.708683111433964e-212
2.1090144337898168e-178;0.07017083516715412;4.89410712668281e-209
5.093267927351615e-182;2.2620491161120595e-5;1.1388842178126736e-212
3.6934957205456324e-179;0.07017083516715412;6.400303347294172e-210
8.919788784688949e-183;2.2620491161120595e-5;1.4893839229031194e-213
6.468381827607978e-180;0.07017083516715412;8.37004215008876e-211
1.5621136193562473e-183;2.2620491161120595e-5;1.947752401084855e-214
1.132801189804766e-180;0.07017083516715412;1.0945982056285027e-211
2.735713836595464e-184;2.2620491161120595e-5;2.547187033237912e-215
1.9838633058828374e-181;0.07017083516715412;1.431468576000457e-212
4.791028067999369e-185;2.2620491161120595e-5;3.331101929938106e-216
3.4743198116756136e-182;0.07017083516715412;1.8720131949240736e-213
8.390479165366043e-186;2.2620491161120595e-5;4.3562722025685555e-217
6.0845412675395594e-183;0.07017083516715412;2.44813854856757e-214
1.469416159230281e-186;2.2620491161120595e-5;5.696945906192746e-218
1.0655795794036985e-183;0.07017083516715412;3.2015705707809374e-215
2.573373709000674e-187;2.2620491161120595e-5;7.450221462044867e-219
1.8661387771329975e-184;0.07017083516715412;4.1868766478465874e-216
4.5067234388144894e-188;2.2620491161120595e-5;9.74308001997674e-220
3.2681500310547e-185;0.07017083516715412;5.475417666650738e-217
7.892579333861017e-189;2.2620491161120595e-5;1.2741582080382096e-220
5.723478208781463e-186;0.07017083516715412;7.160516333742616e-218
1.3822194635860745e-189;2.2620491161120595e-5;1.6662894441823796e-221
1.002346969849014e-186;0.07017083516715412;9.364216081283538e-219
2.420667014799026e-190;2.2620491161120595e-5;2.1791018527193404e-222
1.7554001453591611e-187;0.07017083516715412;1.224612007429588e-219
4.239289744432914e-191;2.2620491161120595e-5;2.84973592139322e-223
3.0742145813950176e-188;0.07017083516715412;1.60149504851577e-220
7.424225400430055e-192;2.2620491161120595e-5;3.7267623867808306e-224
5.383841010522514e-189;0.07017083516715412;2.0943665216903379e-221
1.3001971112914314e-192;2.2620491161120595e-5;4.873699974534574e-225
9.428666496478119e-190;0.07017083516715412;2.7389226905462408e-222
2.277022095951794e-193;2.2620491161120595e-5;6.373615749163966e-226
1.6512328601097014e-190;0.07017083516715412;3.581845597271335e-223
3.987725845893372e-194;2.2620491161120595e-5;8.335141254129113e-227
2.891787464669079e-191;0.07017083516715412;4.68418401401952e-224
6.983664080501152e-195;2.2620491161120595e-5;1.0900340161767326e-227
5.064358239734625e-192;0.07017083516715412;6.125774906073928e-225
1.2230420513864509e-195;2.2620491161120595e-5;1.4254997248352308e-228
8.869159540154188e-193;0.07017083516715412;8.011025631694685e-226
2.14190121720779e-196;2.2620491161120595e-5;1.864207387428769e-229
1.5532469707915171e-193;0.07017083516715412;1.0476475655028762e-226
3.751090012870383e-197;2.2620491161120595e-5;2.437930448387627e-230
2.7201857643334963e-194;0.07017083516715412;1.3700685429861918e-227
6.5692461312471846e-198;2.2620491161120595e-5;3.18822085528432e-231
4.763833911558794e-195;0.07017083516715412;1.7917168657565743e-228
1.1504654536371202e-198;2.2620491161120595e-5;4.169418462611421e-232
8.3428543132892e-196;0.07017083516715412;2.343130453925688e-229
2.0147985530893642e-199;2.2620491161120595e-5;5.452586600941311e-233
1.4610756668884967e-196;0.07017083516715412;3.064245489365145e-230
3.5284963983032945e-200;2.2620491161120595e-5;7.130658845440909e-234
2.5587670888286828e-197;0.07017083516715412;4.007288797498746e-231
6.179420177639596e-201;2.2620491161120595e-5;9.325169738943124e-235
4.48114301213153e-198;0.07017083516715412;5.240560380129972e-232
1.0821956272983917e-201;2.2620491161120595e-5;1.2195056942837542e-235
7.847780590443435e-199;0.07017083516715412;6.853380049606147e-233
1.895238294333149e-202;2.2620491161120595e-5;1.5948172312400832e-236
1.3743739048052743e-199;0.07017083516715412;8.962556424771892e-234
3.3191117222251026e-203;2.2620491161120595e-5;2.085633558729799e-237
2.4069271667837978e-200;0.07017083516715412;1.1720846806363509e-234
5.8127269048709614e-204;2.2620491161120595e-5;2.727502096223029e-238
4.2152272870916736e-201;0.07017083516715412;1.5328020639126561e-235
1.0179770040388955e-204;2.2620491161120595e-5;3.566910233949098e-239
7.3820850614206e-202;0.07017083516715412;2.004532783296262e-236
1.7827728666963795e-205;2.2620491161120595e-5;4.664652186580902e-240
1.2928171161951506e-202;0.07017083516715412;2.6214419812644924e-237
3.1221521523755375e-206;2.2620491161120595e-5;6.100232020048266e-241
2.2640975849247292e-203;0.07017083516715412;3.4282093654939405e-238
5.467793595404403e-207;2.2620491161120595e-5;7.97762174111822e-242
3.965091280001449e-204;0.07017083516715412;4.4832651409630935e-239
9.575691812200058e-208;2.2620491161120595e-5;1.0432791479930917e-242
6.944024393394807e-205;0.07017083516715412;5.863021823137374e-240
1.6769812554611349e-208;2.2620491161120595e-5;1.3643557139682512e-243
1.2160999929374647e-205;0.07017083516715412;7.667408421711297e-241
2.936880369922692e-209;2.2620491161120595e-5;1.7842458730423486e-244
2.1297436602170443e-206;0.07017083516715412;1.002710780869494e-241
5.1433289902012135e-210;2.2620491161120595e-5;2.3333602101531895e-245
3.729798605851933e-207;0.07017083516715412;1.3113021437920218e-242
9.007460219477876e-211;2.2620491161120595e-5;3.0514683836944836e-246
6.531958704737864e-208;0.07017083516715412;1.7148646899183378e-243
1.5774674293643152e-211;2.2620491161120595e-5;3.990579446829511e-247
1.1439353442156e-208;0.07017083516715412;2.2426264752566185e-244
2.76260280930722e-212;2.2620491161120595e-5;5.2187086081415115e-248
2.0033624382782565e-209;0.07017083516715412;2.9328106975958632e-245
4.838118454887926e-213;2.2620491161120595e-5;6.824803239621821e-249
3.50846844570246e-210;0.07017083516715412;3.83540401526224e-246
8.472948085286723e-214;2.2620491161120595e-5;8.925184898594953e-250
6.144345426117116e-211;0.07017083516715412;5.0157768356302515e-247
1.4838588580532535e-214;2.2620491161120595e-5;1.167197392763543e-250
1.0760530214170849e-211;0.07017083516715412;6.559417773129926e-248
2.5986670618773115e-215;2.2620491161120595e-5;1.5264106784930592e-251
1.884480810566284e-212;0.07017083516715412;8.578125170324929e-249
4.551019432768552e-216;2.2620491161120595e-5;1.9961744036294444e-252
3.300272249331916e-213;0.07017083516715412;1.121810410356738e-249
7.970154461600987e-217;2.2620491161120595e-5;2.6105112509035076e-253
5.779733525881496e-214;0.07017083516715412;1.4670555299638933e-250
1.3958051175170282e-217;2.2620491161120595e-5;3.413914625246756e-254
1.0121989068314223e-214;0.07017083516715412;1.9185522866677752e-251
2.444459433594667e-218;2.2620491161120595e-5;4.464571092899905e-255
1.772653743296001e-215;0.07017083516715412;2.5090003762630136e-252
4.280957167659234e-219;2.2620491161120595e-5;5.838574549038863e-256
3.104430633557954e-216;0.07017083516715412;3.2811630581210405e-253
7.497197138748603e-220;2.2620491161120595e-5;7.635437325412298e-257
5.436758078119336e-217;0.07017083516715412;4.290964288340788e-254
1.3129765782728867e-220;2.2620491161120595e-5;9.985297380487518e-258
9.521339623594507e-218;0.07017083516715412;5.611539017618906e-255
2.299402647668604e-221;2.2620491161120595e-5;1.3058343553541903e-258
1.6674626114537416e-218;0.07017083516715412;7.338529997050047e-256
4.02692068053512e-222;2.2620491161120595e-5;1.7077141507627725e-259
2.920210464613638e-219;0.07017083516715412;9.597014713524121e-257
7.052305599353445e-223;2.2620491161120595e-5;2.2332753069009453e-260
5.114135153054121e-220;0.07017083516715412;1.2550564138679305e-257
1.2350631713973277e-223;2.2620491161120595e-5;2.9205816407773844e-261
8.956333346735198e-221;0.07017083516715412;1.6413089372170155e-258
2.162953683518606e-224;2.2620491161120595e-5;3.8194113793710906e-262
1.5685136316731007e-221;0.07017083516715412;2.1464334173522737e-259
3.787958984926769e-225;2.2620491161120595e-5;4.99486235248209e-263
2.7469221136584395e-222;0.07017083516715412;2.8070135430679035e-260
6.633814390396792e-226;2.2620491161120595e-5;6.532066709282052e-264
4.810657010648422e-223;0.07017083516715412;3.670891893160212e-261
1.1617732277818233e-226;2.2620491161120595e-5;8.542356622361705e-265
8.424855134781688e-224;0.07017083516715412;4.8006349397736074e-262
2.03460174397476e-227;2.2620491161120595e-5;1.1171327530981091e-265
1.4754363881055474e-224;0.07017083516715412;6.278064431130667e-263
3.56317752689899e-228;2.2620491161120595e-5;1.4609382904685181e-266
2.583916875150334e-225;0.07017083516715412;8.210183339474426e-264
6.2401568885883244e-229;2.2620491161120595e-5;1.9105524232800343e-267
4.525187579424864e-226;0.07017083516715412;1.0736925561568854e-264
1.0928323862685974e-229;2.2620491161120595e-5;2.4985384981117817e-268
7.924915397206688e-227;0.07017083516715412;1.4041290644558374e-265
1.9138663431068012e-230;2.2620491161120595e-5;3.267481462680431e-269
1.387882445767371e-227;0.07017083516715412;1.8362597545675332e-266
3.351734836285012e-231;2.2620491161120595e-5;4.273072084752238e-270
2.4305845384143414e-228;0.07017083516715412;2.4013817330610755e-267
5.86985943570659e-232;2.2620491161120595e-5;5.588140361325915e-271
4.256658203578928e-229;0.07017083516715412;3.140424013288677e-268
1.0279825665786463e-232;2.2620491161120595e-5;7.307930238132302e-272
7.454642607870881e-230;0.07017083516715412;4.106911803092884e-269
1.8002955075233714e-233;2.2620491161120595e-5;9.556997661514868e-273
1.3055240461721857e-230;0.07017083516715412;5.370843073104858e-270
3.152839376640215e-234;2.2620491161120595e-5;1.2498231554758664e-273
2.2863511033167963e-231;0.07017083516715412;7.023758166463324e-271
5.5215358219539526e-235;2.2620491161120595e-5;1.6344651063941433e-274
4.0040636424620095e-232;0.07017083516715412;9.185369616923243e-272
9.669810031873316e-236;2.2620491161120595e-5;2.1374833489965707e-275
7.012276298958559e-233;0.07017083516715412;1.2012232340564912e-272
1.6934640844080999e-236;2.2620491161120595e-5;2.795309027622551e-276
1.2280528803658393e-233;0.07017083516715412;1.5709082140566693e-273
2.965746582122458e-237;2.2620491161120595e-5;3.6555852299744304e-277
2.1506766314938394e-234;0.07017083516715412;2.0543663717335765e-274
5.193882096675998e-238;2.2620491161120595e-5;4.780617542301877e-278
3.766458307459668e-235;0.07017083516715412;2.686612210404762e-275
9.095993365308205e-239;2.2620491161120595e-5;6.251886537446238e-279
6.596160470660065e-236;0.07017083516715412;3.513436195416866e-276
1.5929721499585309e-239;2.2620491161120595e-5;8.175949013123001e-280
1.155178934770784e-236;0.07017083516715412;4.594721132978707e-277
2.7897560702074274e-240;2.2620491161120595e-5;1.0692155378189671e-280
2.0230532250902307e-237;0.07017083516715412;6.008779188129293e-278
4.885671687017111e-241;2.2620491161120595e-5;1.3982742119337305e-281
3.542952722177296e-238;0.07017083516715412;7.858023650782267e-279
8.556227581412113e-242;2.2620491161120595e-5;1.8286030296072643e-282
6.204737391930739e-239;0.07017083516715412;1.0276386228044722e-279
1.4984435122699377e-242;2.2620491161120595e-5;2.391368596624942e-283
1.0866294055192617e-239;0.07017083516715412;1.3439017060916356e-280
2.624209019804156e-243;2.2620491161120595e-5;3.127329263012438e-284
1.9030031254420595e-240;0.07017083516715412;1.7574969990006327e-281
4.595750806241197e-244;2.2620491161120595e-5;4.0897870504351194e-285
3.332710192682197e-241;0.07017083516715412;2.2983791801850807e-282
8.048492065103504e-245;2.2620491161120595e-5;5.348448056216122e-286
5.836541769119662e-242;0.07017083516715412;3.0057216933582754e-283
1.4095243030597336e-245;2.2620491161120595e-5;6.994470924103207e-287
1.022147677211094e-242;0.07017083516715412;3.9307538877014286e-284
2.46848570495608e-246;2.2620491161120595e-5;9.147069017762211e-288
1.790076924585468e-243;0.07017083516715412;5.140471308378787e-285
4.3230341345269106e-247;2.2620491161120595e-5;1.1962144460044787e-288
3.134943675337059e-244;0.07017083516715412;6.722487855304888e-286
7.570886106718428e-248;2.2620491161120595e-5;1.5643579359149376e-289
5.490195260637545e-245;0.07017083516715412;8.791381228227274e-287
1.3258816529602667e-248;2.2620491161120595e-5;2.0458001989811233e-290
9.61492362273022e-246;0.07017083516715412;1.1496991227590855e-287
2.3220031748947064e-249;2.2620491161120595e-5;2.6754097371605423e-291
1.6838518828964393e-246;0.07017083516715412;1.5035271916419369e-288
4.0665007560691343e-250;2.2620491161120595e-5;3.498786081484535e-292
2.948912830499152e-247;0.07017083516715412;1.9662483612074387e-289
7.121621786697447e-251;2.2620491161120595e-5;4.5755623424552507e-293
5.164401317130176e-248;0.07017083516715412;2.5713752564254407e-290
1.2472024454211455e-251;2.2620491161120595e-5;5.9837241437783185e-294
9.044363973234728e-249;0.07017083516715412;3.362734250568823e-291
2.1842130717613404e-252;2.2620491161120595e-5;7.825257738619887e-295
1.5839303465634134e-249;0.07017083516715412;4.397639594490113e-292
3.825190337276899e-253;2.2620491161120595e-5;1.0233536373748224e-295
2.7739212510564283e-250;0.07017083516715412;5.751044406722216e-293
6.6990172825023066e-254;2.2620491161120595e-5;1.3382979859689247e-296
4.8579403278416035e-251;0.07017083516715412;7.520969160258276e-294
1.1731921445564357e-254;2.2620491161120595e-5;1.7501686942189205e-297
8.507661931600219e-252;0.07017083516715412;9.835600824684886e-295
2.0545995778276375e-255;2.2620491161120595e-5;2.288795537569537e-298
1.4899382589690668e-252;0.07017083516715412;1.2862576819716545e-295
3.598199531761731e-256;2.2620491161120595e-5;2.993188616675673e-299
2.60931385542518e-253;0.07017083516715412;1.6821126171355287e-296
6.301490572707813e-257;2.2620491161120595e-5;3.9143636676741424e-300
4.56966505499688e-254;0.07017083516715412;2.1997947195069806e-297
1.1035736925484955e-257;2.2620491161120595e-5;5.119036881753396e-301
8.002808351874941e-255;0.07017083516715412;2.8767971648719247e-298
1.932677484530121e-258;2.2620491161120595e-5;6.69445683168267e-302
1.4015237604079313e-255;0.07017083516715412;3.7621519200982436e-299
3.384678598656918e-259;2.2620491161120595e-5;8.754723458040925e-303
2.4544744352496968e-256;0.07017083516715412;4.9199808880265585e-300
5.927553514698996e-260;2.2620491161120595e-5;1.1449051768327957e-303
4.298496339113672e-257;0.07017083516715412;6.434139942417462e-301
1.0380864724810958e-260;2.2620491161120595e-5;1.497257874815681e-304
7.527913312934525e-258;0.07017083516715412;8.414292197630265e-302
1.8179903760902283e-261;2.2620491161120595e-5;1.9580496176103563e-305
1.3183558708983803e-258;0.07017083516715412;1.1003850370170825e-302
3.1838282216097816e-262;2.2620491161120595e-5;2.560653291268229e-306
2.3088233486241935e-259;0.07017083516715412;1.4390363458403546e-303
5.575806273803876e-263;2.2620491161120595e-5;3.3487125244992895e-307
4.043419059164746e-260;0.07017083516715412;1.8819099996698982e-304
9.764853327190873e-264;2.2620491161120595e-5;4.379302582656342e-308
7.081199043555654e-261;0.07017083516715412;2.4610811652497446e-305
1.710108920920242e-264;2.2620491161120595e-5;5.72706404928803e-309
1.2401232511579448e-261;0.07017083516715412;3.21849636965079e-306
2.994896516538138e-265;2.2620491161120595e-5;7.48960867754256e-310
2.1718153502013837e-262;0.07017083516715412;4.209011481506361e-307
5.244932083007732e-266;2.2620491161120595e-5;9.794588930727e-311
3.803478332469113e-263;0.07017083516715412;5.504364652545695e-308
9.18539669182387e-267;2.2620491161120595e-5;1.2808943224173e-311
6.660993267323793e-264;0.07017083516715412;7.198371960095276e-309
1.6086292644190805e-267;2.2620491161120595e-5;1.675098645593e-312
1.1665330371037047e-264;0.07017083516715412;9.4137220454538e-310
2.817176216949714e-268;2.2620491161120595e-5;2.1906221484e-313
2.0429375500646866e-265;0.07017083516715412;1.23108618504743e-310
4.93369231363149e-269;2.2620491161120595e-5;2.86480167e-314
3.577775940085344e-266;0.07017083516715412;1.609961700268e-311
8.640325620788504e-270;2.2620491161120595e-5;3.74646473e-315
6.265722942460095e-267;0.07017083516715412;2.10543884564e-312
1.5131715171411442e-270;2.2620491161120595e-5;4.89946586e-316
1.0973097435144149e-267;0.07017083516715412;2.75340260083e-313
2.650002026287404e-271;2.2620491161120595e-5;6.407311e-317
1.921707493722845e-268;0.07017083516715412;3.6007818025e-314
4.6409218385203346e-272;2.2620491161120595e-5;8.379205e-318
3.365466964325751e-269;0.07017083516715412;4.70894797e-315
8.12759963864242e-273;2.2620491161120595e-5;1.0958e-318
5.893908373134297e-270;0.07017083516715412;6.15816015e-316
1.4233783326788594e-273;2.2620491161120595e-5;1.43304e-319
1.0321942327507611e-270;0.07017083516715412;8.0533777e-317
2.492748127389385e-274;2.2620491161120595e-5;1.874e-320
1.8076713560400212e-271;0.07017083516715412;1.0531864e-317
4.365524670386562e-275;2.2620491161120595e-5;2.45e-321
3.1657566258041826e-272;0.07017083516715412;1.37731e-318
7.645299353895363e-276;2.2620491161120595e-5;3.2e-322
5.54415767021821e-273;0.07017083516715412;1.80117e-319
1.338913569935153e-276;2.2620491161120595e-5;4.0e-323
9.709427446726461e-274;0.07017083516715412;2.355e-320
2.344825839740442e-277;2.2620491161120595e-5;5.0e-324
1.700402242339824e-274;0.07017083516715412;3.083e-321
4.1064698589773994e-278;2.2620491161120595e-5;0.0
2.977897308176639e-275;0.07017083516715412;4.0e-322
7.191619273760883e-279;2.2620491161120595e-5;0.0
5.2151615407440445e-276;0.07017083516715412;5.4e-323
1.2594610347781183e-279;2.2620491161120595e-5;0.0
9.133259841223085e-277;0.07017083516715412;5.0e-324
2.2056814157444406e-280;2.2620491161120595e-5;0.0
1.5994985903235713e-277;0.07017083516715412;0.0
3.862787631709035e-281;2.2620491161120595e-5;0.0
2.8011857594368957e-278;0.07017083516715412;0.0
6.764861045287584e-282;2.2620491161120595e-5;0.0
4.905688386561642e-279;0.07017083516715412;0.0
1.184723296367242e-282;2.2620491161120595e-5;0.0
8.591282625570514e-280;0.07017083516715412;0.0
2.0747939677681863e-283;2.2620491161120595e-5;0.0
1.5045826668204355e-280;0.07017083516715412;0.0
3.6335657633196696e-284;2.2620491161120595e-5;0.0
2.6349604592901648e-281;0.07017083516715412;0.0
6.363427097569012e-285;2.2620491161120595e-5;0.0
4.614579693846306e-282;0.07017083516715412;0.0
1.1144205737198701e-285;2.2620491161120595e-5;0.0
8.081466906184682e-283;0.07017083516715412;0.0
1.9516735181967918e-286;2.2620491161120595e-5;0.0
1.415299153742015e-283;0.07017083516715412;0.0
3.4179461609509844e-287;2.2620491161120595e-5;0.0
2.4785991427495974e-284;0.07017083516715412;0.0
5.985814661231421e-288;2.2620491161120595e-5;0.0
4.340745696198539e-285;0.07017083516715412;0.0
1.0482896883502723e-288;2.2620491161120595e-5;0.0
7.601904186154042e-286;0.07017083516715412;0.0
1.8358591652008052e-289;2.2620491161120595e-5;0.0
1.3313138179478303e-286;0.07017083516715412;0.0
3.215121651874614e-290;2.2620491161120595e-5;0.0
2.3315164706851058e-287;0.07017083516715412;0.0
5.630610142811352e-291;2.2620491161120595e-5;0.0
4.083161295099665e-288;0.07017083516715412;0.0
9.860830790600066e-292;2.2620491161120595e-5;0.0
7.150799220775324e-289;0.07017083516715412;0.0
1.7269173573487078e-292;2.2620491161120595e-5;0.0
1.252312260042452e-289;0.07017083516715412;0.0
3.0243329618383743e-293;2.2620491161120595e-5;0.0
2.1931618386043708e-290;0.07017083516715412;0.0
5.2964838329638544e-294;2.2620491161120595e-5;0.0
3.8408622224519694e-291;0.07017083516715412;0.0
9.275678751917274e-295;2.2620491161120595e-5;0.0
6.726463297048037e-292;0.07017083516715412;0.0
1.6244402706054208e-295;2.2620491161120595e-5;0.0
1.177998737420224e-292;0.07017083516715412;0.0
2.844865872720262e-296;2.2620491161120595e-5;0.0
2.063017315462984e-293;0.07017083516715412;0.0
4.982184928690627e-297;2.2620491161120595e-5;0.0
3.612941430837789e-294;0.07017083516715412;0.0
8.725250248770818e-298;2.2620491161120595e-5;0.0
6.327307911971966e-295;0.07017083516715412;0.0
1.5280442816417687e-298;2.2620491161120595e-5;0.0
1.1080950571518045e-295;0.07017083516715412;0.0
2.6760485488505644e-299;2.2620491161120595e-5;0.0
1.9405957047877884e-296;0.07017083516715412;0.0
4.6865368509549706e-300;2.2620491161120595e-5;0.0
3.3985456979841996e-297;0.07017083516715412;0.0
8.207484750152631e-301;2.2620491161120595e-5;0.0
5.951838825980456e-298;0.07017083516715412;0.0
1.4373685317391968e-301;2.2620491161120595e-5;0.0
1.042339534567976e-298;0.07017083516715412;0.0
2.51724902199259e-302;2.2620491161120595e-5;0.0
1.8254387208551574e-299;0.07017083516715412;0.0
4.4084328401537574e-303;2.2620491161120595e-5;0.0
3.196872432722646e-300;0.07017083516715412;0.0
7.720443999125076e-304;2.2620491161120595e-5;0.0
5.598650469249511e-301;0.07017083516715412;0.0
1.352073575913813e-304;2.2620491161120595e-5;0.0
9.80486013642177e-302;0.07017083516715412;0.0
2.367872825567497e-305;2.2620491161120595e-5;0.0
1.7171152730968633e-302;0.07017083516715412;0.0
4.1468318129592304e-306;2.2620491161120595e-5;0.0
3.007166670486092e-303;0.07017083516715412;0.0
7.262304756949773e-307;2.2620491161120595e-5;0.0
5.266420679942485e-304;0.07017083516715412;0.0
1.2718401122031087e-307;2.2620491161120595e-5;0.0
9.22302945504597e-305;0.07017083516715412;0.0
2.2273607692666237e-308;2.2620491161120595e-5;0.0
1.61521985231105e-305;0.07017083516715412;0.0
3.900754465020104e-309;2.2620491161120595e-5;0.0
2.8287182470965233e-306;0.07017083516715412;0.0
6.8313519777868e-310;2.2620491161120595e-5;0.0
4.9539057546922314e-307;0.07017083516715412;0.0
1.19636778635776e-310;2.2620491161120595e-5;0.0
8.6757252163812135e-308;0.07017083516715412;0.0
2.0951868457207e-311;2.2620491161120595e-5;0.0
1.519371012637052e-308;0.07017083516715412;0.0
3.669279604933e-312;2.2620491161120595e-5;0.0
2.660859140262914e-309;0.07017083516715412;0.0
6.42597238844e-313;2.2620491161120595e-5;0.0
4.6599357927938e-310;0.07017083516715412;0.0
1.12537406747e-313;2.2620491161120595e-5;0.0
8.1608985851144e-311;0.07017083516715412;0.0
1.970856261e-314;2.2620491161120595e-5;0.0
1.429209943611e-311;0.07017083516715412;0.0
3.451540705e-315;2.2620491161120595e-5;0.0
2.502960968833e-312;0.07017083516715412;0.0
6.04464847e-316;2.2620491161120595e-5;0.0
4.3834103167e-313;0.07017083516715412;0.0
1.0585932e-316;2.2620491161120595e-5;0.0
7.676622306e-314;0.07017083516715412;0.0
1.853904e-317;2.2620491161120595e-5;0.0
1.344399127e-314;0.07017083516715412;0.0
3.246723e-318;2.2620491161120595e-5;0.0
2.354432637e-315;0.07017083516715412;0.0
5.68595e-319;2.2620491161120595e-5;0.0
4.12329416e-316;0.07017083516715412;0.0
9.958e-320;2.2620491161120595e-5;0.0
7.2210836e-317;0.07017083516715412;0.0
1.744e-320;2.2620491161120595e-5;0.0
1.2646213e-317;0.07017083516715412;0.0
3.053e-321;2.2620491161120595e-5;0.0
2.21472e-318;0.07017083516715412;0.0
5.34e-322;2.2620491161120595e-5;0.0
3.8786e-319;0.07017083516715412;0.0
9.4e-323;2.2620491161120595e-5;0.0
6.7924e-320;0.07017083516715412;0.0
1.5e-323;2.2620491161120595e-5;0.0
1.189e-320;0.07017083516715412;0.0
5.0e-324;2.2620491161120595e-5;0.0
2.085e-321;0.07017083516715412;0.0
0.0;2.2620491161120595e-5;0.0
3.66e-322;0.07017083516715412;0.0
0.0;2.2620491161120595e-5;0.0
6.4e-323;0.07017083516715412;0.0
0.0;2.2620491161120595e-5;0.0
1.5e-323;0.07017083516715412;0.0
0.0;2.2620491161120595e-5;0.0
5.0e-324;0.07017083516715412;0.0
0.0;2.2620491161120595e-5;0.0
0.0;0.07017083516715412;0.0
0.0;2.2620491161120595e-5;0.0
0.0;0.07017083516715412;0.0
0.0;2.2620491161120595e-5;0.0
0.0;0.07017083516715412;0.0
0.0;2.2620491161120595e-5;0.0
0.0;0.07017083516715412;0.0
0.0;2.2620491161120595e-5;0.0
0.0;0.07017083516715412;0.0
0.0;2.2620491161120595e-5;0.0
0.0;0.07017083516715412;0.0
0.0;2.2620491161120595e-5;0.0
0.0;0.07017083516715412;0.0
0.0;2.2620491161120595e-5;0.0
0.0;0.07017083516715412;0.0
0.0;2.2620491161120595e-5;0.0
0.0;0.07017083516715412;0.0
0.0;2.2620491161120595e-5;0.0
0.0;0.07017083516715412;0.0
0.0;2.2620491161120595e-5;0.0
0.0;0.07017083516715412;0.0
0.0;2.2620491161120595e-5;0.0
0.0;0.07017083516715412;0.0
0.0;2.2620491161120595e-5;0.0
0.0;0.07017083516715412;0.0
0.0;2.2620491161120595e-5;0.0
0.0;0.07017083516715412;0.0
0.0;2.2620491161120595e-5;0.0
0.0;0.07017083516715412;0.0
0.0;2.2620491161120595e-5;0.0
0.0;0.07017083516715412;0.0
0.0;2.2620491161120595e-5;0.0
0.0;0.07017083516715412;0.0
0.0;2.2620491161120595e-5;0.0
0.0;0.07017083516715412;0.0
0.0;2.2620491161120595e-5;0.0
0.0;0.07017083516715412;0.0
0.0;2.2620491161120595e-5;0.0
0.0;0.07017083516715412;0.0
0.0;2.2620491161120595e-5;0.0
0.0;0.07017083516715412;0.0
0.0;2.2620491161120595e-5;0.0
0.0;0.07017083516715412;0.0
0.0;2.2620491161120595e-5;0.0
0.0;0.07017083516715412;0.0
0.0;2.2620491161120595e-5;0.0
0.0;0.07017083516715412;0.0
0.0;2.2620491161120595e-5;0.0
0.0;0.07017083516715412;0.0
0.0;2.2620491161120595e-5;0.0
0.0;0.07017083516715412;0.0
0.0;2.2620491161120595e-5;0.0
0.0;0.07017083516715412;0.0
0.0;2.2620491161120595e-5;0.0
0.0;0.07017083516715412;0.0
0.0;2.2620491161120595e-5;0.0
0.0;0.07017083516715412;0.0
0.0;2.2620491161120595e-5;0.0
0.0;0.07017083516715412;0.0
0.0;2.2620491161120595e-5;0.0
0.0;0.07017083516715412;0.0
0.0;2.2620491161120595e-5;0.0
0.0;0.07017083516715412;0.0
0.0;2.2620491161120595e-5;0.0
0.0;0.07017083516715412;0.0
0.0;2.2620491161120595e-5;0.0
0.0;0.07017083516715412;0.0
0.0;2.2620491161120595e-5;0.0
0.0;0.07017083516715412;0.0
0.0;2.2620491161120595e-5;0.0
0.0;0.07017083516715412;0.0
0.0;2.2620491161120595e-5;0.0
0.0;0.07017083516715412;0.0
0.0;2.2620491161120595e-5;0.0
0.0;0.07017083516715412;0.0
0.0;2.2620491161120595e-5;0.0
0.0;0.07017083516715412;0.0
0.0;2.2620491161120595e-5;0.0
0.0;0.07017083516715412;0.0
0.0;2.2620491161120595e-5;0.0
0.0;0.07017083516715412;0.0
0.0;2.2620491161120595e-5;0.0
0.0;0.07017083516715412;0.0
0.0;2.2620491161120595e-5;0.0
0.0;0.07017083516715412;0.0
0.0;2.2620491161120595e-5;0.0
0.0;0.07017083516715412;0.0
0.0;2.2620491161120595e-5;0.0
0.0;0.07017083516715412;0.0
0.0;2.2620491161120595e-5;0.0
0.0;0.07017083516715412;0.0
0.0;2.2620491161120595e-5;0.0
0.0;0.07017083516715412;0.0
0.0;2.2620491161120595e-5;0.0
0.0;0.07017083516715412;0.0
0.0;2.2620491161120595e-5;0.0
0.0;0.07017083516715412;0.0
0.0;2.2620491161120595e-5;0.0
0.0;0.07017083516715412;0.0
0.0;2.2620491161120595e-5;0.0
0.0;0.07017083516715412;0.0
0.0;2.2620491161120595e-5;0.0
0.0;0.07017083516715412;0.0
0.0;2.2620491161120595e-5;0.0
0.0;0.07017083516715412;0.0
0.0;2.2620491161120595e-5;0.0
0.0;0.07017083516715412;0.0
0.0;2.2620491161120595e-5;0.0
0.0;0.07017083516715412;0.0
0.0;2.2620491161120595e-5;0.0
0.0;0.07017083516715412;0.0
0.0;2.2620491161120595e-5;0.0
0.0;0.07017083516715412;0.0
0.0;2.2620491161120595e-5;0.0
0.0;0.07017083516715412;0.0
0.0;2.2620491161120595e-5;0.0
0.0;0.07017083516715412;0.0
0.0;2.2620491161120595e-5;0.0
0.0;0.07017083516715412;0.0
0.0;2.2620491161120595e-5;0.0
0.0;0.07017083516715412;0.0
0.0;2.2620491161120595e-5;0.0
0.0;0.07017083516715412;0.0
0.0;2.2620491161120595e-5;0.0
0.0;0.07017083516715412;0.0
0.0;2.2620491161120595e-5;0.0
0.0;0.07017083516715412;0.0
0.0;2.2620491161120595e-5;0.0
0.0;0.07017083516715412;0.0
0.0;2.2620491161120595e-5;0.0
0.0;0.07017083516715412;0.0
0.0;2.2620491161120595e-5;0.0
0.0;0.07017083516715412;0.0
0.0;2.2620491161120595e-5;0.0
0.0;0.07017083516715412;0.0
