# ["m", "w0", "wp"] [calculated @ 2025-10-14T12:08:34.511]
0.18709281658061683;0.8043163965525052;0.45198583219505795
0.06675223640358977;-0.08957737204849556;0.0657655292044952
0.004505019263128171;0.003845426080079126;0.005528192769369204
0.011453555637694917;0.05709092822839008;0.011238484949285175
0.001448217560503524;0.011566820525578671;0.0012994404838831788
0.0022335868641045952;0.06295073032263163;0.001544912554203334
3.816165274061215e-5;0.001606344141896624;2.469914500150729e-5
0.00035659880924280413;0.0717541244952293;0.00017609748644438223
9.372131135752105e-11;2.4634093407840574e-8;4.350117279799451e-11
5.1929616350266246e-5;0.07196305778438622;1.8531960245629677e-5
1.0258211435840628e-11;1.851094001016704e-8;3.4410108469473754e-12
7.552336046224459e-6;0.07192789100430591;1.9481083562938762e-6
1.5651977193407713e-12;1.942126938063243e-8;3.7949472439980527e-13
1.098609591429145e-6;0.07193380705642587;2.0482592406165293e-7
2.2585339092980536e-13;1.926504157360017e-8;3.9579787255913635e-14
1.5980462279181246e-7;0.07193281176447315;2.1534920160921624e-8
3.289744659672028e-14;1.9291237012984618e-8;4.166979134809707e-15
2.3245452454717166e-8;0.07193297920876367;2.2641431177514694e-9
4.784225711164645e-15;1.928682752735507e-8;4.380087193559798e-16
3.3813195288451027e-9;0.07193295103859182;2.3804776237864504e-10
6.959476263570198e-16;1.928756929279987e-8;4.6053184859599686e-17
4.918520644099969e-10;0.07193295577783322;2.5027899119297008e-11
1.0123298344159615e-16;1.9287444499045166e-8;4.841914930165812e-18
7.154557385169459e-11;0.07193295498052173;2.631386712071499e-12
1.4725524795537206e-17;1.9287465493753215e-8;5.090704737999704e-19
1.0407131602728103e-11;0.07193295511465848;2.766591004864753e-13
2.1419975852626723e-18;1.9287461961760993e-8;5.35227121710585e-20
1.5138377159405027e-12;0.07193295509209184;2.908742279385585e-14
3.1157834412235773e-19;1.928746255598245e-8;5.627278492452757e-21
2.20205212926093e-13;0.07193295509588811;3.058197483476564e-15
4.532267529908334e-20;1.9287462455956066e-8;5.9164158190452055e-22
3.2031396290416824e-14;0.07193295509524987;3.215331902739652e-16
6.592707572251197e-21;1.9287462472713432e-8;6.220409457578542e-23
4.6593372367719806e-15;0.07193295509535705;3.380540105950757e-17
9.589856027429777e-22;1.928746247002526e-8;6.54002270370113e-24
6.777545158857283e-16;0.07193295509533915;3.5542369352904406e-18
1.3949555267525764e-22;1.928746247048415e-8;6.876058121827192e-25
9.858723686671607e-17;0.07193295509534209;3.7368585481198506e-19
2.0291242287572532e-23;1.9287462470321983e-8;7.229359504588867e-26
1.4340654389166095e-17;0.07193295509534162;3.928863512166265e-20
2.951595987686613e-24;1.9287462470321983e-8;7.60081400142968e-27
2.0860141215595786e-18;0.07193295509534169;4.13073395700184e-21
4.29343790343648e-25;1.9287462470321983e-8;7.991354344414328e-28
3.0343489196932153e-19;0.07193295509534169;4.342976784683508e-22
6.245302239048313e-26;1.9287462470321983e-8;8.401961190732665e-29
4.413811618667161e-20;0.07193295509534169;4.5661249425973226e-23
9.08451477214638e-27;1.9287462470321983e-8;8.833665585098198e-30
6.42039973670885e-21;0.07193295509534169;4.800738761703709e-24
1.3214477936606899e-27;1.9287462470321983e-8;9.287551548728797e-31
9.339214343628604e-22;0.07193295509534169;5.047407363543314e-25
1.9221987251588949e-28;1.9287462470321983e-8;9.764758801352765e-32
1.3584967935493042e-22;0.07193295509534169;5.306750139536857e-26
2.796060469984199e-29;1.9287462470321983e-8;1.0266485623075486e-32
1.976090782564388e-23;0.07193295509534169;5.5794183062935025e-27
4.067193495387423e-30;1.9287462470321983e-8;1.0793991863292411e-33
2.8744527035162335e-24;0.07193295509534169;5.866096540833248e-28
5.916203568020572e-31;1.9287462470321983e-8;1.1348602104204857e-34
4.181224070095347e-25;0.07193295509534169;6.167504699828764e-29
8.60580267399483e-32;1.9287462470321983e-8;1.193170898688071e-35
6.082074233804148e-26;0.07193295509534169;6.484399627184871e-30
1.2518135796418358e-32;1.9287462470321983e-8;1.2544776708213281e-36
8.847080750843487e-27;0.07193295509534169;6.817577054493855e-31
1.8209077032535355e-33;1.9287462470321983e-8;1.3189344697558906e-37
1.2869102678312748e-27;0.07193295509534169;7.16787359913834e-32
2.6487209578895586e-34;1.9287462470321983e-8;1.3867031482284682e-38
1.871959897383848e-28;0.07193295509534169;7.536168865060074e-33
3.8528711258829173e-35;1.9287462470321983e-8;1.457953875193395e-39
2.7229822816774543e-29;0.07193295509534169;7.923387651468587e-34
5.604446881596083e-36;1.9287462470321983e-8;1.5328655631213758e-40
3.960892814366195e-30;0.07193295509534169;8.330502275036884e-35
8.15231649914954e-37;1.9287462470321983e-8;1.6116263172535214e-41
5.761576927056977e-31;0.07193295509534169;8.758535011414271e-36
1.1858487680657372e-37;1.9287462470321983e-8;1.6944339079385322e-42
8.380880332331591e-32;0.07193295509534169;9.208560662187608e-37
1.7249542518003565e-38;1.9287462470321983e-8;1.7814962672393394e-43
1.2190960223929666e-32;0.07193295509534169;9.681709253737002e-38
2.5091455596462723e-39;1.9287462470321983e-8;1.8730320110560624e-44
1.7733162303737283e-33;0.07193295509534169;1.0179168874761936e-38
3.649842558387612e-40;1.9287462470321983e-8;1.969270988076351e-45
2.579493653612473e-34;0.07193295509534169;1.0702188659603407e-39
5.309118337038741e-41;1.9287462470321983e-8;2.0704548569314967e-46
3.752172001281892e-35;0.07193295509534169;1.1252081924853918e-40
7.72272695760694e-42;1.9287462470321983e-8;2.1768376930077605e-47
5.457968352621074e-36;0.07193295509534169;1.183022946712986e-41
1.1233599983196903e-42;1.9287462470321983e-8;2.2886866264363618e-48
7.939246529219808e-37;0.07193295509534169;1.2438083030289145e-42
1.6340571054137687e-43;1.9287462470321983e-8;2.4062825128644117e-49
1.1548552754333925e-37;0.07193295509534169;1.3077168950798088e-43
2.376925142204841e-44;1.9287462470321983e-8;2.529920638690832e-50
1.6798706304027427e-38;0.07193295509534169;1.3749091990403034e-44
3.4575126615387605e-45;1.9287462470321983e-8;2.659911462538435e-51
2.4435662155422082e-39;0.07193295509534169;1.4455539365730077e-45
5.029352246916755e-46;1.9287462470321983e-8;2.796581394823722e-52
3.554449813976262e-40;0.07193295509534169;1.5198284984930616e-46
7.315774806825822e-47;1.9287462470321983e-8;2.9402736173821964e-53
5.170358552069125e-41;0.07193295509534169;1.5979193902011974e-47
1.0641640990049587e-47;1.9287462470321983e-8;3.091348945206956e-54
7.520884793995636e-42;0.07193295509534169;1.6800227000037482e-48
1.5479498200989444e-48;1.9287462470321983e-8;3.250186732464887e-55
1.0939997200371732e-42;0.07193295509534169;1.7663445914956444e-49
2.251672131943593e-49;1.9287462470321983e-8;3.4171858250650362e-56
1.5913491832728496e-43;0.07193295509534169;1.8571018212426143e-50
3.2753176646561875e-50;1.9287462470321983e-8;3.592765562171085e-57
2.314801527569981e-44;0.07193295509534169;1.9525222830627725e-51
4.764328541539941e-51;1.9287462470321983e-8;3.7773668291735184e-58
3.367146675514737e-45;0.07193295509534169;2.0528455802739637e-52
6.930267160548704e-52;1.9287462470321983e-8;3.971453164764237e-59
4.897904463685067e-46;0.07193295509534169;2.158323627344168e-53
1.0080875510120855e-52;1.9287462470321983e-8;4.175511924894765e-60
7.124568795839188e-47;0.07193295509534169;2.269221282455354e-54
1.4663799922326293e-53;1.9287462470321983e-8;4.390055506539825e-61
1.0363509721962995e-47;0.07193295509534169;2.385817012569433e-55
2.1330193785860994e-54;1.9287462470321983e-8;4.615622634339954e-62
1.5074924088029586e-48;0.07193295509534169;2.5084035926662784e-56
3.1027235051786e-55;1.9287462470321983e-8;4.852779713353301e-63
2.192822145747079e-49;0.07193295509534169;2.637288840909358e-57
4.513270365114615e-56;1.9287462470321983e-8;5.1021222513137514e-64
3.1897135499985708e-50;0.07193295509534169;2.772796391585455e-58
6.565073992131037e-57;1.9287462470321983e-8;5.364276353966801e-65
4.639807451223207e-51;0.07193295509534169;2.9152665077588984e-59
9.549659788897003e-58;1.9287462470321983e-8;5.639900297237725e-66
6.749136825918438e-52;0.07193295509534169;3.065056935681168e-60
1.3891085187003951e-58;1.9287462470321983e-8;5.929686180179709e-67
9.817400479185768e-53;0.07193295509534169;3.2225438031013314e-61
2.020619078984888e-59;1.9287462470321983e-8;6.2343616628534465e-68
1.4280545002227173e-53;0.07193295509534169;3.3881225637327127e-62
2.939224263182512e-60;1.9287462470321983e-8;6.554691793500454e-69
2.0772705156828772e-54;0.07193295509534169;3.562208990247708e-63
4.2754417985704e-61;1.9287462470321983e-8;6.891480929599619e-70
3.02163033319277e-55;0.07193295509534169;3.7452402182941466e-64
6.219124822129249e-62;1.9287462470321983e-8;7.245574757630618e-71
4.395310962890732e-56;0.07193295509534169;3.937675844154396e-65
9.046436690158381e-63;1.9287462470321983e-8;7.617862416614723e-72
6.39348839210737e-57;0.07193295509534169;4.1399990788038734e-66
1.3159088960209115e-63;1.9287462470321983e-8;8.009278730766696e-73
9.300068678901339e-58;0.07193295509534169;4.352717961266734e-67
1.914141757616921e-64;1.9287462470321983e-8;8.420806556863322e-74
1.3528026036467535e-58;0.07193295509534169;4.5763666343152576e-68
2.784340678394916e-65;1.9287462470321983e-8;8.853479252222783e-75
1.9678079244567788e-59;0.07193295509534169;4.811506685716702e-69
4.050145702383314e-66;1.9287462470321983e-8;9.308383269492576e-76
2.86240432796065e-60;0.07193295509534169;5.0587285583949844e-70
5.8914055804372065e-67;1.9287462470321983e-8;9.78666088476071e-77
4.163698313690689e-61;0.07193295509534169;5.318653033048626e-71
8.569731131594177e-68;1.9287462470321983e-8;1.0289513065841448e-77
6.056580993147883e-62;0.07193295509534169;5.591932786947685e-72
1.2465665564034146e-68;1.9287462470321983e-8;1.0818202487937972e-78
8.809997882398182e-63;0.07193295509534169;5.879254032823574e-73
1.8132753008020999e-69;1.9287462470321983e-8;1.1374056704252457e-79
1.2815161355172486e-63;0.07193295509534169;6.1813382419676175e-74
2.637618745352333e-70;1.9287462470321983e-8;1.1958471479508172e-80
1.8641135077594574e-64;0.07193295509534169;6.49894395586459e-75
3.836721673072256e-71;1.9287462470321983e-8;1.257291429475143e-81
2.7115688000359815e-65;0.07193295509534169;6.832868690910571e-76
5.580955633774113e-72;1.9287462470321983e-8;1.3218928032235943e-82
3.944290584625374e-66;0.07193295509534169;7.183950940997916e-77
8.11814576093921e-73;1.9287462470321983e-8;1.3898134849641052e-83
5.737427062797704e-67;0.07193295509534169;7.553072282995565e-78
1.180878238791655e-73;1.9287462470321983e-8;1.461224025335241e-84
8.345751560302433e-68;0.07193295509534169;7.941159590412119e-79
1.717724041814134e-74;1.9287462470321983e-8;1.536303738103434e-85
1.2139861360142006e-68;0.07193295509534169;8.34918736079986e-80
2.498628382588794e-75;1.9287462470321983e-8;1.615241150424618e-86
1.765883309353243e-69;0.07193295509534169;8.778180162743996e-81
3.6345441073786854e-76;1.9287462470321983e-8;1.6982344762409154e-87
2.5686816098992792e-70;0.07193295509534169;9.229215208581746e-82
5.286864969809805e-77;1.9287462470321983e-8;1.7854921140011273e-88
3.7364446326022115e-71;0.07193295509534169;9.703425059310958e-83
7.6903568599586e-78;1.9287462470321983e-8;1.877233169954761e-89
5.435091075008437e-72;0.07193295509534169;1.0202000468481096e-83
1.118651393051182e-78;1.9287462470321983e-8;1.973688008333698e-90
7.905968881723601e-73;0.07193295509534169;1.0726193372207041e-84
1.6272078942017915e-79;1.9287462470321983e-8;2.0750988298028616e-91
1.1500146565379434e-73;0.07193295509534169;1.1277320032813771e-85
2.3669621719511824e-80;1.9287462470321983e-8;2.1817202796325584e-92
1.672829390094599e-74;0.07193295509534169;1.1856764344006564e-86
3.443020368455157e-81;1.9287462470321983e-8;2.2938200871194733e-93
2.4333239167478267e-75;0.07193295509534169;1.24659813058642e-87
5.008271529673458e-82;1.9287462470321983e-8;2.4116797378621804e-94
3.539551205208146e-76;0.07193295509534169;1.310650067838359e-88
7.285110464273016e-83;1.9287462470321983e-8;2.5355951805787936e-95
5.1486868016465485e-77;0.07193295509534169;1.3779930822747235e-89
1.0597036155529774e-83;1.9287462470321983e-8;2.6658775702422008e-96
7.489360725293024e-78;0.07193295509534169;1.4487962739961339e-90
1.5414615307801214e-84;1.9287462470321983e-8;2.802854049398455e-97
1.0894141794685166e-78;0.07193295509534169;1.5232374317004124e-91
2.2422341643470577e-85;1.9287462470321983e-8;2.946868569630374e-98
1.584678983907034e-79;0.07193295509534169;1.6015034791147203e-92
3.261589048687254e-86;1.9287462470321983e-8;3.0982827552291e-99
2.3050989507606295e-80;0.07193295509534169;1.683790944366061e-93
4.744358681027608e-87;1.9287462470321983e-8;3.257476811242439e-100
3.35303315482695e-81;0.07193295509534169;1.7703064534685763e-94
6.901218687652139e-88;1.9287462470321983e-8;3.424850478179678e-101
4.87737471472052e-82;0.07193295509534169;1.8612672491669648e-95
1.0038621144993897e-88;1.9287462470321983e-8;3.600824035770716e-102
7.094705900402294e-83;0.07193295509534169;1.95690173643885e-96
1.4602336058850902e-89;1.9287462470321983e-8;3.785839358299673e-103
1.032007068501138e-83;0.07193295509534169;2.0574500560257126e-97
2.1240787484240552e-90;1.9287462470321983e-8;3.980361024162972e-104
1.50117369823027e-84;0.07193295509534169;2.163164687432673e-98
3.0897183240567764e-91;1.9287462470321983e-8;4.184877482437926e-105
2.1836308500593228e-85;0.07193295509534169;2.2743110829112764e-99
4.494352824298557e-92;1.9287462470321983e-8;4.39990227939159e-106
3.176343746864238e-86;0.07193295509534169;2.3911683340171356e-100
6.537556240000229e-93;1.9287462470321983e-8;4.6259753480088776e-107
4.620359525498291e-87;0.07193295509534169;2.5140298724162248e-101
9.509632034248759e-94;1.9287462470321983e-8;4.86366436377877e-108
6.720847567564992e-88;0.07193295509534169;2.643204206699682e-102
1.383286018611853e-94;1.9287462470321983e-8;5.113566170142557e-109
9.77625047946306e-89;0.07193295509534169;2.7790156970569947e-103
2.0121495788645477e-95;1.9287462470321983e-8;5.376308277183507e-110
1.4220687566022138e-89;0.07193295509534169;2.921805369753126e-104
2.926904395222411e-96;1.9287462470321983e-8;5.652550437321535e-111
2.068563558955833e-90;0.07193295509534169;3.071931773454505e-105
4.2575211250480524e-97;1.9287462470321983e-8;5.942986301968966e-112
3.0089650571213085e-91;0.07193295509534169;3.229771879554282e-106
6.193057128828084e-98;1.9287462470321983e-8;6.248345163307682e-113
4.376887853302043e-92;0.07193295509534169;3.3957220287575055e-107
9.008518213869186e-99;1.9287462470321983e-8;6.569393785561234e-114
6.3666898474091494e-93;0.07193295509534169;3.570198926303208e-108
1.3103932148769055e-99;1.9287462470321983e-8;6.906938330360213e-115
9.261087094685799e-94;0.07193295509534169;3.7536406883223305e-109
1.9061185611544686e-100;1.9287462470321983e-8;7.261826381035479e-116
1.3471322811532508e-94;0.07193295509534169;3.946507941958922e-110
2.7726700107485427e-101;1.9287462470321983e-8;7.634949070922466e-117
1.9595597842574112e-95;0.07193295509534169;4.1492849820173124e-111
4.03316936583851e-102;1.9287462470321983e-8;8.027243321020825e-118
2.8504064536199333e-96;0.07193295509534169;4.362480987039047e-112
5.866711534542354e-103;1.9287462470321983e-8;8.439694192627917e-119
4.1462460171466874e-97;0.07193295509534169;4.5866312978638967e-113
8.533810784406876e-104;1.9287462470321983e-8;8.873337360853628e-120
6.031194608359277e-98;0.07193295509534169;4.822298761884821e-114
1.2413415262583131e-104;1.9287462470321983e-8;9.32926171522863e-121
8.773070448177065e-99;0.07193295509534169;5.070075146372938e-115
1.805674889849797e-105;1.9287462470321983e-8;9.808612093934563e-122
1.2761446129097134e-99;0.07193295509534169;5.330582624420656e-116
2.626563068152454e-106;1.9287462470321983e-8;1.0312592158523399e-122
1.8563000065694058e-100;0.07193295509534169;5.6044753372350216e-117
3.8206399112945007e-107;1.9287462470321983e-8;1.0842467416343468e-123
2.700203158427892e-101;0.07193295509534169;5.892441036703655e-118
5.557562850392305e-108;1.9287462470321983e-8;1.139956839826225e-124
3.927757943748848e-102;0.07193295509534169;6.195202812357964e-119
8.084118250650788e-109;1.9287462470321983e-8;1.198529399966445e-125
5.713378423593927e-103;0.07193295509534169;6.513520907070264e-120
1.1759285436761508e-109;1.9287462470321983e-8;1.2601114993115976e-126
8.310770031829602e-104;0.07193295509534169;6.848194626043848e-121
1.7105241375223422e-110;1.9287462470321983e-8;1.3248577721512643e-127
1.208897667914498e-104;0.07193295509534169;7.200064343889544e-122
2.4881552886706465e-111;1.9287462470321983e-8;1.392930798098807e-128
1.758481543698052e-105;0.07193295509534169;7.570013614828834e-123
3.619309780396941e-112;1.9287462470321983e-8;1.4645015103331932e-129
2.5579148852699768e-106;0.07193295509534169;7.9589713913219e-124
5.264704878398333e-113;1.9287462470321983e-8;1.5397496248166398e-130
3.720783185774091e-107;0.07193295509534169;8.367914356692096e-125
7.65812244278011e-114;1.9287462470321983e-8;1.6188640915662897e-131
5.412309688356933e-108;0.07193295509534169;8.797869377603453e-126
1.113962524077023e-114;1.9287462470321983e-8;1.7020435691126215e-132
7.872830718726214e-109;0.07193295509534169;9.249916082550752e-127
1.6203873917136733e-115;1.9287462470321983e-8;1.789496923336393e-133
1.1451943272768572e-109;0.07193295509534169;9.725189572834618e-128
2.3570409618583605e-116;1.9287462470321983e-8;1.8814437519363717e-134
1.6658176634074515e-110;0.07193295509534169;1.0224883272831944e-128
3.428588820357757e-117;1.9287462470321983e-8;1.9781149358450012e-135
2.4231245489303024e-111;0.07193295509534169;1.0750251926715361e-129
4.98727917304163e-118;1.9287462470321983e-8;2.079753218976601e-136
3.5247150445135487e-112;0.07193295509534169;1.1302614749150027e-130
7.254574652454056e-119;1.9287462470321983e-8;2.186613817763748e-137
5.127105889172959e-113;0.07193295509534169;1.1883358737876273e-131
1.0552618283835013e-119;1.9287462470321983e-8;2.2989650620125522e-138
7.457968790898402e-114;0.07193295509534169;1.2493942156497875e-132
1.5350004373676108e-120;1.9287462470321983e-8;2.4170890686859573e-139
1.084847859363923e-114;0.07193295509534169;1.31358981962209e-133
2.232835756343164e-121;1.9287462470321983e-8;2.5412824503068607e-140
1.5780367429302606e-115;0.07193295509534169;1.3810838825737407e-134
3.24791797672341e-122;1.9287462470321983e-8;2.671857059760128e-141
2.295437042663319e-116;0.07193295509534169;1.4520458838922097e-135
4.7244725249293626e-123;1.9287462470321983e-8;2.8091407733634893e-142
3.338978791486712e-117;0.07193295509534169;1.526654011050438e-136
6.872291972511552e-124;1.9287462470321983e-8;2.95347831417361e-143
4.856931016963366e-118;0.07193295509534169;1.6050956070403288e-137
9.996543890612064e-125;1.9287462470321983e-8;3.105232117594916e-144
7.064968176403753e-119;0.07193295509534169;1.687567640796021e-138
1.4541129823448396e-125;1.9287462470321983e-8;3.264783241464575e-145
1.0276813724400924e-119;0.07193295509534169;1.774277201788082e-139
2.1151755932462928e-126;1.9287462470321983e-8;3.43253232289879e-146
1.4948814727683023e-120;0.07193295509534169;1.8654420200306776e-140
3.0767676546359675e-127;1.9287462470321983e-8;3.608900584303236e-147
2.174478080029785e-121;0.07193295509534169;1.9612910128074543e-141
4.47551457705944e-128;1.9287462470321983e-8;3.794330891073809e-148
3.1630299837577015e-122;0.07193295509534169;2.0620648594889426e-142
6.510153829552403e-129;1.9287462470321983e-8;3.989288863643379e-149
4.600993116478404e-123;0.07193295509534169;2.168016605884777e-143
9.469772057424978e-130;1.9287462470321983e-8;4.1942640466670946e-150
6.692676884691678e-124;0.07193295509534169;2.2794122996485413e-144
1.3774879237493126e-130;1.9287462470321983e-8;4.4097711382819234e-151
9.73527296149699e-125;0.07193295509534169;2.396531658330474e-145
2.003715578969436e-131;1.9287462470321983e-8;4.6363512825275615e-152
1.4161081024490654e-125;0.07193295509534169;2.519668771755683e-146
2.91463616644778e-132;1.9287462470321983e-8;4.874573428173423e-153
2.0598930977622242e-126;0.07193295509534169;2.649132840491481e-147
4.2396755666962865e-133;1.9287462470321983e-8;5.1250357573640236e-154
2.9963528680262635e-127;0.07193295509534169;2.785248952258308e-148
6.167098699234377e-134;1.9287462470321983e-8;5.38836718767043e-155
4.358541964863424e-128;0.07193295509534169;2.9283588982335626e-149
8.970758674285783e-135;1.9287462470321983e-8;5.665228951318945e-156
6.340003629809188e-129;0.07193295509534169;3.078822031298402e-150
1.3049006529158501e-135;1.9287462470321983e-8;5.956316255562711e-157
9.22226890323232e-130;0.07193295509534169;3.2370161683823665e-151
1.8981289942188168e-136;1.9287462470321983e-8;6.2623600283658735e-158
1.3414857260276828e-130;0.07193295509534169;3.403338539171754e-152
2.761048261140335e-137;1.9287462470321983e-8;6.584128753782817e-159
1.9513462164449234e-131;0.07193295509534169;3.578206783563849e-153
4.016264186240667e-138;1.9287462470321983e-8;6.922430401642305e-160
2.83845886881644e-132;0.07193295509534169;3.7620600003719624e-154
5.842120994660718e-139;1.9287462470321983e-8;7.278114456381177e-161
4.128866872553793e-133;0.07193295509534169;3.955359849914097e-155
8.498040998692956e-140;1.9287462470321983e-8;7.652074050122347e-162
6.005914631548122e-134;0.07193295509534169;4.1585917132543483e-156
1.2361383970216868e-140;1.9287462470321983e-8;8.045248205353168e-163
8.736297796672072e-135;0.07193295509534169;4.372265911007598e-157
1.7981063363031178e-141;1.9287462470321983e-8;8.45862419283608e-164
1.270795605239293e-135;0.07193295509534169;4.596918984768357e-158
2.6155537312353957e-142;1.9287462470321983e-8;8.893240010671734e-165
1.84851925596065e-136;0.07193295509534169;4.833115044380683e-159
3.804625556820333e-143;1.9287462470321983e-8;9.350186990739791e-166
2.688885156329981e-137;0.07193295509534169;5.081447184433265e-160
5.534268118733442e-144;1.9287462470321983e-8;9.830612539062305e-167
3.911294600052369e-138;0.07193295509534169;5.3425389735355496e-161
8.05023336793921e-145;1.9287462470321983e-8;1.0335723016970615e-167
5.689430585157142e-139;0.07193295509534169;5.617046020115176e-162
1.1709995953920957e-145;1.9287462470321983e-8;1.0866786770311115e-168
8.275935129736366e-140;0.07193295509534169;5.905657618668105e-163
1.7033544118975793e-146;1.9287462470321983e-8;1.1425137314294929e-169
1.2038305283183791e-140;0.07193295509534169;6.209098480595627e-164
2.4777260931157588e-147;1.9287462470321983e-8;1.2012176681990594e-170
1.7511108028192974e-141;0.07193295509534169;6.528130553973641e-165
3.6041393086641844e-148;1.9287462470321983e-8;1.2629378944865783e-171
2.5471932897679972e-142;0.07193295509534169;6.863554936824963e-166
5.242637671835447e-149;1.9287462470321983e-8;1.3278293914220792e-172
3.7051873844836666e-143;0.07193295509534169;7.216213888697418e-167
7.626023137361828e-150;1.9287462470321983e-8;1.3960551032805112e-173
5.389623790736077e-144;0.07193295509534169;7.5869929456000255e-168
1.1092933086718081e-150;1.9287462470321983e-8;1.4677863466391833e-174
7.839831455573277e-145;0.07193295509534169;7.976823143607708e-169
1.6135954776157826e-151;1.9287462470321983e-8;1.5432032405582905e-175
1.1403942026054122e-145;0.07193295509534169;8.386683356717306e-170
2.347161336887181e-152;1.9287462470321983e-8;1.6224951588645782e-176
1.658835326633871e-146;0.07193295509534169;8.81760275482644e-171
3.41421776263171e-153;1.9287462470321983e-8;1.7058612056741205e-177
2.4129679321428546e-147;0.07193295509534169;9.270663388006605e-172
4.966374806654477e-154;1.9287462470321983e-8;1.7935107153480678e-178
3.5099410701390675e-148;0.07193295509534169;9.747002903559324e-173
7.224166832627642e-155;1.9287462470321983e-8;1.8856637781367343e-179
5.105615433897806e-149;0.07193295509534169;1.0247817402679049e-173
1.050838659130385e-155;1.9287462470321983e-8;1.9825517928320928e-180
7.426708436966021e-150;0.07193295509534169;1.0774364443895117e-174
1.528566425868794e-156;1.9287462470321983e-8;2.0844180478163391e-181
1.0803006791601221e-150;0.07193295509534169;1.1327966200834428e-175
2.223476742116473e-157;1.9287462470321983e-8;2.191518331965437e-182
1.571422343153952e-151;0.07193295509534169;1.1910012782234771e-176
3.234304207566926e-158;1.9287462470321983e-8;2.3041215769418216e-183
2.2858156328136607e-152;0.07193295509534169;1.2521965722544922e-177
4.704669722395053e-159;1.9287462470321983e-8;2.42251053248894e-184
3.32498333753388e-153;0.07193295509534169;1.3165361651876222e-178
6.843486504774859e-160;1.9287462470321983e-8;2.5469824764233755e-185
4.836573009726745e-154;0.07193295509534169;1.3841816154522125e-179
9.954643004609045e-161;1.9287462470321983e-8;2.677849961107409e-186
7.035355099182838e-155;0.07193295509534169;1.455302782573266e-180
1.4480180136260945e-161;1.9287462470321983e-8;2.8154415982762163e-187
1.0233738076951929e-155;0.07193295509534169;1.530078253693306e-181
2.1063097559750524e-162;1.9287462470321983e-8;2.960102884190753e-188
1.4886156214036714e-156;0.07193295509534169;1.6086957920093683e-182
3.0638712684283396e-163;1.9287462470321983e-8;3.112197067188018e-189
2.1653636741766608e-157;0.07193295509534169;1.6913528082514574e-183
4.456755291035085e-164;1.9287462470321983e-8;3.272106059807341e-190
3.1497720257850416e-158;0.07193295509534169;1.778256856386084e-184
6.4828662773284e-165;1.9287462470321983e-8;3.440231397782827e-191
4.581707882483149e-159;0.07193295509534169;1.869626154789806e-185
9.43007915517848e-166;1.9287462470321983e-8;3.616995248310407e-192
6.664624280284673e-160;0.07193295509534169;1.9656901342014e-186
1.3717141318173037e-166;1.9287462470321983e-8;3.802841470120776e-193
9.694467202323457e-161;0.07193295509534169;2.066690013828524e-187
1.995316930498964e-167;1.9287462470321983e-8;3.998236728020508e-194
1.410172432599776e-161;0.07193295509534169;2.1728794070555804e-188
2.902419360410939e-168;1.9287462470321983e-8;4.203671664699817e-195
2.0512589791296155e-162;0.07193295509534169;2.2845249582736715e-189
4.221904808666953e-169;1.9287462470321983e-8;4.419662132749414e-196
2.9837935433914976e-163;0.07193295509534169;2.4019070124317194e-190
6.141249075365025e-170;1.9287462470321983e-8;4.646750489980042e-197
4.340272973899437e-164;0.07193295509534169;2.5253203189902072e-191
8.933157405218751e-171;1.9287462470321983e-8;4.885506961297415e-198
6.313429268484073e-165;0.07193295509534169;2.6550747720447106e-192
1.2994311132327894e-171;1.9287462470321983e-8;5.136531070552033e-199
9.183613419674086e-166;0.07193295509534169;2.79149618847842e-193
1.8901729158505418e-172;1.9287462470321983e-8;5.400453145959652e-200
1.3358628386482033e-166;0.07193295509534169;2.9349271260968876e-194
2.74947522452841e-173;1.9287462470321983e-8;5.677935902872132e-201
1.9431670761077804e-167;0.07193295509534169;3.085727743799838e-195
3.9994298653326374e-174;1.9287462470321983e-8;5.96967610787326e-202
2.8265613627595217e-168;0.07193295509534169;3.244276705949694e-196
5.817633526942651e-175;1.9287462470321983e-8;6.276406328378244e-203
4.1115605732925965e-169;0.07193295509534169;3.410972133207934e-197
8.462421143367778e-176;1.9287462470321983e-8;6.598896772130011e-204
5.980740616701171e-170;0.07193295509534169;3.5862326022265674e-198
1.2309570768950146e-176;1.9287462470321983e-8;6.937957221211254e-205
8.699679279105098e-171;0.07193295509534169;3.7704981967053876e-199
1.7905695066304551e-177;1.9287462470321983e-8;7.294439065428894e-206
1.2654690181336851e-171;0.07193295509534169;3.964231612453672e-200
2.604590540363967e-178;1.9287462470321983e-8;7.669237440176342e-207
1.840771118657808e-172;0.07193295509534169;4.167919319231779e-201
3.788678327109242e-179;1.9287462470321983e-8;8.06329347414235e-208
2.677614594059345e-173;0.07193295509534169;4.382072782289683e-202
5.511071027809788e-180;1.9287462470321983e-8;8.477596652510495e-209
3.8949002630741056e-174;0.07193295509534169;4.607229746669665e-203
8.016490514975406e-181;1.9287462470321983e-8;8.913187301582301e-210
5.665583124977037e-175;0.07193295509534169;4.843955587498722e-204
1.1660913069783245e-181;1.9287462470321983e-8;9.371159201064615e-211
8.241246239432537e-176;0.07193295509534169;5.092844729660083e-205
1.6962147384447918e-182;1.9287462470321983e-8;9.852662330579278e-212
1.1987846278265837e-176;0.07193295509534169;5.354522140410383e-206
2.4673406119224363e-183;1.9287462470321983e-8;1.035890575729281e-212
1.7437709566754348e-177;0.07193295509534169;5.62964489868884e-207
3.5890324245286703e-184;1.9287462470321983e-8;1.0891160671916121e-213
2.536516634232844e-178;0.07193295509534169;5.918903845059859e-208
5.220662960790728e-185;1.9287462470321983e-8;1.1450763580698096e-214
3.68965695357516e-179;0.07193295509534169;6.223025316432268e-209
7.594058377377695e-186;1.9287462470321983e-8;1.2039119661428547e-215
5.3670329818999605e-180;0.07193295509534169;6.542772969910504e-210
1.1046436644568488e-186;1.9287462470321983e-8;1.2657706291876618e-216
7.806970510060762e-181;0.07193295509534169;6.878949700357916e-211
1.6068320320787723e-187;1.9287462470321983e-8;1.3308076759526435e-217
1.1356141978352871e-181;0.07193295509534169;7.232399656487156e-212
2.3373231227319813e-188;1.9287462470321983e-8;1.3991864161922244e-218
1.6518822565848877e-182;0.07193295509534169;7.604010360540073e-213
3.3999069417293007e-189;1.9287462470321983e-8;1.4710785507420754e-219
2.4028538871929e-183;0.07193295509534169;7.994714936879585e-214
4.94555806169746e-190;1.9287462470321983e-8;1.5466646026644146e-220
3.495229021428335e-184;0.07193295509534169;8.405494455089907e-215
7.193886468310289e-191;1.9287462470321983e-8;1.6261343705462715e-221
5.084215056666167e-185;0.07193295509534169;8.83738039346822e-216
1.0464340297559e-191;1.9287462470321983e-8;1.7096874050887338e-222
7.395579111971175e-186;0.07193295509534169;9.291457229094154e-217
1.522159382768752e-192;1.9287462470321983e-8;1.7975335101840887e-223
1.0757725586314747e-186;0.07193295509534169;9.768865160980765e-218
2.214156956546436e-193;1.9287462470321983e-8;1.889893269739003e-224
1.564835667880594e-187;0.07193295509534169;1.0270802973144425e-218
3.220747501030768e-194;1.9287462470321983e-8;1.9869986015665514e-225
2.276234551461667e-188;0.07193295509534169;1.0798531044783185e-219
4.684949924045e-195;1.9287462470321983e-8;2.089093339737985e-226
3.31104654604747e-189;0.07193295509534169;1.1353374515122885e-220
6.814801776228865e-196;1.9287462470321983e-8;2.196433846856657e-227
4.816300333835562e-190;0.07193295509534169;1.193672661087676e-221
9.912917747730039e-197;1.9287462470321983e-8;2.3092896577912746e-228
7.005866146277928e-191;0.07193295509534169;1.255005214467471e-222
1.441948592195727e-197;1.9287462470321983e-8;2.4279441564851117e-229
1.0190842982683238e-191;0.07193295509534169;1.3194891193246866e-223
2.0974810801908746e-198;1.9287462470321983e-8;2.5526952875406543e-230
1.4823760335883619e-192;0.07193295509534169;1.387286296459748e-224
3.0510289379037433e-199;1.9287462470321983e-8;2.6838563043664776e-231
2.156287471695076e-193;0.07193295509534169;1.4585669863878734e-225
4.438074635256711e-200;1.9287462470321983e-8;2.8217565557647486e-232
3.1365696390368946e-194;0.07193295509534169;1.5335101768175932e-226
6.455693101895684e-201;1.9287462470321983e-8;2.966742312935e-233
4.562503483264277e-195;0.07193295509534169;1.6123040520936103e-227
9.390552627209741e-202;1.9287462470321983e-8;3.1191776389701954e-234
6.636689259413517e-196;0.07193295509534169;1.6951464657326943e-228
1.3659645409491631e-202;1.9287462470321983e-8;3.279445303028862e-235
9.653832482008776e-197;0.07193295509534169;1.7822454372391483e-229
1.9869534852762557e-203;1.9287462470321983e-8;3.4479477414786477e-236
1.4042616423316453e-197;0.07193295509534169;1.8738196744473292e-230
2.8902537615714114e-204;1.9287462470321983e-8;3.6251080684247946e-237
2.0426610507267087e-198;0.07193295509534169;1.9700991227027972e-231
4.204208537431514e-205;1.9287462470321983e-8;3.811371138160849e-238
2.971286861633517e-199;0.07193295509534169;2.071325542261194e-232
6.115507801156494e-206;1.9287462470321983e-8;4.007204662209608e-239
4.3220805580911683e-200;0.07193295509534169;2.177753115354732e-233
8.895713743270816e-207;1.9287462470321983e-8;4.2131003837592433e-240
6.286966294583825e-201;0.07193295509534169;2.2896490844504682e-234
1.2939844993289449e-207;1.9287462470321983e-8;4.429575312443551e-241
9.145119962014201e-202;0.07193295509534169;2.407294423303352e-235
1.8822501856809284e-208;1.9287462470321983e-8;4.657173022566777e-242
1.3302635198104958e-202;0.07193295509534169;2.530984542488611e-236
2.7379506967302704e-209;1.9287462470321983e-8;4.896465018033323e-243
1.9350222189418505e-203;0.07193295509534169;2.661030031185788e-237
3.9826661061074094e-210;1.9287462470321983e-8;5.148052167409043e-244
2.8147137255421878e-204;0.07193295509534169;2.7977574370763045e-238
5.793248699357196e-211;1.9287462470321983e-8;5.412566212718492e-245
4.094326814029044e-205;0.07193295509534169;2.94151008631334e-239
8.426950589992255e-212;1.9287462470321983e-8;5.690671355765602e-246
5.955672119674653e-206;0.07193295509534169;3.0926489456230814e-240
1.2257974744645452e-212;1.9287462470321983e-8;5.983065925962346e-247
8.663214249417789e-207;0.07193295509534169;3.2515535287016155e-241
1.7830642678599523e-213;1.9287462470321983e-8;6.290484133852377e-248
1.2601647576162333e-207;0.07193295509534169;3.418622849184037e-242
2.593673302115211e-214;1.9287462470321983e-8;6.6136979147332295e-249
1.8330554579608898e-208;0.07193295509534169;3.5942764225782034e-243
3.772797940805156e-215;1.9287462470321983e-8;6.953518867006352e-250
2.666391272769947e-209;0.07193295509534169;3.7789553196793876e-244
5.487971168356185e-216;1.9287462470321983e-8;7.31080029012239e-251
3.878574643569519e-210;0.07193295509534169;3.973123274110768e-245
7.982889096435793e-217;1.9287462470321983e-8;7.68643932723856e-252
5.641835622313898e-211;0.07193295509534169;4.1772678467709735e-246
1.161203591838141e-217;1.9287462470321983e-8;8.081379217969442e-253
8.206702748903645e-212;0.07193295509534169;4.3919016501122784e-247
1.6891049911990293e-218;1.9287462470321983e-8;8.496611666886265e-254
1.1937598774145136e-212;0.07193295509534169;4.617563635324264e-248
2.4569986618600987e-219;1.9287462470321983e-8;8.933179333713648e-255
1.7364618757698948e-213;0.07193295509534169;4.854820445654548e-249
3.5739888614603314e-220;1.9287462470321983e-8;9.392178451476032e-256
2.5258847302967796e-214;0.07193295509534169;5.1042678392650285e-250
5.198780357565258e-221;1.9287462470321983e-8;9.87476157916765e-257
3.6741916190459226e-215;0.07193295509534169;5.366532185196536e-251
7.562227598874801e-222;1.9287462470321983e-8;1.0382140495859198e-257
5.344536863280006e-216;0.07193295509534169;5.642272036198088e-252
1.1000135093987008e-222;1.9287462470321983e-8;1.0915589243507167e-258
7.774247302424642e-217;0.07193295509534169;5.932179782370426e-253
1.6000969357754922e-223;1.9287462470321983e-8;1.1476447326106862e-259
1.1308542286331e-217;0.07193295509534169;6.236983389775874e-254
2.3275261458176713e-224;1.9287462470321983e-8;1.2066123073222856e-260
1.6449583305878573e-218;0.07193295509534169;6.557448228380548e-255
3.385656105165437e-225;1.9287462470321983e-8;1.2686097176341956e-261
2.3927822356388956e-219;0.07193295509534169;6.894378993918864e-256
4.924828570901928e-226;1.9287462470321983e-8;1.3337926406928773e-262
3.4805786388175414e-220;0.07193295509534169;7.248621728505508e-257
7.16373302526745e-227;1.9287462470321983e-8;1.4023247525520255e-263
5.062904379912493e-221;0.07193295509534169;7.621065945070224e-258
1.0420478625494311e-227;1.9287462470321983e-8;1.4743781391675293e-264
7.364580266701073e-222;0.07193295509534169;8.012646860947944e-259
1.5157791950284135e-228;1.9287462470321983e-8;1.5501337285098233e-265
1.0712634178886151e-222;0.07193295509534169;8.42434774623481e-260
2.2048762352045952e-229;1.9287462470321983e-8;1.629781744878921e-266
1.5582766009018821e-223;0.07193295509534169;8.857202392805244e-261
3.207247617934806e-230;1.9287462470321983e-8;1.7135221865625861e-267
2.266693629568894e-224;0.07193295509534169;9.312297710190941e-262
4.6653127819639056e-231;1.9287462470321983e-8;1.8015653280374312e-268
3.297168171141457e-225;0.07193295509534169;9.790776454839702e-263
6.786237280790524e-232;1.9287462470321983e-8;1.8941322479737162e-269
4.796112631620148e-226;0.07193295509534169;1.0293840099607173e-263
9.871367383818734e-233;1.9287462470321983e-8;1.991455384369732e-270
6.97650079741705e-227;0.07193295509534169;1.0822751850687185e-264
1.4359046109712396e-233;1.9287462470321983e-8;2.0937791182098254e-271
1.0148127684799444e-227;0.07193295509534169;1.1378839819556047e-265
2.0886894101299926e-234;1.9287462470321983e-8;2.201360387111544e-272
1.4761625992377246e-228;0.07193295509534169;1.196350035789589e-266
3.0382404364857436e-235;1.9287462470321983e-8;2.31446933050283e-273
2.1472493124541806e-229;0.07193295509534169;1.2578201563870775e-267
4.419472280142678e-236;1.9287462470321983e-8;2.433389967949286e-274
3.1234225905844277e-230;0.07193295509534169;1.3224486968560285e-268
6.428633823839661e-237;1.9287462470321983e-8;2.5584209123349127e-275
4.543379579999922e-231;0.07193295509534169;1.3903979411807305e-269
9.351191776154949e-238;1.9287462470321983e-8;2.6898761196869698e-276
6.608871329222802e-232;0.07193295509534169;1.461838511721159e-270
1.3602390497052797e-238;1.9287462470321983e-8;2.8280856775279056e-277
9.613368083637822e-233;0.07193295509534169;1.5369497976503143e-271
1.978625095745712e-239;1.9287462470321983e-8;2.973396633733889e-278
1.3983756273610834e-233;0.07193295509534169;1.6159204054051742e-272
2.878139155292575e-240;1.9287462470321983e-8;3.126173867981348e-279
2.0340991608609449e-234;0.07193295509534169;1.6989486322824805e-273
4.186586440776051e-241;1.9287462470321983e-8;3.2868010079694516e-280
2.958832602097985e-235;0.07193295509534169;1.7862429643684944e-274
6.0898744224576384e-242;1.9287462470321983e-8;3.455681392719457e-281
4.303964396471456e-236;0.07193295509534169;1.8780226000531923e-275
8.858427027826807e-243;1.9287462470321983e-8;3.633239085369795e-282
6.260614241224415e-237;0.07193295509534169;1.974518000443171e-276
1.2885607151101716e-243;1.9287462470321983e-8;3.819919938009882e-283
9.106787851116005e-238;0.07193295509534169;2.0759714680556316e-277
1.8743606639299398e-244;1.9287462470321983e-8;4.016192711226463e-284
1.3246876707262874e-238;0.07193295509534169;2.182637755246483e-278
2.7264744744197207e-245;1.9287462470321983e-8;4.222550251174145e-285
1.9269115012481716e-239;0.07193295509534169;2.294784703900248e-279
3.965972612803483e-246;1.9287462470321983e-8;4.439510727124913e-286
2.802915748137628e-240;0.07193295509534169;2.4126939179881797e-280
5.768966081685011e-247;1.9287462470321983e-8;4.6676189326051794e-287
4.0771652907094455e-241;0.07193295509534169;2.5366614706833055e-281
8.39162871276261e-248;1.9287462470321983e-8;4.907447653386695e-288
5.930708698187264e-242;0.07193295509534169;2.6669986478080315e-282
1.2206594986998744e-248;1.9287462470321983e-8;5.15959910576693e-289
8.626902064260915e-243;0.07193295509534169;2.804032729481207e-283
1.7755904875773636e-249;1.9287462470321983e-8;5.424706448750256e-290
1.2548827301043618e-243;0.07193295509534169;2.948107811927082e-284
2.58280182387732e-250;1.9287462470321983e-8;5.703435373926902e-291
1.8253721377432495e-244;0.07193295509534169;3.0995856715101844e-285
3.756984117731906e-251;1.9287462470321983e-8;5.996485777042328e-292
2.6552149944499293e-245;0.07193295509534169;3.2588466731652925e-286
5.464968132824156e-252;1.9287462470321983e-8;6.304593515454023e-293
3.8623174535073625e-246;0.07193295509534169;3.426290725504016e-287
7.949428519493958e-253;1.9287462470321983e-8;6.62853225588909e-294
5.618187658192954e-247;0.07193295509534169;3.6023382849958866e-288
1.156336363738074e-253;1.9287462470321983e-8;6.969115417141605e-295
8.172304048702336e-248;0.07193295509534169;3.7874314117457986e-289
1.6820250447237476e-254;1.9287462470321983e-8;7.327198212589358e-296
1.1887561884310103e-248;0.07193295509534169;3.982034879518541e-290
2.446700060466798e-255;1.9287462470321983e-8;7.703679797656765e-297
1.729183431149274e-249;0.07193295509534169;4.18663734279832e-291
3.559008354047066e-256;1.9287462470321983e-8;8.099505527618681e-298
2.5152973903821954e-250;0.07193295509534169;4.401752563812951e-292
5.1769894760865174e-257;1.9287462470321983e-8;8.515669331412218e-299
3.658791108042543e-251;0.07193295509534169;4.6279207026046384e-293
7.530530240265988e-258;1.9287462470321983e-8;8.953216207418889e-300
5.322135037979383e-252;0.07193295509534169;4.865709673386089e-294
1.0954027618079786e-258;1.9287462470321983e-8;9.413244847483479e-301
7.741661255332435e-253;0.07193295509534169;5.115716570588232e-295
1.5933900698792943e-259;1.9287462470321983e-8;9.896910395758098e-302
1.1261142110191536e-253;0.07193295509534169;5.378569168180226e-296
2.317770233297066e-260;1.9287462470321983e-8;1.0405427349300161e-302
1.6380634264846015e-254;0.07193295509534169;5.654927496026811e-297
3.3714650015139696e-261;1.9287462470321983e-8;1.094007260770716e-303
2.382752799787584e-255;0.07193295509534169;5.945485497240381e-298
4.904185968539349e-262;1.9287462470321983e-8;1.1502188679444677e-304
3.465989663831201e-256;0.07193295509534169;6.250972770691027e-299
7.133705971504361e-263;1.9287462470321983e-8;1.2093187052921398e-305
5.041683027654277e-257;0.07193295509534169;6.572156403048617e-300
1.0376800801261968e-263;1.9287462470321983e-8;1.2714551740774144e-306
7.333711354245657e-258;0.07193295509534169;6.909842894957559e-301
1.5094257500826609e-264;1.9287462470321983e-8;1.336784300626283e-307
1.0667731773771532e-258;0.07193295509534169;7.264880186181763e-302
2.1956344143519983e-265;1.9287462470321983e-8;1.405470128113291e-308
1.5517450264967447e-259;0.07193295509534169;7.63815978480372e-303
3.193804320101729e-266;1.9287462470321983e-8;1.47768512847836e-309
2.257192698805613e-260;0.07193295509534169;8.030619005824969e-304
4.645757949695338e-267;1.9287462470321983e-8;1.55361063550834e-310
3.2833479679608345e-261;0.07193295509534169;8.443243324789257e-305
6.757792514498863e-268;1.9287462470321983e-8;1.633437300171e-311
4.776009546910577e-262;0.07193295509534169;8.877068852337468e-306
9.829991179805518e-269;1.9287462470321983e-8;1.717365569346e-312
6.947258534509737e-263;0.07193295509534169;9.33318493590933e-307
1.4298859633192015e-269;1.9287462470321983e-8;1.80560618915e-313
1.010559142967763e-263;0.07193295509534169;9.812736895123657e-308
2.079934590681612e-270;1.9287462470321983e-8;1.898380734e-314
1.4699752087285943e-264;0.07193295509534169;1.0316928897706466e-308
3.0255055385477357e-271;1.9287462470321983e-8;1.99592216e-315
2.1382490369943635e-265;0.07193295509534169;1.084702698318785e-309
4.400947897492943e-272;1.9287462470321983e-8;2.0984754e-316
3.110330648475233e-266;0.07193295509534169;1.1404362241962e-310
6.401687965755408e-273;1.9287462470321983e-8;2.206298e-317
4.5243358352883225e-267;0.07193295509534169;1.199033415769e-311
9.311995907573303e-274;1.9287462470321983e-8;2.319663e-318
6.581169998922422e-268;0.07193295509534169;1.260641412147e-312
1.3545375570711658e-274;1.9287462470321983e-8;2.43886e-319
9.573073293299426e-269;0.07193295509534169;1.3254149126e-313
1.9703316149700156e-275;1.9287462470321983e-8;2.564e-320
1.3925142838414644e-269;0.07193295509534169;1.393516565e-314
2.866075327837083e-276;1.9287462470321983e-8;2.7e-321
2.0255731584753998e-270;0.07193295509534169;1.465117375e-315
4.16903820779501e-277;1.9287462470321983e-8;2.8e-322
2.946430545055085e-271;0.07193295509534169;1.54039713e-316
6.064348487020185e-278;1.9287462470321983e-8;3.0e-323
4.2859241694177823e-272;0.07193295509534169;1.6195447e-317
8.821296601039e-279;1.9287462470321983e-8;5.0e-324
6.234372643478015e-273;0.07193295509534169;1.702763e-318
1.2831596648849285e-279;1.9287462470321983e-8;0.0
9.068616410688099e-274;0.07193295509534169;1.79025e-319
1.866504211403185e-280;1.9287462470321983e-8;0.0
1.3191351930211564e-274;0.07193295509534169;1.8824e-320
2.7150463551223275e-281;1.9287462470321983e-8;0.0
1.918834779929704e-275;0.07193295509534169;1.98e-321
3.94934909089834e-282;1.9287462470321983e-8;0.0
2.791167222394643e-276;0.07193295509534169;2.08e-322
5.744785245508911e-283;1.9287462470321983e-8;0.0
4.0600757005538734e-277;0.07193295509534169;2.0e-323
8.356454888496628e-284;1.9287462470321983e-8;0.0
5.905849911810587e-278;0.07193295509534169;0.0
1.2155430589519302e-284;1.9287462470321983e-8;0.0
8.590742082980103e-279;0.07193295509534169;0.0
1.7681480339230886e-285;1.9287462470321983e-8;0.0
1.2496228424074549e-279;0.07193295509534169;0.0
2.5719759138452128e-286;1.9287462470321983e-8;0.0
1.8177210224483746e-280;0.07193295509534169;0.0
3.741236578886833e-287;1.9287462470321983e-8;0.0
2.6440855619166366e-281;0.07193295509534169;0.0
5.4420615153720554e-288;1.9287462470321983e-8;0.0
3.846128406062657e-282;0.07193295509534169;0.0
7.91610819380618e-289;1.9287462470321983e-8;0.0
5.594638815394148e-283;0.07193295509534169;0.0
1.1514895368058186e-289;1.9287462470321983e-8;0.0
8.138049531933652e-284;0.07193295509534169;0.0
1.6749747741077072e-290;1.9287462470321983e-8;0.0
1.183773472596191e-284;0.07193295509534169;0.0
2.436444626044671e-291;1.9287462470321983e-8;0.0
1.7219354944003048e-285;0.07193295509534169;0.0
3.5440906379884125e-292;1.9287462470321983e-8;0.0
2.5047544276970774e-286;0.07193295509534169;0.0
5.155289931898886e-293;1.9287462470321983e-8;0.0
3.64345514885447e-287;0.07193295509534169;0.0
7.498965742315991e-294;1.9287462470321983e-8;0.0
5.299827110763621e-288;0.07193295509534169;0.0
1.0908113403374677e-294;1.9287462470321983e-8;0.0
7.709211793869916e-289;0.07193295509534169;0.0
1.5867113160612165e-295;1.9287462470321983e-8;0.0
1.121394061365525e-289;0.07193295509534169;0.0
2.308055213047048e-296;1.9287462470321983e-8;0.0
1.6311974226286118e-290;0.07193295509534169;0.0
3.357333380401846e-297;1.9287462470321983e-8;0.0
2.372765402690051e-291;0.07193295509534169;0.0
4.883629890413093e-298;1.9287462470321983e-8;0.0
3.451461839076691e-292;0.07193295509534169;0.0
7.103804777255076e-299;1.9287462470321983e-8;0.0
5.020550625484127e-293;0.07193295509534169;0.0
1.0333306054256141e-299;1.9287462470321983e-8;0.0
7.302971829986113e-294;0.07193295509534169;0.0
1.5030989358379494e-300;1.9287462470321983e-8;0.0
1.062301757875963e-294;0.07193295509534169;0.0
2.186431330935556e-301;1.9287462470321983e-8;0.0
1.5452408294289104e-295;0.07193295509534169;0.0
3.180417370352045e-302;1.9287462470321983e-8;0.0
2.2477315915473824e-296;0.07193295509534169;0.0
4.6262850822343006e-303;1.9287462470321983e-8;0.0
3.269585692676384e-297;0.07193295509534169;0.0
6.729466975504132e-304;1.9287462470321983e-8;0.0
4.755990725029045e-298;0.07193295509534169;0.0
9.78878840569198e-305;1.9287462470321983e-8;0.0
6.918138841636129e-299;0.07193295509534169;0.0
1.4238925430528713e-305;1.9287462470321983e-8;0.0
1.0063233466852962e-299;0.07193295509534169;0.0
2.0712164673849352e-306;1.9287462470321983e-8;0.0
1.4638137528971619e-300;0.07193295509534169;0.0
3.012824019408625e-307;1.9287462470321983e-8;0.0
2.1292864865242502e-301;0.07193295509534169;0.0
4.3825011604827915e-308;1.9287462470321983e-8;0.0
3.0972935817288417e-302;0.07193295509534169;0.0
6.37485505223863e-309;1.9287462470321983e-8;0.0
4.50537191314176e-303;0.07193295509534169;0.0
9.27296432993426e-310;1.9287462470321983e-8;0.0
6.553584779779433e-304;0.07193295509534169;0.0
1.3488599624557e-310;1.9287462470321983e-8;0.0
9.53294740007529e-305;0.07193295509534169;0.0
1.962072896628e-311;1.9287462470321983e-8;0.0
1.3866775083614692e-305;0.07193295509534169;0.0
2.854062066364e-312;1.9287462470321983e-8;0.0
2.0170828931463235e-306;0.07193295509534169;0.0
4.15156352886e-313;1.9287462470321983e-8;0.0
2.934080471696087e-307;0.07193295509534169;0.0
6.0389295446e-314;1.9287462470321983e-8;0.0
4.2679595586475577e-308;0.07193295509534169;0.0
8.78432181e-315;1.9287462470321983e-8;0.0
6.20824103836565e-309;0.07193295509534169;0.0
1.277781254e-315;1.9287462470321983e-8;0.0
9.0306049672741e-310;0.07193295509534169;0.0
1.8586807e-316;1.9287462470321983e-8;0.0
1.3136059887331e-310;0.07193295509534169;0.0
2.703666e-317;1.9287462470321983e-8;0.0
1.910791912489e-311;0.07193295509534169;0.0
3.932797e-318;1.9287462470321983e-8;0.0
2.779467941035e-312;0.07193295509534169;0.0
5.7207e-319;1.9287462470321983e-8;0.0
4.04305774204e-313;0.07193295509534169;0.0
8.3215e-320;1.9287462470321983e-8;0.0
5.8810953216e-314;0.07193295509534169;0.0
1.2105e-320;1.9287462470321983e-8;0.0
8.55473367e-315;0.07193295509534169;0.0
1.76e-321;1.9287462470321983e-8;0.0
1.244385e-315;0.07193295509534169;0.0
2.57e-322;1.9287462470321983e-8;0.0
1.810102e-316;0.07193295509534169;0.0
4.0e-323;1.9287462470321983e-8;0.0
2.633003e-317;0.07193295509534169;0.0
5.0e-324;1.9287462470321983e-8;0.0
3.830007e-318;0.07193295509534169;0.0
0.0;1.9287462470321983e-8;0.0
5.5712e-319;0.07193295509534169;0.0
0.0;1.9287462470321983e-8;0.0
8.104e-320;0.07193295509534169;0.0
0.0;1.9287462470321983e-8;0.0
1.179e-320;0.07193295509534169;0.0
0.0;1.9287462470321983e-8;0.0
1.714e-321;0.07193295509534169;0.0
0.0;1.9287462470321983e-8;0.0
2.5e-322;0.07193295509534169;0.0
0.0;1.9287462470321983e-8;0.0
3.5e-323;0.07193295509534169;0.0
0.0;1.9287462470321983e-8;0.0
5.0e-324;0.07193295509534169;0.0
0.0;1.9287462470321983e-8;0.0
0.0;0.07193295509534169;0.0
0.0;1.9287462470321983e-8;0.0
0.0;0.07193295509534169;0.0
0.0;1.9287462470321983e-8;0.0
0.0;0.07193295509534169;0.0
0.0;1.9287462470321983e-8;0.0
0.0;0.07193295509534169;0.0
0.0;1.9287462470321983e-8;0.0
0.0;0.07193295509534169;0.0
0.0;1.9287462470321983e-8;0.0
0.0;0.07193295509534169;0.0
0.0;1.9287462470321983e-8;0.0
0.0;0.07193295509534169;0.0
0.0;1.9287462470321983e-8;0.0
0.0;0.07193295509534169;0.0
0.0;1.9287462470321983e-8;0.0
0.0;0.07193295509534169;0.0
0.0;1.9287462470321983e-8;0.0
0.0;0.07193295509534169;0.0
0.0;1.9287462470321983e-8;0.0
0.0;0.07193295509534169;0.0
0.0;1.9287462470321983e-8;0.0
0.0;0.07193295509534169;0.0
0.0;1.9287462470321983e-8;0.0
0.0;0.07193295509534169;0.0
0.0;1.9287462470321983e-8;0.0
0.0;0.07193295509534169;0.0
0.0;1.9287462470321983e-8;0.0
0.0;0.07193295509534169;0.0
0.0;1.9287462470321983e-8;0.0
0.0;0.07193295509534169;0.0
0.0;1.9287462470321983e-8;0.0
0.0;0.07193295509534169;0.0
0.0;1.9287462470321983e-8;0.0
0.0;0.07193295509534169;0.0
0.0;1.9287462470321983e-8;0.0
0.0;0.07193295509534169;0.0
0.0;1.9287462470321983e-8;0.0
0.0;0.07193295509534169;0.0
0.0;1.9287462470321983e-8;0.0
0.0;0.07193295509534169;0.0
0.0;1.9287462470321983e-8;0.0
0.0;0.07193295509534169;0.0
0.0;1.9287462470321983e-8;0.0
0.0;0.07193295509534169;0.0
0.0;1.9287462470321983e-8;0.0
0.0;0.07193295509534169;0.0
0.0;1.9287462470321983e-8;0.0
0.0;0.07193295509534169;0.0
0.0;1.9287462470321983e-8;0.0
0.0;0.07193295509534169;0.0
0.0;1.9287462470321983e-8;0.0
0.0;0.07193295509534169;0.0
0.0;1.9287462470321983e-8;0.0
0.0;0.07193295509534169;0.0
0.0;1.9287462470321983e-8;0.0
0.0;0.07193295509534169;0.0
0.0;1.9287462470321983e-8;0.0
0.0;0.07193295509534169;0.0
0.0;1.9287462470321983e-8;0.0
0.0;0.07193295509534169;0.0
0.0;1.9287462470321983e-8;0.0
0.0;0.07193295509534169;0.0
0.0;1.9287462470321983e-8;0.0
0.0;0.07193295509534169;0.0
0.0;1.9287462470321983e-8;0.0
0.0;0.07193295509534169;0.0
0.0;1.9287462470321983e-8;0.0
0.0;0.07193295509534169;0.0
0.0;1.9287462470321983e-8;0.0
0.0;0.07193295509534169;0.0
0.0;1.9287462470321983e-8;0.0
0.0;0.07193295509534169;0.0
0.0;1.9287462470321983e-8;0.0
0.0;0.07193295509534169;0.0
0.0;1.9287462470321983e-8;0.0
0.0;0.07193295509534169;0.0
0.0;1.9287462470321983e-8;0.0
0.0;0.07193295509534169;0.0
0.0;1.9287462470321983e-8;0.0
0.0;0.07193295509534169;0.0
0.0;1.9287462470321983e-8;0.0
0.0;0.07193295509534169;0.0
0.0;1.9287462470321983e-8;0.0
0.0;0.07193295509534169;0.0
0.0;1.9287462470321983e-8;0.0
0.0;0.07193295509534169;0.0
0.0;1.9287462470321983e-8;0.0
0.0;0.07193295509534169;0.0
0.0;1.9287462470321983e-8;0.0
0.0;0.07193295509534169;0.0
0.0;1.9287462470321983e-8;0.0
0.0;0.07193295509534169;0.0
0.0;1.9287462470321983e-8;0.0
0.0;0.07193295509534169;0.0
0.0;1.9287462470321983e-8;0.0
0.0;0.07193295509534169;0.0
0.0;1.9287462470321983e-8;0.0
0.0;0.07193295509534169;0.0
0.0;1.9287462470321983e-8;0.0
0.0;0.07193295509534169;0.0
0.0;1.9287462470321983e-8;0.0
0.0;0.07193295509534169;0.0
0.0;1.9287462470321983e-8;0.0
0.0;0.07193295509534169;0.0
0.0;1.9287462470321983e-8;0.0
0.0;0.07193295509534169;0.0
0.0;1.9287462470321983e-8;0.0
0.0;0.07193295509534169;0.0
0.0;1.9287462470321983e-8;0.0
0.0;0.07193295509534169;0.0
0.0;1.9287462470321983e-8;0.0
0.0;0.07193295509534169;0.0
0.0;1.9287462470321983e-8;0.0
0.0;0.07193295509534169;0.0
0.0;1.9287462470321983e-8;0.0
0.0;0.07193295509534169;0.0
0.0;1.9287462470321983e-8;0.0
0.0;0.07193295509534169;0.0
0.0;1.9287462470321983e-8;0.0
0.0;0.07193295509534169;0.0
0.0;1.9287462470321983e-8;0.0
0.0;0.07193295509534169;0.0
0.0;1.9287462470321983e-8;0.0
0.0;0.07193295509534169;0.0
0.0;1.9287462470321983e-8;0.0
0.0;0.07193295509534169;0.0
0.0;1.9287462470321983e-8;0.0
0.0;0.07193295509534169;0.0
0.0;1.9287462470321983e-8;0.0
0.0;0.07193295509534169;0.0
0.0;1.9287462470321983e-8;0.0
0.0;0.07193295509534169;0.0
0.0;1.9287462470321983e-8;0.0
0.0;0.07193295509534169;0.0
0.0;1.9287462470321983e-8;0.0
0.0;0.07193295509534169;0.0
0.0;1.9287462470321983e-8;0.0
0.0;0.07193295509534169;0.0
0.0;1.9287462470321983e-8;0.0
0.0;0.07193295509534169;0.0
0.0;1.9287462470321983e-8;0.0
0.0;0.07193295509534169;0.0
0.0;1.9287462470321983e-8;0.0
0.0;0.07193295509534169;0.0
0.0;1.9287462470321983e-8;0.0
0.0;0.07193295509534169;0.0
0.0;1.9287462470321983e-8;0.0
0.0;0.07193295509534169;0.0
0.0;1.9287462470321983e-8;0.0
0.0;0.07193295509534169;0.0
0.0;1.9287462470321983e-8;0.0
0.0;0.07193295509534169;0.0
0.0;1.9287462470321983e-8;0.0
0.0;0.07193295509534169;0.0
0.0;1.9287462470321983e-8;0.0
0.0;0.07193295509534169;0.0
0.0;1.9287462470321983e-8;0.0
0.0;0.07193295509534169;0.0
0.0;1.9287462470321983e-8;0.0
0.0;0.07193295509534169;0.0
0.0;1.9287462470321983e-8;0.0
0.0;0.07193295509534169;0.0
0.0;1.9287462470321983e-8;0.0
0.0;0.07193295509534169;0.0
0.0;1.9287462470321983e-8;0.0
0.0;0.07193295509534169;0.0
0.0;1.9287462470321983e-8;0.0
0.0;0.07193295509534169;0.0
0.0;1.9287462470321983e-8;0.0
0.0;0.07193295509534169;0.0
0.0;1.9287462470321983e-8;0.0
0.0;0.07193295509534169;0.0
0.0;1.9287462470321983e-8;0.0
0.0;0.07193295509534169;0.0
0.0;1.9287462470321983e-8;0.0
0.0;0.07193295509534169;0.0
0.0;1.9287462470321983e-8;0.0
0.0;0.07193295509534169;0.0
0.0;1.9287462470321983e-8;0.0
0.0;0.07193295509534169;0.0
0.0;1.9287462470321983e-8;0.0
0.0;0.07193295509534169;0.0
0.0;1.9287462470321983e-8;0.0
0.0;0.07193295509534169;0.0
0.0;1.9287462470321983e-8;0.0
0.0;0.07193295509534169;0.0
0.0;1.9287462470321983e-8;0.0
0.0;0.07193295509534169;0.0
0.0;1.9287462470321983e-8;0.0
0.0;0.07193295509534169;0.0
0.0;1.9287462470321983e-8;0.0
0.0;0.07193295509534169;0.0
0.0;1.9287462470321983e-8;0.0
0.0;0.07193295509534169;0.0
0.0;1.9287462470321983e-8;0.0
0.0;0.07193295509534169;0.0
0.0;1.9287462470321983e-8;0.0
0.0;0.07193295509534169;0.0
0.0;1.9287462470321983e-8;0.0
0.0;0.07193295509534169;0.0
0.0;1.9287462470321983e-8;0.0
0.0;0.07193295509534169;0.0
0.0;1.9287462470321983e-8;0.0
0.0;0.07193295509534169;0.0
0.0;1.9287462470321983e-8;0.0
0.0;0.07193295509534169;0.0
0.0;1.9287462470321983e-8;0.0
0.0;0.07193295509534169;0.0
0.0;1.9287462470321983e-8;0.0
0.0;0.07193295509534169;0.0
0.0;1.9287462470321983e-8;0.0
0.0;0.07193295509534169;0.0
0.0;1.9287462470321983e-8;0.0
0.0;0.07193295509534169;0.0
0.0;1.9287462470321983e-8;0.0
0.0;0.07193295509534169;0.0
0.0;1.9287462470321983e-8;0.0
0.0;0.07193295509534169;0.0
0.0;1.9287462470321983e-8;0.0
0.0;0.07193295509534169;0.0
0.0;1.9287462470321983e-8;0.0
0.0;0.07193295509534169;0.0
0.0;1.9287462470321983e-8;0.0
0.0;0.07193295509534169;0.0
0.0;1.9287462470321983e-8;0.0
0.0;0.07193295509534169;0.0
0.0;1.9287462470321983e-8;0.0
