-1.5521005228191203	-3.0925052683774528
-1.5511969946724469	-3.117048960983623
1.5521005228191205	-3.0925052683774528
1.5511969946724469	-3.117048960983623
-1.553605764793392	-3.067961575771282
-1.5521005228191205	-3.0925052683774528
1.5536057647933923	-3.067961575771282
1.5521005228191203	-3.0925052683774528
-1.555711769406816	-3.043417883165112
-1.5536057647933923	-3.067961575771282
1.555711769406816	-3.043417883165112
1.553605764793392	-3.067961575771282
-1.5584172173753454	-3.018874190558942
-1.555711769406816	-3.043417883165112
1.5584172173753454	-3.018874190558942
1.555711769406816	-3.043417883165112
-1.5617204335750008	-2.9943304979527716
-1.5584172173753454	-3.018874190558942
1.561720433575001	-2.9943304979527716
1.5584172173753454	-3.018874190558942
-1.5656194026259618	-2.9697868053466014
-1.561720433575001	-2.9943304979527716
1.565619402625962	-2.9697868053466014
1.5617204335750008	-2.9943304979527716
-1.5701117876822437	-2.945243112740431
-1.565619402625962	-2.9697868053466014
1.570111787682244	-2.945243112740431
1.5656194026259618	-2.9697868053466014
-1.575194952284426	-2.9206994201342606
-1.5707963267948966	-2.9417646882255046
-1.5707963267948966	-2.9417646882255046
-1.570111787682244	-2.945243112740431
1.5707963267948966	-2.9417646882255046
1.5701117876822437	-2.945243112740431
1.5707963267948966	-2.9417646882255046
1.575194952284426	-2.9206994201342606
-1.5808659851174298	-2.8961557275280905
-1.575194952284426	-2.9206994201342606
1.5808659851174298	-2.8961557275280905
1.575194952284426	-2.9206994201342606
-1.5871217275046177	-2.8716120349219203
-1.5808659851174298	-2.8961557275280905
1.5871217275046177	-2.8716120349219203
1.5808659851174298	-2.8961557275280905
-1.593958803463882	-2.84706834231575
-1.5871217275046177	-2.8716120349219203
1.593958803463882	-2.84706834231575
1.5871217275046177	-2.8716120349219203
-1.6013736521512048	-2.82252464970958
-1.5953400194010667	-2.8423482582179855
-1.5953400194010667	-2.8423482582179855
-1.593958803463882	-2.84706834231575
1.5953400194010667	-2.8423482582179855
1.593958803463882	-2.84706834231575
1.5953400194010667	-2.8423482582179855
1.6013736521512048	-2.82252464970958
-1.609362562522586	-2.7979809571034093
-1.6013736521512048	-2.82252464970958
1.6093625625225862	-2.7979809571034093
1.6013736521512048	-2.82252464970958
-1.6179217100563785	-2.773437264497239
-1.6093625625225862	-2.7979809571034093
1.6179217100563787	-2.773437264497239
1.609362562522586	-2.7979809571034093
-1.6270471953949586	-2.748893571891069
-1.6198837120072371	-2.768029851969509
-1.6198837120072371	-2.768029851969509
-1.6179217100563787	-2.773437264497239
1.6198837120072371	-2.768029851969509
1.6179217100563785	-2.773437264497239
1.6198837120072371	-2.768029851969509
1.6270471953949588	-2.748893571891069
-1.6367350847873432	-2.724349879284899
-1.6270471953949588	-2.748893571891069
1.6367350847873434	-2.724349879284899
1.6270471953949586	-2.748893571891069
-1.6469814522428041	-2.6998061866787286
-1.6444274046134073	-2.705801072589105
-1.6444274046134073	-2.705801072589105
-1.6367350847873434	-2.724349879284899
1.6444274046134073	-2.705801072589105
1.6367350847873432	-2.724349879284899
1.6444274046134073	-2.705801072589105
1.6469814522428041	-2.6998061866787286
-1.6577824233397804	-2.675262494072558
-1.6469814522428041	-2.6998061866787286
1.6577824233397807	-2.675262494072558
1.6469814522428041	-2.6998061866787286
-1.669134220674525	-2.650718801466388
-1.6689710972195777	-2.651063286239703
-1.6689710972195777	-2.6510632862397028
-1.6577824233397807	-2.675262494072558
1.6689710972195777	-2.651063286239703
1.6577824233397804	-2.675262494072558
1.6689710972195777	-2.6510632862397028
1.669134220674525	-2.650718801466388
-1.6810332109801192	-2.6261751088602177
-1.669134220674525	-2.650718801466388
1.6810332109801192	-2.6261751088602177
1.669134220674525	-2.650718801466388
-1.69347595399911	-2.6016314162540475
-1.6810332109801192	-2.6261751088602177
1.69347595399911	-2.6016314162540475
1.6810332109801192	-2.6261751088602177
-1.70645925325257	-2.5770877236478773
-1.6935147898257479	-2.6015564478832447
-1.6935147898257479	-2.6015564478832447
-1.69347595399911	-2.6016314162540475
1.6935147898257479	-2.6015564478832447
1.69347595399911	-2.6016314162540475
1.6935147898257479	-2.6015564478832447
1.7064592532525702	-2.5770877236478773
-1.7199802089156633	-2.552544031041707
-1.718058482431918	-2.5559739288137053
-1.718058482431918	-2.555973928813705
-1.7064592532525702	-2.5770877236478773
1.718058482431918	-2.5559739288137053
1.70645925325257	-2.5770877236478773
1.718058482431918	-2.555973928813705
1.7199802089156635	-2.552544031041707
-1.7340362730859253	-2.5280003384355365
-1.7199802089156635	-2.552544031041707
1.7340362730859256	-2.5280003384355365
1.7199802089156633	-2.552544031041707
-1.7486253078169718	-2.5034566458293663
-1.7426021750380885	-2.5134814700282306
-1.7426021750380885	-2.5134814700282306
-1.7340362730859256	-2.5280003384355365
1.7426021750380885	-2.5134814700282306
1.7340362730859253	-2.5280003384355365
1.7426021750380885	-2.5134814700282306
1.748625307816972	-2.5034566458293663
-1.7637456463892733	-2.478912953223196
-1.748625307816972	-2.5034566458293663
1.7637456463892736	-2.478912953223196
1.7486253078169718	-2.5034566458293663
-1.77939615840368	-2.454369260617026
-1.7671458676442586	-2.4735092730582413
-1.7671458676442586	-2.4735092730582413
-1.7637456463892736	-2.478912953223196
1.7671458676442586	-2.4735092730582413
1.7637456463892733	-2.478912953223196
1.7671458676442586	-2.4735092730582413
1.7793961584036802	-2.454369260617026
-1.7955763194160772	-2.429825568010856
-1.7916895602504288	-2.435648703869435
-1.7916895602504288	-2.4356487038694348
-1.7793961584036802	-2.454369260617026
1.7916895602504288	-2.435648703869435
1.77939615840368	-2.454369260617026
1.7916895602504288	-2.4356487038694348
1.7955763194160774	-2.429825568010856
-1.8122862859874669	-2.405281875404685
-1.7955763194160774	-2.429825568010856
1.8122862859874669	-2.405281875404685
1.7955763194160772	-2.429825568010856
-1.829526977208838	-2.380738182798515
-1.8162332528565992	-2.399595693966239
-1.8162332528565992	-2.3995956939662384
-1.8122862859874669	-2.405281875404685
1.8162332528565992	-2.399595693966239
1.8122862859874669	-2.405281875404685
1.8162332528565992	-2.3995956939662384
1.829526977208838	-2.380738182798515
-1.8473001639821243	-2.356194490192345
-1.8407769454627694	-2.3651173793284452
-1.8407769454627694	-2.3651173793284452
-1.829526977208838	-2.380738182798515
1.8407769454627694	-2.3651173793284452
1.829526977208838	-2.380738182798515
1.8407769454627694	-2.3651173793284452
1.8473001639821245	-2.356194490192345
-1.8656085676073078	-2.3316507975861747
-1.8653206380689396	-2.332031288276616
-1.8653206380689396	-2.332031288276616
-1.8473001639821245	-2.356194490192345
1.8653206380689396	-2.332031288276616
1.8473001639821243	-2.356194490192345
1.8653206380689396	-2.332031288276616
1.865608567607308	-2.3316507975861747
-1.8844559695544614	-2.3071071049800045
-1.865608567607308	-2.3316507975861747
1.8844559695544616	-2.3071071049800045
1.8656085676073078	-2.3316507975861747
-1.903847334705347	-2.282563412373834
-1.88986433067511	-2.300191753944063
-1.88986433067511	-2.3001917539440626
-1.8844559695544616	-2.3071071049800045
1.88986433067511	-2.300191753944063
1.8844559695544614	-2.3071071049800045
1.88986433067511	-2.3001917539440626
1.9038473347053473	-2.282563412373834
-1.9237889508548698	-2.2580197197676637
-1.9144080232812801	-2.269480706306743
-1.9144080232812801	-2.269480706306743
-1.9038473347053473	-2.282563412373834
1.9144080232812801	-2.269480706306743
1.903847334705347	-2.282563412373834
1.9144080232812801	-2.269480706306743
1.9237889508548698	-2.2580197197676637
-1.9442885878985692	-2.2334760271614935
-1.9389517158874505	-2.2398012344960354
-1.9389517158874505	-2.2398012344960354
-1.9237889508548698	-2.2580197197676637
1.9389517158874505	-2.2398012344960354
1.9237889508548698	-2.2580197197676637
1.9389517158874505	-2.2398012344960354
1.9442885878985692	-2.2334760271614935
-1.9653556809391715	-2.2089323345553233
-1.9634954084936207	-2.211072965174454
-1.9634954084936207	-2.211072965174454
-1.9442885878985692	-2.2334760271614935
1.9634954084936207	-2.211072965174454
1.9442885878985692	-2.2334760271614935
1.9634954084936207	-2.211072965174454
1.9653556809391717	-2.2089323345553233
-1.9870015425785215	-2.184388641949153
-1.9653556809391717	-2.2089323345553233
1.9870015425785215	-2.184388641949153
1.9653556809391715	-2.2089323345553233
-2.009239610996977	-2.1598449493429825
-1.9880391010997909	-2.1832286682191393
-1.9880391010997909	-2.1832286682191393
-1.9870015425785215	-2.184388641949153
1.9880391010997909	-2.1832286682191393
1.9870015425785215	-2.184388641949153
1.9880391010997909	-2.1832286682191393
2.0092396109969775	-2.1598449493429825
-2.032085742166209	-2.1353012567368124
-2.012582793705961	-2.156211713880399
-2.012582793705961	-2.1562117138803987
-2.0092396109969775	-2.1598449493429825
2.012582793705961	-2.156211713880399
2.009239610996977	-2.1598449493429825
2.012582793705961	-2.1562117138803987
2.032085742166209	-2.1353012567368124
-2.0555585568415267	-2.110757564130642
-2.0371264863121317	-2.1299741343290908
-2.0371264863121317	-2.1299741343290908
-2.032085742166209	-2.1353012567368124
2.0371264863121317	-2.1299741343290908
2.032085742166209	-2.1353012567368124
2.0371264863121317	-2.1299741343290908
2.0555585568415267	-2.110757564130642
-2.0796798560472514	-2.086213871524472
-2.061670178918302	-2.104475122907388
-2.061670178918302	-2.104475122907388
-2.0555585568415267	-2.110757564130642
2.061670178918302	-2.104475122907388
2.0555585568415267	-2.110757564130642
2.061670178918302	-2.104475122907388
2.0796798560472514	-2.086213871524472
-2.104475122907388	-2.061670178918302
-2.086213871524472	-2.0796798560472514
-2.086213871524472	-2.0796798560472514
-2.0796798560472514	-2.086213871524472
2.086213871524472	-2.0796798560472514
2.0796798560472514	-2.086213871524472
2.086213871524472	-2.0796798560472514
2.104475122907388	-2.061670178918302
-2.1299741343290908	-2.0371264863121317
-2.110757564130642	-2.0555585568415267
-2.110757564130642	-2.0555585568415267
-2.104475122907388	-2.061670178918302
2.110757564130642	-2.0555585568415267
2.104475122907388	-2.061670178918302
2.110757564130642	-2.0555585568415267
2.1299741343290908	-2.0371264863121317
-2.1562117138803987	-2.012582793705961
-2.1353012567368124	-2.032085742166209
-2.1353012567368124	-2.032085742166209
-2.1299741343290908	-2.0371264863121317
2.1353012567368124	-2.032085742166209
2.1299741343290908	-2.0371264863121317
2.1353012567368124	-2.032085742166209
2.156211713880399	-2.012582793705961
-2.1832286682191393	-1.9880391010997909
-2.1598449493429825	-2.0092396109969775
-2.1598449493429825	-2.009239610996977
-2.156211713880399	-2.012582793705961
2.1598449493429825	-2.0092396109969775
2.1562117138803987	-2.012582793705961
2.1598449493429825	-2.009239610996977
2.1832286682191393	-1.9880391010997909
-2.211072965174454	-1.9634954084936207
-2.2089323345553233	-1.9653556809391717
-2.2089323345553233	-1.9653556809391715
-2.184388641949153	-1.9870015425785215
-2.184388641949153	-1.9870015425785215
-2.1832286682191393	-1.9880391010997909
2.184388641949153	-1.9870015425785215
2.1832286682191393	-1.9880391010997909
2.184388641949153	-1.9870015425785215
2.2089323345553233	-1.9653556809391717
2.2089323345553233	-1.9653556809391715
2.211072965174454	-1.9634954084936207
-2.2398012344960354	-1.9389517158874505
-2.2334760271614935	-1.9442885878985692
-2.2334760271614935	-1.9442885878985692
-2.211072965174454	-1.9634954084936207
2.2334760271614935	-1.9442885878985692
2.211072965174454	-1.9634954084936207
2.2334760271614935	-1.9442885878985692
2.2398012344960354	-1.9389517158874505
-2.269480706306743	-1.9144080232812801
-2.2580197197676637	-1.9237889508548698
-2.2580197197676637	-1.9237889508548698
-2.2398012344960354	-1.9389517158874505
2.2580197197676637	-1.9237889508548698
2.2398012344960354	-1.9389517158874505
2.2580197197676637	-1.9237889508548698
2.269480706306743	-1.9144080232812801
-2.3001917539440626	-1.88986433067511
-2.282563412373834	-1.9038473347053473
-2.282563412373834	-1.903847334705347
-2.269480706306743	-1.9144080232812801
2.282563412373834	-1.9038473347053473
2.269480706306743	-1.9144080232812801
2.282563412373834	-1.903847334705347
2.300191753944063	-1.88986433067511
-2.332031288276616	-1.8653206380689396
-2.3316507975861747	-1.865608567607308
-2.3316507975861747	-1.8656085676073078
-2.3071071049800045	-1.8844559695544616
-2.3071071049800045	-1.8844559695544614
-2.300191753944063	-1.88986433067511
2.3071071049800045	-1.8844559695544616
2.3001917539440626	-1.88986433067511
2.3071071049800045	-1.8844559695544614
2.3316507975861747	-1.865608567607308
2.3316507975861747	-1.8656085676073078
2.332031288276616	-1.8653206380689396
-2.3651173793284452	-1.8407769454627694
-2.356194490192345	-1.8473001639821245
-2.356194490192345	-1.8473001639821243
-2.332031288276616	-1.8653206380689396
2.356194490192345	-1.8473001639821245
2.332031288276616	-1.8653206380689396
2.356194490192345	-1.8473001639821243
2.3651173793284452	-1.8407769454627694
-2.3995956939662384	-1.8162332528565992
-2.380738182798515	-1.829526977208838
-2.380738182798515	-1.829526977208838
-2.3651173793284452	-1.8407769454627694
2.380738182798515	-1.829526977208838
2.3651173793284452	-1.8407769454627694
2.380738182798515	-1.829526977208838
2.399595693966239	-1.8162332528565992
-2.4356487038694348	-1.7916895602504288
-2.429825568010856	-1.7955763194160774
-2.429825568010856	-1.7955763194160772
-2.405281875404685	-1.8122862859874669
-2.405281875404685	-1.8122862859874669
-2.399595693966239	-1.8162332528565992
2.405281875404685	-1.8122862859874669
2.3995956939662384	-1.8162332528565992
2.405281875404685	-1.8122862859874669
2.429825568010856	-1.7955763194160774
2.429825568010856	-1.7955763194160772
2.435648703869435	-1.7916895602504288
-2.4735092730582413	-1.7671458676442586
-2.454369260617026	-1.7793961584036802
-2.454369260617026	-1.77939615840368
-2.435648703869435	-1.7916895602504288
2.454369260617026	-1.7793961584036802
2.4356487038694348	-1.7916895602504288
2.454369260617026	-1.77939615840368
2.4735092730582413	-1.7671458676442586
-2.5134814700282306	-1.7426021750380885
-2.5034566458293663	-1.748625307816972
-2.5034566458293663	-1.7486253078169718
-2.478912953223196	-1.7637456463892736
-2.478912953223196	-1.7637456463892733
-2.4735092730582413	-1.7671458676442586
2.478912953223196	-1.7637456463892736
2.4735092730582413	-1.7671458676442586
2.478912953223196	-1.7637456463892733
2.5034566458293663	-1.748625307816972
2.5034566458293663	-1.7486253078169718
2.5134814700282306	-1.7426021750380885
-2.555973928813705	-1.718058482431918
-2.552544031041707	-1.7199802089156635
-2.552544031041707	-1.7199802089156633
-2.5280003384355365	-1.7340362730859256
-2.5280003384355365	-1.7340362730859253
-2.5134814700282306	-1.7426021750380885
2.5280003384355365	-1.7340362730859256
2.5134814700282306	-1.7426021750380885
2.5280003384355365	-1.7340362730859253
2.552544031041707	-1.7199802089156635
2.552544031041707	-1.7199802089156633
2.5559739288137053	-1.718058482431918
-2.6015564478832447	-1.6935147898257479
-2.5770877236478773	-1.7064592532525702
-2.5770877236478773	-1.70645925325257
-2.5559739288137053	-1.718058482431918
2.5770877236478773	-1.7064592532525702
2.555973928813705	-1.718058482431918
2.5770877236478773	-1.70645925325257
2.6015564478832447	-1.6935147898257479
-2.6510632862397028	-1.6689710972195777
-2.650718801466388	-1.669134220674525
-2.650718801466388	-1.669134220674525
-2.6261751088602177	-1.6810332109801192
-2.6261751088602177	-1.6810332109801192
-2.6016314162540475	-1.69347595399911
-2.6016314162540475	-1.69347595399911
-2.6015564478832447	-1.6935147898257479
2.6016314162540475	-1.69347595399911
2.6015564478832447	-1.6935147898257479
2.6016314162540475	-1.69347595399911
2.6261751088602177	-1.6810332109801192
2.6261751088602177	-1.6810332109801192
2.650718801466388	-1.669134220674525
2.650718801466388	-1.669134220674525
2.651063286239703	-1.6689710972195777
-2.705801072589105	-1.6444274046134073
-2.6998061866787286	-1.6469814522428041
-2.6998061866787286	-1.6469814522428041
-2.675262494072558	-1.6577824233397807
-2.675262494072558	-1.6577824233397804
-2.651063286239703	-1.6689710972195777
2.675262494072558	-1.6577824233397807
2.6510632862397028	-1.6689710972195777
2.675262494072558	-1.6577824233397804
2.6998061866787286	-1.6469814522428041
2.6998061866787286	-1.6469814522428041
2.705801072589105	-1.6444274046134073
-2.768029851969509	-1.6198837120072371
-2.748893571891069	-1.6270471953949588
-2.748893571891069	-1.6270471953949586
-2.724349879284899	-1.6367350847873434
-2.724349879284899	-1.6367350847873432
-2.705801072589105	-1.6444274046134073
2.724349879284899	-1.6367350847873434
2.705801072589105	-1.6444274046134073
2.724349879284899	-1.6367350847873432
2.748893571891069	-1.6270471953949588
2.748893571891069	-1.6270471953949586
2.768029851969509	-1.6198837120072371
-2.8423482582179855	-1.5953400194010667
-2.82252464970958	-1.6013736521512048
-2.82252464970958	-1.6013736521512048
-2.7979809571034093	-1.6093625625225862
-2.7979809571034093	-1.609362562522586
-2.773437264497239	-1.6179217100563787
-2.773437264497239	-1.6179217100563785
-2.768029851969509	-1.6198837120072371
2.773437264497239	-1.6179217100563787
2.768029851969509	-1.6198837120072371
2.773437264497239	-1.6179217100563785
2.7979809571034093	-1.6093625625225862
2.7979809571034093	-1.609362562522586
2.82252464970958	-1.6013736521512048
2.82252464970958	-1.6013736521512048
2.8423482582179855	-1.5953400194010667
-2.9417646882255046	-1.5707963267948966
-2.9206994201342606	-1.575194952284426
-2.9206994201342606	-1.575194952284426
-2.8961557275280905	-1.5808659851174298
-2.8961557275280905	-1.5808659851174298
-2.8716120349219203	-1.5871217275046177
-2.8716120349219203	-1.5871217275046177
-2.84706834231575	-1.593958803463882
-2.84706834231575	-1.593958803463882
-2.8423482582179855	-1.5953400194010667
-0.19982796536428954	-1.5707963267948966
-0.19634954084936207	-1.5714808659075497
-0.19634954084936207	-1.5714808659075494
-0.1718058482431918	-1.5759732509638313
-0.1718058482431918	-1.5759732509638313
-0.14726215563702155	-1.5798722200147925
-0.14726215563702155	-1.5798722200147923
-0.1227184630308513	-1.583175436214448
-0.1227184630308513	-1.5831754362144477
-0.09817477042468103	-1.5858808841829772
-0.09817477042468103	-1.5858808841829772
-0.07363107781851078	-1.587986888796401
-0.07363107781851078	-1.587986888796401
-0.04908738521234052	-1.5894921307706729
-0.04908738521234052	-1.5894921307706729
-0.02454369260617026	-1.5903956589173465
-0.02454369260617026	-1.5903956589173462
0.0	-1.5906968989713108
0.0	-1.5906968989713108
0.02454369260617026	-1.5903956589173465
0.02454369260617026	-1.5903956589173462
0.04908738521234052	-1.5894921307706729
0.04908738521234052	-1.5894921307706729
0.07363107781851078	-1.587986888796401
0.07363107781851078	-1.587986888796401
0.09817477042468103	-1.5858808841829772
0.09817477042468103	-1.5858808841829772
0.1227184630308513	-1.583175436214448
0.1227184630308513	-1.5831754362144477
0.14726215563702155	-1.5798722200147925
0.14726215563702155	-1.5798722200147923
0.1718058482431918	-1.5759732509638313
0.1718058482431918	-1.5759732509638313
0.19634954084936207	-1.5714808659075497
0.19634954084936207	-1.5714808659075494
0.19982796536428954	-1.5707963267948966
2.84706834231575	-1.593958803463882
2.8423482582179855	-1.5953400194010667
2.84706834231575	-1.593958803463882
2.8716120349219203	-1.5871217275046177
2.8716120349219203	-1.5871217275046177
2.8961557275280905	-1.5808659851174298
2.8961557275280905	-1.5808659851174298
2.9206994201342606	-1.575194952284426
2.9206994201342606	-1.575194952284426
2.9417646882255046	-1.5707963267948966
-3.117048960983623	-1.5511969946724469
-3.0925052683774528	-1.5521005228191205
-3.0925052683774528	-1.5521005228191203
-3.067961575771282	-1.5536057647933923
-3.067961575771282	-1.553605764793392
-3.043417883165112	-1.555711769406816
-3.043417883165112	-1.555711769406816
-3.018874190558942	-1.5584172173753454
-3.018874190558942	-1.5584172173753454
-2.9943304979527716	-1.561720433575001
-2.9943304979527716	-1.5617204335750008
-2.9697868053466014	-1.565619402625962
-2.9697868053466014	-1.5656194026259618
-2.945243112740431	-1.570111787682244
-2.945243112740431	-1.5701117876822437
-2.9417646882255046	-1.5707963267948966
-0.2992443953718081	-1.5462526341887264
-0.2945243112740431	-1.5476338501259113
-0.2945243112740431	-1.547633850125911
-0.2699806186678728	-1.5544709260851757
-0.2699806186678728	-1.5544709260851755
-0.2454369260617026	-1.5607266684723635
-0.2454369260617026	-1.5607266684723635
-0.22089323345553233	-1.5663977013053674
-0.22089323345553233	-1.5663977013053674
-0.19982796536428954	-1.5707963267948966
0.22089323345553233	-1.5663977013053674
0.19982796536428954	-1.5707963267948966
0.22089323345553233	-1.5663977013053674
0.2454369260617026	-1.5607266684723635
0.2454369260617026	-1.5607266684723635
0.2699806186678728	-1.5544709260851757
0.2699806186678728	-1.5544709260851755
0.2945243112740431	-1.5476338501259113
0.2945243112740431	-1.547633850125911
0.2992443953718081	-1.5462526341887264
2.945243112740431	-1.570111787682244
2.9417646882255046	-1.5707963267948966
2.945243112740431	-1.5701117876822437
2.9697868053466014	-1.565619402625962
2.9697868053466014	-1.5656194026259618
2.9943304979527716	-1.561720433575001
2.9943304979527716	-1.5617204335750008
3.018874190558942	-1.5584172173753454
3.018874190558942	-1.5584172173753454
3.043417883165112	-1.555711769406816
3.043417883165112	-1.555711769406816
3.067961575771282	-1.5536057647933923
3.067961575771282	-1.553605764793392
3.0925052683774528	-1.5521005228191205
3.0925052683774528	-1.5521005228191203
3.117048960983623	-1.5511969946724469
3.117048960983623	-1.5511969946724469
3.141592653589793	-1.5508957546184825
-0.3735628016202847	-1.521708941582556
-0.36815538909255385	-1.5236709435334148
-0.36815538909255385	-1.5236709435334146
-0.3436116964863836	-1.5322300910672073
-0.3436116964863836	-1.532230091067207
-0.3190680038802134	-1.5402190014385886
-0.3190680038802134	-1.5402190014385884
-0.2992443953718081	-1.5462526341887264
0.3190680038802134	-1.5402190014385886
0.2992443953718081	-1.5462526341887264
0.3190680038802134	-1.5402190014385884
0.3436116964863836	-1.5322300910672073
0.3436116964863836	-1.532230091067207
0.36815538909255385	-1.5236709435334148
0.36815538909255385	-1.5236709435334146
0.3735628016202847	-1.521708941582556
-0.4357915810006884	-1.4971652489763858
-0.4172427743048944	-1.50485756880245
-0.4172427743048944	-1.50485756880245
-0.39269908169872414	-1.5145454581948345
-0.39269908169872414	-1.5145454581948345
-0.3735628016202847	-1.521708941582556
0.39269908169872414	-1.5145454581948345
0.3735628016202847	-1.521708941582556
0.39269908169872414	-1.5145454581948345
0.4172427743048944	-1.50485756880245
0.4172427743048944	-1.50485756880245
0.4357915810006884	-1.4971652489763858
-0.49052936735009056	-1.4726215563702154
-0.4663301595172349	-1.483810230250013
-0.4663301595172349	-1.4838102302500127
-0.44178646691106466	-1.4946112013469892
-0.44178646691106466	-1.494611201346989
-0.4357915810006884	-1.4971652489763858
0.44178646691106466	-1.4946112013469892
0.4357915810006884	-1.4971652489763858
0.44178646691106466	-1.494611201346989
0.4663301595172349	-1.483810230250013
0.4663301595172349	-1.4838102302500127
0.49052936735009056	-1.4726215563702154
-0.540036205706549	-1.4480778637640452
-0.5399612373357456	-1.4481166995906833
-0.5399612373357456	-1.4481166995906833
-0.5154175447295755	-1.4605594426096742
-0.5154175447295755	-1.4605594426096742
-0.4908738521234052	-1.4724584329152683
-0.4908738521234052	-1.4724584329152683
-0.49052936735009056	-1.4726215563702154
0.4908738521234052	-1.4724584329152683
0.49052936735009056	-1.4726215563702154
0.4908738521234052	-1.4724584329152683
0.5154175447295755	-1.4605594426096742
0.5154175447295755	-1.4605594426096742
0.5399612373357456	-1.4481166995906833
0.5399612373357456	-1.4481166995906833
0.5400362057065491	-1.4480778637640452
-0.5856187247760883	-1.423534171157875
-0.5645049299419159	-1.4351334003372231
-0.5645049299419159	-1.4351334003372231
-0.5400362057065491	-1.4480778637640452
0.5645049299419159	-1.4351334003372231
0.540036205706549	-1.4480778637640452
0.5645049299419159	-1.4351334003372231
0.5856187247760885	-1.423534171157875
-0.6281111835615628	-1.3989904785517047
-0.6135923151542565	-1.407556380503868
-0.6135923151542565	-1.4075563805038678
-0.5890486225480862	-1.4216124446741298
-0.5890486225480862	-1.4216124446741296
-0.5856187247760885	-1.423534171157875
0.5890486225480862	-1.4216124446741298
0.5856187247760883	-1.423534171157875
0.5890486225480862	-1.4216124446741296
0.6135923151542565	-1.407556380503868
0.6135923151542565	-1.4075563805038678
0.6281111835615628	-1.3989904785517047
-0.6680833805315523	-1.3744467859455345
-0.662679700366597	-1.37784700720052
-0.662679700366597	-1.3778470072005198
-0.6381360077604268	-1.3929673457728216
-0.6381360077604268	-1.3929673457728213
-0.6281111835615628	-1.3989904785517047
0.6381360077604268	-1.3929673457728216
0.6281111835615628	-1.3989904785517047
0.6381360077604268	-1.3929673457728213
0.662679700366597	-1.37784700720052
0.662679700366597	-1.3778470072005198
0.6680833805315523	-1.3744467859455345
-0.7059439497203583	-1.3499030933393643
-0.6872233929727672	-1.3621964951861132
-0.6872233929727672	-1.3621964951861132
-0.6680833805315523	-1.3744467859455345
0.6872233929727672	-1.3621964951861132
0.6680833805315523	-1.3744467859455345
0.6872233929727672	-1.3621964951861132
0.7059439497203585	-1.3499030933393643
-0.7419969596235547	-1.325359400733194
-0.7363107781851077	-1.3293063676023267
-0.7363107781851077	-1.3293063676023267
-0.7117670855789375	-1.346016334173716
-0.7117670855789375	-1.3460163341737157
-0.7059439497203585	-1.3499030933393643
0.7117670855789375	-1.346016334173716
0.7059439497203583	-1.3499030933393643
0.7117670855789375	-1.3460163341737157
0.7363107781851077	-1.3293063676023267
0.7363107781851077	-1.3293063676023267
0.7419969596235548	-1.325359400733194
-0.7764752742613483	-1.3008157081270237
-0.760854470791278	-1.3120656763809555
-0.760854470791278	-1.3120656763809553
-0.7419969596235548	-1.325359400733194
0.760854470791278	-1.3120656763809555
0.7419969596235547	-1.325359400733194
0.760854470791278	-1.3120656763809553
0.7764752742613483	-1.3008157081270237
-0.8095613653131771	-1.2762720155208536
-0.7853981633974483	-1.294292489607669
-0.7853981633974483	-1.2942924896076689
-0.7764752742613483	-1.3008157081270237
0.7853981633974483	-1.294292489607669
0.7764752742613483	-1.3008157081270237
0.7853981633974483	-1.2942924896076689
0.8095613653131772	-1.2762720155208536
-0.8414008996457306	-1.2517283229146832
-0.8344855486097889	-1.2571366840353317
-0.8344855486097889	-1.2571366840353317
-0.8099418560036186	-1.2759840859824856
-0.8099418560036186	-1.2759840859824854
-0.8095613653131772	-1.2762720155208536
0.8099418560036186	-1.2759840859824856
0.8095613653131771	-1.2762720155208536
0.8099418560036186	-1.2759840859824854
0.8344855486097889	-1.2571366840353317
0.8344855486097889	-1.2571366840353317
0.8414008996457307	-1.2517283229146832
-0.8721119472830502	-1.227184630308513
-0.859029241215959	-1.2377453188844465
-0.859029241215959	-1.2377453188844465
-0.8414008996457307	-1.2517283229146832
0.859029241215959	-1.2377453188844465
0.8414008996457306	-1.2517283229146832
0.859029241215959	-1.2377453188844465
0.8721119472830503	-1.227184630308513
-0.9017914190937579	-1.2026409377023426
-0.8835729338221293	-1.2178037027349236
-0.8835729338221293	-1.2178037027349236
-0.8721119472830503	-1.227184630308513
0.8835729338221293	-1.2178037027349236
0.8721119472830502	-1.227184630308513
0.8835729338221293	-1.2178037027349236
0.901791419093758	-1.2026409377023426
-0.9305196884153396	-1.1780972450961724
-0.9081166264282996	-1.1973040656912242
-0.9081166264282996	-1.1973040656912242
-0.901791419093758	-1.2026409377023426
0.9081166264282996	-1.1973040656912242
0.9017914190937579	-1.2026409377023426
0.9081166264282996	-1.1973040656912242
0.9305196884153396	-1.1780972450961724
-0.9583639853706541	-1.1535535524900022
-0.9572040116406401	-1.1545911110112719
-0.9572040116406401	-1.1545911110112717
-0.9326603190344698	-1.1762369726506219
-0.9326603190344698	-1.1762369726506219
-0.9305196884153396	-1.1780972450961724
0.9326603190344698	-1.1762369726506219
0.9305196884153396	-1.1780972450961724
0.9326603190344698	-1.1762369726506219
0.9572040116406401	-1.1545911110112719
0.9572040116406401	-1.1545911110112717
0.9583639853706541	-1.1535535524900022
-0.9853809397093948	-1.1290098598838318
-0.9817477042468103	-1.1323530425928165
-0.9817477042468103	-1.1323530425928163
-0.9583639853706541	-1.1535535524900022
0.9817477042468103	-1.1323530425928165
0.9583639853706541	-1.1535535524900022
0.9817477042468103	-1.1323530425928163
0.9853809397093948	-1.1290098598838318
-1.0116185192607021	-1.1044661672776617
-1.0062913968529805	-1.1095069114235847
-1.0062913968529805	-1.1095069114235845
-0.9853809397093948	-1.1290098598838318
1.0062913968529805	-1.1095069114235847
0.9853809397093948	-1.1290098598838318
1.0062913968529805	-1.1095069114235845
1.0116185192607023	-1.1044661672776617
-1.0371175306824054	-1.0799224746714913
-1.030835089459151	-1.0860340967482667
-1.030835089459151	-1.0860340967482665
-1.0116185192607023	-1.1044661672776617
1.030835089459151	-1.0860340967482667
1.0116185192607021	-1.1044661672776617
1.030835089459151	-1.0860340967482665
1.0371175306824054	-1.0799224746714913
-1.0619127975425418	-1.055378782065321
-1.055378782065321	-1.061912797542542
-1.055378782065321	-1.0619127975425418
-1.0371175306824054	-1.0799224746714913
1.055378782065321	-1.061912797542542
1.0371175306824054	-1.0799224746714913
1.055378782065321	-1.0619127975425418
1.061912797542542	-1.055378782065321
-1.0860340967482665	-1.030835089459151
-1.0799224746714913	-1.0371175306824054
-1.0799224746714913	-1.0371175306824054
-1.061912797542542	-1.055378782065321
1.0799224746714913	-1.0371175306824054
1.0619127975425418	-1.055378782065321
1.0799224746714913	-1.0371175306824054
1.0860340967482667	-1.030835089459151
-1.1095069114235845	-1.0062913968529805
-1.1044661672776617	-1.0116185192607023
-1.1044661672776617	-1.0116185192607021
-1.0860340967482667	-1.030835089459151
1.1044661672776617	-1.0116185192607023
1.0860340967482665	-1.030835089459151
1.1044661672776617	-1.0116185192607021
1.1095069114235847	-1.0062913968529805
-1.1323530425928163	-0.9817477042468103
-1.1290098598838318	-0.9853809397093948
-1.1290098598838318	-0.9853809397093948
-1.1095069114235847	-1.0062913968529805
1.1290098598838318	-0.9853809397093948
1.1095069114235845	-1.0062913968529805
1.1290098598838318	-0.9853809397093948
1.1323530425928165	-0.9817477042468103
-1.1545911110112717	-0.9572040116406401
-1.1535535524900022	-0.9583639853706541
-1.1535535524900022	-0.9583639853706541
-1.1323530425928165	-0.9817477042468103
1.1535535524900022	-0.9583639853706541
1.1323530425928163	-0.9817477042468103
1.1535535524900022	-0.9583639853706541
1.1545911110112719	-0.9572040116406401
-1.1762369726506219	-0.9326603190344698
-1.1545911110112719	-0.9572040116406401
1.1762369726506219	-0.9326603190344698
1.1545911110112717	-0.9572040116406401
-1.1973040656912242	-0.9081166264282996
-1.1780972450961724	-0.9305196884153396
-1.1780972450961724	-0.9305196884153396
-1.1762369726506219	-0.9326603190344698
1.1780972450961724	-0.9305196884153396
1.1762369726506219	-0.9326603190344698
1.1780972450961724	-0.9305196884153396
1.1973040656912242	-0.9081166264282996
-1.2178037027349236	-0.8835729338221293
-1.2026409377023426	-0.901791419093758
-1.2026409377023426	-0.9017914190937579
-1.1973040656912242	-0.9081166264282996
1.2026409377023426	-0.901791419093758
1.1973040656912242	-0.9081166264282996
1.2026409377023426	-0.9017914190937579
1.2178037027349236	-0.8835729338221293
-1.2377453188844465	-0.859029241215959
-1.227184630308513	-0.8721119472830503
-1.227184630308513	-0.8721119472830502
-1.2178037027349236	-0.8835729338221293
1.227184630308513	-0.8721119472830503
1.2178037027349236	-0.8835729338221293
1.227184630308513	-0.8721119472830502
1.2377453188844465	-0.859029241215959
-1.2571366840353317	-0.8344855486097889
-1.2517283229146832	-0.8414008996457307
-1.2517283229146832	-0.8414008996457306
-1.2377453188844465	-0.859029241215959
1.2517283229146832	-0.8414008996457307
1.2377453188844465	-0.859029241215959
1.2517283229146832	-0.8414008996457306
1.2571366840353317	-0.8344855486097889
-1.2759840859824854	-0.8099418560036186
-1.2571366840353317	-0.8344855486097889
1.2759840859824856	-0.8099418560036186
1.2571366840353317	-0.8344855486097889
-1.2942924896076689	-0.7853981633974483
-1.2762720155208536	-0.8095613653131772
-1.2762720155208536	-0.8095613653131771
-1.2759840859824856	-0.8099418560036186
1.2762720155208536	-0.8095613653131772
1.2759840859824854	-0.8099418560036186
1.2762720155208536	-0.8095613653131771
1.294292489607669	-0.7853981633974483
-1.3120656763809553	-0.760854470791278
-1.3008157081270237	-0.7764752742613483
-1.3008157081270237	-0.7764752742613483
-1.294292489607669	-0.7853981633974483
1.3008157081270237	-0.7764752742613483
1.2942924896076689	-0.7853981633974483
1.3008157081270237	-0.7764752742613483
1.3120656763809555	-0.760854470791278
-1.3293063676023267	-0.7363107781851077
-1.325359400733194	-0.7419969596235548
-1.325359400733194	-0.7419969596235547
-1.3120656763809555	-0.760854470791278
1.325359400733194	-0.7419969596235548
1.3120656763809553	-0.760854470791278
1.325359400733194	-0.7419969596235547
1.3293063676023267	-0.7363107781851077
-1.3460163341737157	-0.7117670855789375
-1.3293063676023267	-0.7363107781851077
1.346016334173716	-0.7117670855789375
1.3293063676023267	-0.7363107781851077
-1.3621964951861132	-0.6872233929727672
-1.3499030933393643	-0.7059439497203585
-1.3499030933393643	-0.7059439497203583
-1.346016334173716	-0.7117670855789375
1.3499030933393643	-0.7059439497203585
1.3460163341737157	-0.7117670855789375
1.3499030933393643	-0.7059439497203583
1.3621964951861132	-0.6872233929727672
-1.3778470072005198	-0.662679700366597
-1.3744467859455345	-0.6680833805315523
-1.3744467859455345	-0.6680833805315523
-1.3621964951861132	-0.6872233929727672
1.3744467859455345	-0.6680833805315523
1.3621964951861132	-0.6872233929727672
1.3744467859455345	-0.6680833805315523
1.37784700720052	-0.662679700366597
-1.3929673457728213	-0.6381360077604268
-1.37784700720052	-0.662679700366597
1.3929673457728216	-0.6381360077604268
1.3778470072005198	-0.662679700366597
-1.4075563805038678	-0.6135923151542565
-1.3989904785517047	-0.6281111835615628
-1.3989904785517047	-0.6281111835615628
-1.3929673457728216	-0.6381360077604268
1.3989904785517047	-0.6281111835615628
1.3929673457728213	-0.6381360077604268
1.3989904785517047	-0.6281111835615628
1.407556380503868	-0.6135923151542565
-1.4216124446741296	-0.5890486225480862
-1.407556380503868	-0.6135923151542565
1.4216124446741298	-0.5890486225480862
1.4075563805038678	-0.6135923151542565
-1.4351334003372231	-0.5645049299419159
-1.423534171157875	-0.5856187247760885
-1.423534171157875	-0.5856187247760883
-1.4216124446741298	-0.5890486225480862
1.423534171157875	-0.5856187247760885
1.4216124446741296	-0.5890486225480862
1.423534171157875	-0.5856187247760883
1.4351334003372231	-0.5645049299419159
-1.4481166995906833	-0.5399612373357456
-1.4480778637640452	-0.5400362057065491
-1.4480778637640452	-0.540036205706549
-1.4351334003372231	-0.5645049299419159
1.4480778637640452	-0.5400362057065491
1.4351334003372231	-0.5645049299419159
1.4480778637640452	-0.540036205706549
1.4481166995906833	-0.5399612373357456
-1.4605594426096742	-0.5154175447295755
-1.4481166995906833	-0.5399612373357456
1.4605594426096742	-0.5154175447295755
1.4481166995906833	-0.5399612373357456
-1.4724584329152683	-0.4908738521234052
-1.4605594426096742	-0.5154175447295755
1.4724584329152683	-0.4908738521234052
1.4605594426096742	-0.5154175447295755
-1.4838102302500127	-0.4663301595172349
-1.4726215563702154	-0.49052936735009056
-1.4726215563702154	-0.49052936735009056
-1.4724584329152683	-0.4908738521234052
1.4726215563702154	-0.49052936735009056
1.4724584329152683	-0.4908738521234052
1.4726215563702154	-0.49052936735009056
1.483810230250013	-0.4663301595172349
-1.494611201346989	-0.44178646691106466
-1.483810230250013	-0.4663301595172349
1.4946112013469892	-0.44178646691106466
1.4838102302500127	-0.4663301595172349
-1.50485756880245	-0.4172427743048944
-1.4971652489763858	-0.4357915810006884
-1.4971652489763858	-0.4357915810006884
-1.4946112013469892	-0.44178646691106466
1.4971652489763858	-0.4357915810006884
1.494611201346989	-0.44178646691106466
1.4971652489763858	-0.4357915810006884
1.50485756880245	-0.4172427743048944
-1.5145454581948345	-0.39269908169872414
-1.50485756880245	-0.4172427743048944
1.5145454581948345	-0.39269908169872414
1.50485756880245	-0.4172427743048944
-1.5236709435334146	-0.36815538909255385
-1.521708941582556	-0.3735628016202847
-1.521708941582556	-0.3735628016202847
-1.5145454581948345	-0.39269908169872414
1.521708941582556	-0.3735628016202847
1.5145454581948345	-0.39269908169872414
1.521708941582556	-0.3735628016202847
1.5236709435334148	-0.36815538909255385
-1.532230091067207	-0.3436116964863836
-1.5236709435334148	-0.36815538909255385
1.5322300910672073	-0.3436116964863836
1.5236709435334146	-0.36815538909255385
-1.5402190014385884	-0.3190680038802134
-1.5322300910672073	-0.3436116964863836
1.5402190014385886	-0.3190680038802134
1.532230091067207	-0.3436116964863836
-1.547633850125911	-0.2945243112740431
-1.5462526341887264	-0.2992443953718081
-1.5462526341887264	-0.2992443953718081
-1.5402190014385886	-0.3190680038802134
1.5462526341887264	-0.2992443953718081
1.5402190014385884	-0.3190680038802134
1.5462526341887264	-0.2992443953718081
1.5476338501259113	-0.2945243112740431
-1.5544709260851755	-0.2699806186678728
-1.5476338501259113	-0.2945243112740431
1.5544709260851757	-0.2699806186678728
1.547633850125911	-0.2945243112740431
-1.5607266684723635	-0.2454369260617026
-1.5544709260851757	-0.2699806186678728
1.5607266684723635	-0.2454369260617026
1.5544709260851755	-0.2699806186678728
-1.5663977013053674	-0.22089323345553233
-1.5607266684723635	-0.2454369260617026
1.5663977013053674	-0.22089323345553233
1.5607266684723635	-0.2454369260617026
-1.5714808659075494	-0.19634954084936207
-1.5707963267948966	-0.19982796536428954
-1.5707963267948966	-0.19982796536428954
-1.5663977013053674	-0.22089323345553233
1.5707963267948966	-0.19982796536428954
1.5663977013053674	-0.22089323345553233
1.5707963267948966	-0.19982796536428954
1.5714808659075497	-0.19634954084936207
-1.5759732509638313	-0.1718058482431918
-1.5714808659075497	-0.19634954084936207
1.5759732509638313	-0.1718058482431918
1.5714808659075494	-0.19634954084936207
-1.5798722200147923	-0.14726215563702155
-1.5759732509638313	-0.1718058482431918
1.5798722200147925	-0.14726215563702155
1.5759732509638313	-0.1718058482431918
-1.5831754362144477	-0.1227184630308513
-1.5798722200147925	-0.14726215563702155
1.583175436214448	-0.1227184630308513
1.5798722200147923	-0.14726215563702155
-1.5858808841829772	-0.09817477042468103
-1.583175436214448	-0.1227184630308513
1.5858808841829772	-0.09817477042468103
1.5831754362144477	-0.1227184630308513
-1.587986888796401	-0.07363107781851078
-1.5858808841829772	-0.09817477042468103
1.587986888796401	-0.07363107781851078
1.5858808841829772	-0.09817477042468103
-1.5894921307706729	-0.04908738521234052
-1.587986888796401	-0.07363107781851078
1.5894921307706729	-0.04908738521234052
1.587986888796401	-0.07363107781851078
-1.5903956589173462	-0.02454369260617026
-1.5894921307706729	-0.04908738521234052
1.5903956589173465	-0.02454369260617026
1.5894921307706729	-0.04908738521234052
-1.5906968989713108	0.0
-1.5903956589173465	-0.02454369260617026
1.5906968989713108	0.0
1.5903956589173462	-0.02454369260617026
-1.5903956589173462	0.02454369260617026
-1.5906968989713108	0.0
1.5903956589173465	0.02454369260617026
1.5906968989713108	0.0
-1.5894921307706729	0.04908738521234052
-1.5903956589173465	0.02454369260617026
1.5894921307706729	0.04908738521234052
1.5903956589173462	0.02454369260617026
-1.587986888796401	0.07363107781851078
-1.5894921307706729	0.04908738521234052
1.587986888796401	0.07363107781851078
1.5894921307706729	0.04908738521234052
-1.5858808841829772	0.09817477042468103
-1.587986888796401	0.07363107781851078
1.5858808841829772	0.09817477042468103
1.587986888796401	0.07363107781851078
-1.5831754362144477	0.1227184630308513
-1.5858808841829772	0.09817477042468103
1.583175436214448	0.1227184630308513
1.5858808841829772	0.09817477042468103
-1.5798722200147923	0.14726215563702155
-1.583175436214448	0.1227184630308513
1.5798722200147925	0.14726215563702155
1.5831754362144477	0.1227184630308513
-1.5759732509638313	0.1718058482431918
-1.5798722200147925	0.14726215563702155
1.5759732509638313	0.1718058482431918
1.5798722200147923	0.14726215563702155
-1.5714808659075494	0.19634954084936207
-1.5759732509638313	0.1718058482431918
1.5714808659075497	0.19634954084936207
1.5759732509638313	0.1718058482431918
-1.5707963267948966	0.19982796536428954
-1.5714808659075497	0.19634954084936207
-1.5707963267948966	0.19982796536428954
-1.5663977013053674	0.22089323345553233
1.5663977013053674	0.22089323345553233
1.5707963267948966	0.19982796536428954
1.5707963267948966	0.19982796536428954
1.5714808659075494	0.19634954084936207
-1.5607266684723635	0.2454369260617026
-1.5663977013053674	0.22089323345553233
1.5607266684723635	0.2454369260617026
1.5663977013053674	0.22089323345553233
-1.5544709260851755	0.2699806186678728
-1.5607266684723635	0.2454369260617026
1.5544709260851757	0.2699806186678728
1.5607266684723635	0.2454369260617026
-1.547633850125911	0.2945243112740431
-1.5544709260851757	0.2699806186678728
1.5476338501259113	0.2945243112740431
1.5544709260851755	0.2699806186678728
-1.5462526341887264	0.2992443953718081
-1.5476338501259113	0.2945243112740431
-1.5462526341887264	0.2992443953718081
-1.5402190014385884	0.3190680038802134
1.5402190014385886	0.3190680038802134
1.5462526341887264	0.2992443953718081
1.5462526341887264	0.2992443953718081
1.547633850125911	0.2945243112740431
-1.532230091067207	0.3436116964863836
-1.5402190014385886	0.3190680038802134
1.5322300910672073	0.3436116964863836
1.5402190014385884	0.3190680038802134
-1.5236709435334146	0.36815538909255385
-1.5322300910672073	0.3436116964863836
1.5236709435334148	0.36815538909255385
1.532230091067207	0.3436116964863836
-1.521708941582556	0.3735628016202847
-1.5236709435334148	0.36815538909255385
-1.521708941582556	0.3735628016202847
-1.5145454581948345	0.39269908169872414
1.5145454581948345	0.39269908169872414
1.521708941582556	0.3735628016202847
1.521708941582556	0.3735628016202847
1.5236709435334146	0.36815538909255385
-1.50485756880245	0.4172427743048944
-1.5145454581948345	0.39269908169872414
1.50485756880245	0.4172427743048944
1.5145454581948345	0.39269908169872414
-1.4971652489763858	0.4357915810006884
-1.50485756880245	0.4172427743048944
-1.4971652489763858	0.4357915810006884
-1.494611201346989	0.44178646691106466
1.4946112013469892	0.44178646691106466
1.4971652489763858	0.4357915810006884
1.4971652489763858	0.4357915810006884
1.50485756880245	0.4172427743048944
-1.4838102302500127	0.4663301595172349
-1.4946112013469892	0.44178646691106466
1.483810230250013	0.4663301595172349
1.494611201346989	0.44178646691106466
-1.4726215563702154	0.49052936735009056
-1.483810230250013	0.4663301595172349
-1.4726215563702154	0.49052936735009056
-1.4724584329152683	0.4908738521234052
1.4724584329152683	0.4908738521234052
1.4726215563702154	0.49052936735009056
1.4726215563702154	0.49052936735009056
1.4838102302500127	0.4663301595172349
-1.4605594426096742	0.5154175447295755
-1.4724584329152683	0.4908738521234052
1.4605594426096742	0.5154175447295755
1.4724584329152683	0.4908738521234052
-1.4481166995906833	0.5399612373357456
-1.4605594426096742	0.5154175447295755
1.4481166995906833	0.5399612373357456
1.4605594426096742	0.5154175447295755
-1.4480778637640452	0.540036205706549
-1.4481166995906833	0.5399612373357456
-1.4480778637640452	0.5400362057065491
-1.4351334003372231	0.5645049299419159
1.4351334003372231	0.5645049299419159
1.4480778637640452	0.540036205706549
1.4480778637640452	0.5400362057065491
1.4481166995906833	0.5399612373357456
-1.423534171157875	0.5856187247760883
-1.4351334003372231	0.5645049299419159
-1.423534171157875	0.5856187247760885
-1.4216124446741296	0.5890486225480862
1.4216124446741298	0.5890486225480862
1.423534171157875	0.5856187247760883
1.423534171157875	0.5856187247760885
1.4351334003372231	0.5645049299419159
-1.4075563805038678	0.6135923151542565
-1.4216124446741298	0.5890486225480862
1.407556380503868	0.6135923151542565
1.4216124446741296	0.5890486225480862
-1.3989904785517047	0.6281111835615628
-1.407556380503868	0.6135923151542565
-1.3989904785517047	0.6281111835615628
-1.3929673457728213	0.6381360077604268
1.3929673457728216	0.6381360077604268
1.3989904785517047	0.6281111835615628
1.3989904785517047	0.6281111835615628
1.4075563805038678	0.6135923151542565
-1.3778470072005198	0.662679700366597
-1.3929673457728216	0.6381360077604268
1.37784700720052	0.662679700366597
1.3929673457728213	0.6381360077604268
-1.3744467859455345	0.6680833805315523
-1.37784700720052	0.662679700366597
-1.3744467859455345	0.6680833805315523
-1.3621964951861132	0.6872233929727672
1.3621964951861132	0.6872233929727672
1.3744467859455345	0.6680833805315523
1.3744467859455345	0.6680833805315523
1.3778470072005198	0.662679700366597
-1.3499030933393643	0.7059439497203583
-1.3621964951861132	0.6872233929727672
-1.3499030933393643	0.7059439497203585
-1.3460163341737157	0.7117670855789375
1.346016334173716	0.7117670855789375
1.3499030933393643	0.7059439497203583
1.3499030933393643	0.7059439497203585
1.3621964951861132	0.6872233929727672
-1.3293063676023267	0.7363107781851077
-1.346016334173716	0.7117670855789375
1.3293063676023267	0.7363107781851077
1.3460163341737157	0.7117670855789375
-1.325359400733194	0.7419969596235547
-1.3293063676023267	0.7363107781851077
-1.325359400733194	0.7419969596235548
-1.3120656763809553	0.760854470791278
1.3120656763809555	0.760854470791278
1.325359400733194	0.7419969596235547
1.325359400733194	0.7419969596235548
1.3293063676023267	0.7363107781851077
-1.3008157081270237	0.7764752742613483
-1.3120656763809555	0.760854470791278
-1.3008157081270237	0.7764752742613483
-1.2942924896076689	0.7853981633974483
1.294292489607669	0.7853981633974483
1.3008157081270237	0.7764752742613483
1.3008157081270237	0.7764752742613483
1.3120656763809553	0.760854470791278
-1.2762720155208536	0.8095613653131771
-1.294292489607669	0.7853981633974483
-1.2762720155208536	0.8095613653131772
-1.2759840859824854	0.8099418560036186
1.2759840859824856	0.8099418560036186
1.2762720155208536	0.8095613653131771
1.2762720155208536	0.8095613653131772
1.2942924896076689	0.7853981633974483
-1.2571366840353317	0.8344855486097889
-1.2759840859824856	0.8099418560036186
1.2571366840353317	0.8344855486097889
1.2759840859824854	0.8099418560036186
-1.2517283229146832	0.8414008996457306
-1.2571366840353317	0.8344855486097889
-1.2517283229146832	0.8414008996457307
-1.2377453188844465	0.859029241215959
1.2377453188844465	0.859029241215959
1.2517283229146832	0.8414008996457306
1.2517283229146832	0.8414008996457307
1.2571366840353317	0.8344855486097889
-1.227184630308513	0.8721119472830502
-1.2377453188844465	0.859029241215959
-1.227184630308513	0.8721119472830503
-1.2178037027349236	0.8835729338221293
1.2178037027349236	0.8835729338221293
1.227184630308513	0.8721119472830502
1.227184630308513	0.8721119472830503
1.2377453188844465	0.859029241215959
-1.2026409377023426	0.9017914190937579
-1.2178037027349236	0.8835729338221293
-1.2026409377023426	0.901791419093758
-1.1973040656912242	0.9081166264282996
1.1973040656912242	0.9081166264282996
1.2026409377023426	0.9017914190937579
1.2026409377023426	0.901791419093758
1.2178037027349236	0.8835729338221293
-1.1780972450961724	0.9305196884153396
-1.1973040656912242	0.9081166264282996
-1.1780972450961724	0.9305196884153396
-1.1762369726506219	0.9326603190344698
1.1762369726506219	0.9326603190344698
1.1780972450961724	0.9305196884153396
1.1780972450961724	0.9305196884153396
1.1973040656912242	0.9081166264282996
-1.1545911110112717	0.9572040116406401
-1.1762369726506219	0.9326603190344698
1.1545911110112719	0.9572040116406401
1.1762369726506219	0.9326603190344698
-1.1535535524900022	0.9583639853706541
-1.1545911110112719	0.9572040116406401
-1.1535535524900022	0.9583639853706541
-1.1323530425928163	0.9817477042468103
1.1323530425928165	0.9817477042468103
1.1535535524900022	0.9583639853706541
1.1535535524900022	0.9583639853706541
1.1545911110112717	0.9572040116406401
-1.1290098598838318	0.9853809397093948
-1.1323530425928165	0.9817477042468103
-1.1290098598838318	0.9853809397093948
-1.1095069114235845	1.0062913968529805
1.1095069114235847	1.0062913968529805
1.1290098598838318	0.9853809397093948
1.1290098598838318	0.9853809397093948
1.1323530425928163	0.9817477042468103
-1.1044661672776617	1.0116185192607021
-1.1095069114235847	1.0062913968529805
-1.1044661672776617	1.0116185192607023
-1.0860340967482665	1.030835089459151
1.0860340967482667	1.030835089459151
1.1044661672776617	1.0116185192607021
1.1044661672776617	1.0116185192607023
1.1095069114235845	1.0062913968529805
-1.0799224746714913	1.0371175306824054
-1.0860340967482667	1.030835089459151
-1.0799224746714913	1.0371175306824054
-1.0619127975425418	1.055378782065321
1.061912797542542	1.055378782065321
1.0799224746714913	1.0371175306824054
1.0799224746714913	1.0371175306824054
1.0860340967482665	1.030835089459151
-1.055378782065321	1.0619127975425418
-1.061912797542542	1.055378782065321
-1.055378782065321	1.061912797542542
-1.0371175306824054	1.0799224746714913
1.0371175306824054	1.0799224746714913
1.055378782065321	1.0619127975425418
1.055378782065321	1.061912797542542
1.0619127975425418	1.055378782065321
-1.030835089459151	1.0860340967482665
-1.0371175306824054	1.0799224746714913
-1.030835089459151	1.0860340967482667
-1.0116185192607021	1.1044661672776617
1.0116185192607023	1.1044661672776617
1.030835089459151	1.0860340967482665
1.030835089459151	1.0860340967482667
1.0371175306824054	1.0799224746714913
-1.0062913968529805	1.1095069114235845
-1.0116185192607023	1.1044661672776617
-1.0062913968529805	1.1095069114235847
-0.9853809397093948	1.1290098598838318
0.9853809397093948	1.1290098598838318
1.0062913968529805	1.1095069114235845
1.0062913968529805	1.1095069114235847
1.0116185192607021	1.1044661672776617
-0.9817477042468103	1.1323530425928163
-0.9853809397093948	1.1290098598838318
-0.9817477042468103	1.1323530425928165
-0.9583639853706541	1.1535535524900022
0.9583639853706541	1.1535535524900022
0.9817477042468103	1.1323530425928163
0.9817477042468103	1.1323530425928165
0.9853809397093948	1.1290098598838318
-0.9572040116406401	1.1545911110112717
-0.9583639853706541	1.1535535524900022
-0.9572040116406401	1.1545911110112719
-0.9326603190344698	1.1762369726506219
-0.9326603190344698	1.1762369726506219
-0.9305196884153396	1.1780972450961724
0.9305196884153396	1.1780972450961724
0.9326603190344698	1.1762369726506219
0.9326603190344698	1.1762369726506219
0.9572040116406401	1.1545911110112717
0.9572040116406401	1.1545911110112719
0.9583639853706541	1.1535535524900022
-0.9081166264282996	1.1973040656912242
-0.9305196884153396	1.1780972450961724
-0.9081166264282996	1.1973040656912242
-0.9017914190937579	1.2026409377023426
0.901791419093758	1.2026409377023426
0.9081166264282996	1.1973040656912242
0.9081166264282996	1.1973040656912242
0.9305196884153396	1.1780972450961724
-0.8835729338221293	1.2178037027349236
-0.901791419093758	1.2026409377023426
-0.8835729338221293	1.2178037027349236
-0.8721119472830502	1.227184630308513
0.8721119472830503	1.227184630308513
0.8835729338221293	1.2178037027349236
0.8835729338221293	1.2178037027349236
0.9017914190937579	1.2026409377023426
-0.859029241215959	1.2377453188844465
-0.8721119472830503	1.227184630308513
-0.859029241215959	1.2377453188844465
-0.8414008996457306	1.2517283229146832
0.8414008996457307	1.2517283229146832
0.859029241215959	1.2377453188844465
0.859029241215959	1.2377453188844465
0.8721119472830502	1.227184630308513
-0.8344855486097889	1.2571366840353317
-0.8414008996457307	1.2517283229146832
-0.8344855486097889	1.2571366840353317
-0.8099418560036186	1.2759840859824854
-0.8099418560036186	1.2759840859824856
-0.8095613653131771	1.2762720155208536
0.8095613653131772	1.2762720155208536
0.8099418560036186	1.2759840859824854
0.8099418560036186	1.2759840859824856
0.8344855486097889	1.2571366840353317
0.8344855486097889	1.2571366840353317
0.8414008996457306	1.2517283229146832
-0.7853981633974483	1.2942924896076689
-0.8095613653131772	1.2762720155208536
-0.7853981633974483	1.294292489607669
-0.7764752742613483	1.3008157081270237
0.7764752742613483	1.3008157081270237
0.7853981633974483	1.2942924896076689
0.7853981633974483	1.294292489607669
0.8095613653131771	1.2762720155208536
-0.760854470791278	1.3120656763809553
-0.7764752742613483	1.3008157081270237
-0.760854470791278	1.3120656763809555
-0.7419969596235547	1.325359400733194
0.7419969596235548	1.325359400733194
0.760854470791278	1.3120656763809553
0.760854470791278	1.3120656763809555
0.7764752742613483	1.3008157081270237
-0.7363107781851077	1.3293063676023267
-0.7419969596235548	1.325359400733194
-0.7363107781851077	1.3293063676023267
-0.7117670855789375	1.3460163341737157
-0.7117670855789375	1.346016334173716
-0.7059439497203583	1.3499030933393643
0.7059439497203585	1.3499030933393643
0.7117670855789375	1.3460163341737157
0.7117670855789375	1.346016334173716
0.7363107781851077	1.3293063676023267
0.7363107781851077	1.3293063676023267
0.7419969596235547	1.325359400733194
-0.6872233929727672	1.3621964951861132
-0.7059439497203585	1.3499030933393643
-0.6872233929727672	1.3621964951861132
-0.6680833805315523	1.3744467859455345
0.6680833805315523	1.3744467859455345
0.6872233929727672	1.3621964951861132
0.6872233929727672	1.3621964951861132
0.7059439497203583	1.3499030933393643
-0.662679700366597	1.3778470072005198
-0.6680833805315523	1.3744467859455345
-0.662679700366597	1.37784700720052
-0.6381360077604268	1.3929673457728213
-0.6381360077604268	1.3929673457728216
-0.6281111835615628	1.3989904785517047
0.6281111835615628	1.3989904785517047
0.6381360077604268	1.3929673457728213
0.6381360077604268	1.3929673457728216
0.662679700366597	1.3778470072005198
0.662679700366597	1.37784700720052
0.6680833805315523	1.3744467859455345
-0.6135923151542565	1.4075563805038678
-0.6281111835615628	1.3989904785517047
-0.6135923151542565	1.407556380503868
-0.5890486225480862	1.4216124446741296
-0.5890486225480862	1.4216124446741298
-0.5856187247760883	1.423534171157875
0.5856187247760885	1.423534171157875
0.5890486225480862	1.4216124446741296
0.5890486225480862	1.4216124446741298
0.6135923151542565	1.4075563805038678
0.6135923151542565	1.407556380503868
0.6281111835615628	1.3989904785517047
-0.5645049299419159	1.4351334003372231
-0.5856187247760885	1.423534171157875
-0.5645049299419159	1.4351334003372231
-0.540036205706549	1.4480778637640452
0.5400362057065491	1.4480778637640452
0.5645049299419159	1.4351334003372231
0.5645049299419159	1.4351334003372231
0.5856187247760883	1.423534171157875
-0.5399612373357456	1.4481166995906833
-0.5400362057065491	1.4480778637640452
-0.5399612373357456	1.4481166995906833
-0.5154175447295755	1.4605594426096742
-0.5154175447295755	1.4605594426096742
-0.4908738521234052	1.4724584329152683
-0.4908738521234052	1.4724584329152683
-0.49052936735009056	1.4726215563702154
0.49052936735009056	1.4726215563702154
0.4908738521234052	1.4724584329152683
0.4908738521234052	1.4724584329152683
0.5154175447295755	1.4605594426096742
0.5154175447295755	1.4605594426096742
0.5399612373357456	1.4481166995906833
0.5399612373357456	1.4481166995906833
0.540036205706549	1.4480778637640452
-0.4663301595172349	1.4838102302500127
-0.49052936735009056	1.4726215563702154
-0.4663301595172349	1.483810230250013
-0.44178646691106466	1.494611201346989
-0.44178646691106466	1.4946112013469892
-0.4357915810006884	1.4971652489763858
0.4357915810006884	1.4971652489763858
0.44178646691106466	1.494611201346989
0.44178646691106466	1.4946112013469892
0.4663301595172349	1.4838102302500127
0.4663301595172349	1.483810230250013
0.49052936735009056	1.4726215563702154
-0.4172427743048944	1.50485756880245
-0.4357915810006884	1.4971652489763858
-0.4172427743048944	1.50485756880245
-0.39269908169872414	1.5145454581948345
-0.39269908169872414	1.5145454581948345
-0.3735628016202847	1.521708941582556
0.3735628016202847	1.521708941582556
0.39269908169872414	1.5145454581948345
0.39269908169872414	1.5145454581948345
0.4172427743048944	1.50485756880245
0.4172427743048944	1.50485756880245
0.4357915810006884	1.4971652489763858
-0.36815538909255385	1.5236709435334146
-0.3735628016202847	1.521708941582556
-0.36815538909255385	1.5236709435334148
-0.3436116964863836	1.532230091067207
-0.3436116964863836	1.5322300910672073
-0.3190680038802134	1.5402190014385884
-0.3190680038802134	1.5402190014385886
-0.2992443953718081	1.5462526341887264
0.2992443953718081	1.5462526341887264
0.3190680038802134	1.5402190014385884
0.3190680038802134	1.5402190014385886
0.3436116964863836	1.532230091067207
0.3436116964863836	1.5322300910672073
0.36815538909255385	1.5236709435334146
0.36815538909255385	1.5236709435334148
0.3735628016202847	1.521708941582556
-3.117048960983623	1.5511969946724469
-3.0925052683774528	1.5521005228191203
-3.0925052683774528	1.5521005228191205
-3.067961575771282	1.553605764793392
-3.067961575771282	1.5536057647933923
-3.043417883165112	1.555711769406816
-3.043417883165112	1.555711769406816
-3.018874190558942	1.5584172173753454
-3.018874190558942	1.5584172173753454
-2.9943304979527716	1.5617204335750008
-2.9943304979527716	1.561720433575001
-2.9697868053466014	1.5656194026259618
-2.9697868053466014	1.565619402625962
-2.945243112740431	1.5701117876822437
-2.945243112740431	1.570111787682244
-2.9417646882255046	1.5707963267948966
-0.2945243112740431	1.547633850125911
-0.2992443953718081	1.5462526341887264
-0.2945243112740431	1.5476338501259113
-0.2699806186678728	1.5544709260851755
-0.2699806186678728	1.5544709260851757
-0.2454369260617026	1.5607266684723635
-0.2454369260617026	1.5607266684723635
-0.22089323345553233	1.5663977013053674
-0.22089323345553233	1.5663977013053674
-0.19982796536428954	1.5707963267948966
0.19982796536428954	1.5707963267948966
0.22089323345553233	1.5663977013053674
0.22089323345553233	1.5663977013053674
0.2454369260617026	1.5607266684723635
0.2454369260617026	1.5607266684723635
0.2699806186678728	1.5544709260851755
0.2699806186678728	1.5544709260851757
0.2945243112740431	1.547633850125911
0.2945243112740431	1.5476338501259113
0.2992443953718081	1.5462526341887264
2.9417646882255046	1.5707963267948966
2.945243112740431	1.5701117876822437
2.945243112740431	1.570111787682244
2.9697868053466014	1.5656194026259618
2.9697868053466014	1.565619402625962
2.9943304979527716	1.5617204335750008
2.9943304979527716	1.561720433575001
3.018874190558942	1.5584172173753454
3.018874190558942	1.5584172173753454
3.043417883165112	1.555711769406816
3.043417883165112	1.555711769406816
3.067961575771282	1.553605764793392
3.067961575771282	1.5536057647933923
3.0925052683774528	1.5521005228191203
3.0925052683774528	1.5521005228191205
3.117048960983623	1.5511969946724469
3.117048960983623	1.5511969946724469
3.141592653589793	1.5508957546184823
-2.9206994201342606	1.575194952284426
-2.9417646882255046	1.5707963267948966
-2.9206994201342606	1.575194952284426
-2.8961557275280905	1.5808659851174298
-2.8961557275280905	1.5808659851174298
-2.8716120349219203	1.5871217275046177
-2.8716120349219203	1.5871217275046177
-2.84706834231575	1.593958803463882
-2.84706834231575	1.593958803463882
-2.8423482582179855	1.5953400194010667
-0.19634954084936207	1.5714808659075494
-0.19982796536428954	1.5707963267948966
-0.19634954084936207	1.5714808659075497
-0.1718058482431918	1.5759732509638313
-0.1718058482431918	1.5759732509638313
-0.14726215563702155	1.5798722200147923
-0.14726215563702155	1.5798722200147925
-0.1227184630308513	1.5831754362144477
-0.1227184630308513	1.583175436214448
-0.09817477042468103	1.5858808841829772
-0.09817477042468103	1.5858808841829772
-0.07363107781851078	1.587986888796401
-0.07363107781851078	1.587986888796401
-0.04908738521234052	1.5894921307706729
-0.04908738521234052	1.5894921307706729
-0.02454369260617026	1.5903956589173462
-0.02454369260617026	1.5903956589173465
0.0	1.5906968989713108
0.0	1.5906968989713108
0.02454369260617026	1.5903956589173462
0.02454369260617026	1.5903956589173465
0.04908738521234052	1.5894921307706729
0.04908738521234052	1.5894921307706729
0.07363107781851078	1.587986888796401
0.07363107781851078	1.587986888796401
0.09817477042468103	1.5858808841829772
0.09817477042468103	1.5858808841829772
0.1227184630308513	1.5831754362144477
0.1227184630308513	1.583175436214448
0.14726215563702155	1.5798722200147923
0.14726215563702155	1.5798722200147925
0.1718058482431918	1.5759732509638313
0.1718058482431918	1.5759732509638313
0.19634954084936207	1.5714808659075494
0.19634954084936207	1.5714808659075497
0.19982796536428954	1.5707963267948966
2.8423482582179855	1.5953400194010667
2.84706834231575	1.593958803463882
2.84706834231575	1.593958803463882
2.8716120349219203	1.5871217275046177
2.8716120349219203	1.5871217275046177
2.8961557275280905	1.5808659851174298
2.8961557275280905	1.5808659851174298
2.9206994201342606	1.575194952284426
2.9206994201342606	1.575194952284426
2.9417646882255046	1.5707963267948966
-2.82252464970958	1.6013736521512048
-2.8423482582179855	1.5953400194010667
-2.82252464970958	1.6013736521512048
-2.7979809571034093	1.609362562522586
-2.7979809571034093	1.6093625625225862
-2.773437264497239	1.6179217100563785
-2.773437264497239	1.6179217100563787
-2.768029851969509	1.6198837120072371
2.768029851969509	1.6198837120072371
2.773437264497239	1.6179217100563785
2.773437264497239	1.6179217100563787
2.7979809571034093	1.609362562522586
2.7979809571034093	1.6093625625225862
2.82252464970958	1.6013736521512048
2.82252464970958	1.6013736521512048
2.8423482582179855	1.5953400194010667
-2.748893571891069	1.6270471953949586
-2.768029851969509	1.6198837120072371
-2.748893571891069	1.6270471953949588
-2.724349879284899	1.6367350847873432
-2.724349879284899	1.6367350847873434
-2.705801072589105	1.6444274046134073
2.705801072589105	1.6444274046134073
2.724349879284899	1.6367350847873432
2.724349879284899	1.6367350847873434
2.748893571891069	1.6270471953949586
2.748893571891069	1.6270471953949588
2.768029851969509	1.6198837120072371
-2.6998061866787286	1.6469814522428041
-2.705801072589105	1.6444274046134073
-2.6998061866787286	1.6469814522428041
-2.675262494072558	1.6577824233397804
-2.675262494072558	1.6577824233397807
-2.6510632862397028	1.6689710972195777
2.651063286239703	1.6689710972195777
2.675262494072558	1.6577824233397804
2.675262494072558	1.6577824233397807
2.6998061866787286	1.6469814522428041
2.6998061866787286	1.6469814522428041
2.705801072589105	1.6444274046134073
-2.650718801466388	1.669134220674525
-2.651063286239703	1.6689710972195777
-2.650718801466388	1.669134220674525
-2.6261751088602177	1.6810332109801192
-2.6261751088602177	1.6810332109801192
-2.6016314162540475	1.69347595399911
-2.6016314162540475	1.69347595399911
-2.6015564478832447	1.6935147898257479
2.6015564478832447	1.6935147898257479
2.6016314162540475	1.69347595399911
2.6016314162540475	1.69347595399911
2.6261751088602177	1.6810332109801192
2.6261751088602177	1.6810332109801192
2.650718801466388	1.669134220674525
2.650718801466388	1.669134220674525
2.6510632862397028	1.6689710972195777
-2.5770877236478773	1.70645925325257
-2.6015564478832447	1.6935147898257479
-2.5770877236478773	1.7064592532525702
-2.555973928813705	1.718058482431918
2.5559739288137053	1.718058482431918
2.5770877236478773	1.70645925325257
2.5770877236478773	1.7064592532525702
2.6015564478832447	1.6935147898257479
-2.552544031041707	1.7199802089156633
-2.5559739288137053	1.718058482431918
-2.552544031041707	1.7199802089156635
-2.5280003384355365	1.7340362730859253
-2.5280003384355365	1.7340362730859256
-2.5134814700282306	1.7426021750380885
2.5134814700282306	1.7426021750380885
2.5280003384355365	1.7340362730859253
2.5280003384355365	1.7340362730859256
2.552544031041707	1.7199802089156633
2.552544031041707	1.7199802089156635
2.555973928813705	1.718058482431918
-2.5034566458293663	1.7486253078169718
-2.5134814700282306	1.7426021750380885
-2.5034566458293663	1.748625307816972
-2.478912953223196	1.7637456463892733
-2.478912953223196	1.7637456463892736
-2.4735092730582413	1.7671458676442586
2.4735092730582413	1.7671458676442586
2.478912953223196	1.7637456463892733
2.478912953223196	1.7637456463892736
2.5034566458293663	1.7486253078169718
2.5034566458293663	1.748625307816972
2.5134814700282306	1.7426021750380885
-2.454369260617026	1.77939615840368
-2.4735092730582413	1.7671458676442586
-2.454369260617026	1.7793961584036802
-2.4356487038694348	1.7916895602504288
2.435648703869435	1.7916895602504288
2.454369260617026	1.77939615840368
2.454369260617026	1.7793961584036802
2.4735092730582413	1.7671458676442586
-2.429825568010856	1.7955763194160772
-2.435648703869435	1.7916895602504288
-2.429825568010856	1.7955763194160774
-2.405281875404685	1.8122862859874669
-2.405281875404685	1.8122862859874669
-2.3995956939662384	1.8162332528565992
2.399595693966239	1.8162332528565992
2.405281875404685	1.8122862859874669
2.405281875404685	1.8122862859874669
2.429825568010856	1.7955763194160772
2.429825568010856	1.7955763194160774
2.4356487038694348	1.7916895602504288
-2.380738182798515	1.829526977208838
-2.399595693966239	1.8162332528565992
-2.380738182798515	1.829526977208838
-2.3651173793284452	1.8407769454627694
2.3651173793284452	1.8407769454627694
2.380738182798515	1.829526977208838
2.380738182798515	1.829526977208838
2.3995956939662384	1.8162332528565992
-2.356194490192345	1.8473001639821243
-2.3651173793284452	1.8407769454627694
-2.356194490192345	1.8473001639821245
-2.332031288276616	1.8653206380689396
2.332031288276616	1.8653206380689396
2.356194490192345	1.8473001639821243
2.356194490192345	1.8473001639821245
2.3651173793284452	1.8407769454627694
-2.3316507975861747	1.8656085676073078
-2.332031288276616	1.8653206380689396
-2.3316507975861747	1.865608567607308
-2.3071071049800045	1.8844559695544614
-2.3071071049800045	1.8844559695544616
-2.3001917539440626	1.88986433067511
2.300191753944063	1.88986433067511
2.3071071049800045	1.8844559695544614
2.3071071049800045	1.8844559695544616
2.3316507975861747	1.8656085676073078
2.3316507975861747	1.865608567607308
2.332031288276616	1.8653206380689396
-2.282563412373834	1.903847334705347
-2.300191753944063	1.88986433067511
-2.282563412373834	1.9038473347053473
-2.269480706306743	1.9144080232812801
2.269480706306743	1.9144080232812801
2.282563412373834	1.903847334705347
2.282563412373834	1.9038473347053473
2.3001917539440626	1.88986433067511
-2.2580197197676637	1.9237889508548698
-2.269480706306743	1.9144080232812801
-2.2580197197676637	1.9237889508548698
-2.2398012344960354	1.9389517158874505
2.2398012344960354	1.9389517158874505
2.2580197197676637	1.9237889508548698
2.2580197197676637	1.9237889508548698
2.269480706306743	1.9144080232812801
-2.2334760271614935	1.9442885878985692
-2.2398012344960354	1.9389517158874505
-2.2334760271614935	1.9442885878985692
-2.211072965174454	1.9634954084936207
2.211072965174454	1.9634954084936207
2.2334760271614935	1.9442885878985692
2.2334760271614935	1.9442885878985692
2.2398012344960354	1.9389517158874505
-2.2089323345553233	1.9653556809391715
-2.211072965174454	1.9634954084936207
-2.2089323345553233	1.9653556809391717
-2.184388641949153	1.9870015425785215
-2.184388641949153	1.9870015425785215
-2.1832286682191393	1.9880391010997909
2.1832286682191393	1.9880391010997909
2.184388641949153	1.9870015425785215
2.184388641949153	1.9870015425785215
2.2089323345553233	1.9653556809391715
2.2089323345553233	1.9653556809391717
2.211072965174454	1.9634954084936207
-2.1598449493429825	2.009239610996977
-2.1832286682191393	1.9880391010997909
-2.1598449493429825	2.0092396109969775
-2.1562117138803987	2.012582793705961
2.156211713880399	2.012582793705961
2.1598449493429825	2.009239610996977
2.1598449493429825	2.0092396109969775
2.1832286682191393	1.9880391010997909
-2.1353012567368124	2.032085742166209
-2.156211713880399	2.012582793705961
-2.1353012567368124	2.032085742166209
-2.1299741343290908	2.0371264863121317
2.1299741343290908	2.0371264863121317
2.1353012567368124	2.032085742166209
2.1353012567368124	2.032085742166209
2.1562117138803987	2.012582793705961
-2.110757564130642	2.0555585568415267
-2.1299741343290908	2.0371264863121317
-2.110757564130642	2.0555585568415267
-2.104475122907388	2.061670178918302
2.104475122907388	2.061670178918302
2.110757564130642	2.0555585568415267
2.110757564130642	2.0555585568415267
2.1299741343290908	2.0371264863121317
-2.086213871524472	2.0796798560472514
-2.104475122907388	2.061670178918302
-2.086213871524472	2.0796798560472514
-2.0796798560472514	2.086213871524472
2.0796798560472514	2.086213871524472
2.086213871524472	2.0796798560472514
2.086213871524472	2.0796798560472514
2.104475122907388	2.061670178918302
-2.061670178918302	2.104475122907388
-2.0796798560472514	2.086213871524472
-2.061670178918302	2.104475122907388
-2.0555585568415267	2.110757564130642
2.0555585568415267	2.110757564130642
2.061670178918302	2.104475122907388
2.061670178918302	2.104475122907388
2.0796798560472514	2.086213871524472
-2.0371264863121317	2.1299741343290908
-2.0555585568415267	2.110757564130642
-2.0371264863121317	2.1299741343290908
-2.032085742166209	2.1353012567368124
2.032085742166209	2.1353012567368124
2.0371264863121317	2.1299741343290908
2.0371264863121317	2.1299741343290908
2.0555585568415267	2.110757564130642
-2.012582793705961	2.1562117138803987
-2.032085742166209	2.1353012567368124
-2.012582793705961	2.156211713880399
-2.009239610996977	2.1598449493429825
2.0092396109969775	2.1598449493429825
2.012582793705961	2.1562117138803987
2.012582793705961	2.156211713880399
2.032085742166209	2.1353012567368124
-1.9880391010997909	2.1832286682191393
-2.0092396109969775	2.1598449493429825
-1.9880391010997909	2.1832286682191393
-1.9870015425785215	2.184388641949153
1.9870015425785215	2.184388641949153
1.9880391010997909	2.1832286682191393
1.9880391010997909	2.1832286682191393
2.009239610996977	2.1598449493429825
-1.9653556809391715	2.2089323345553233
-1.9870015425785215	2.184388641949153
1.9653556809391717	2.2089323345553233
1.9870015425785215	2.184388641949153
-1.9634954084936207	2.211072965174454
-1.9653556809391717	2.2089323345553233
-1.9634954084936207	2.211072965174454
-1.9442885878985692	2.2334760271614935
1.9442885878985692	2.2334760271614935
1.9634954084936207	2.211072965174454
1.9634954084936207	2.211072965174454
1.9653556809391715	2.2089323345553233
-1.9389517158874505	2.2398012344960354
-1.9442885878985692	2.2334760271614935
-1.9389517158874505	2.2398012344960354
-1.9237889508548698	2.2580197197676637
1.9237889508548698	2.2580197197676637
1.9389517158874505	2.2398012344960354
1.9389517158874505	2.2398012344960354
1.9442885878985692	2.2334760271614935
-1.9144080232812801	2.269480706306743
-1.9237889508548698	2.2580197197676637
-1.9144080232812801	2.269480706306743
-1.903847334705347	2.282563412373834
1.9038473347053473	2.282563412373834
1.9144080232812801	2.269480706306743
1.9144080232812801	2.269480706306743
1.9237889508548698	2.2580197197676637
-1.88986433067511	2.3001917539440626
-1.9038473347053473	2.282563412373834
-1.88986433067511	2.300191753944063
-1.8844559695544614	2.3071071049800045
1.8844559695544616	2.3071071049800045
1.88986433067511	2.3001917539440626
1.88986433067511	2.300191753944063
1.903847334705347	2.282563412373834
-1.8656085676073078	2.3316507975861747
-1.8844559695544616	2.3071071049800045
1.865608567607308	2.3316507975861747
1.8844559695544614	2.3071071049800045
-1.8653206380689396	2.332031288276616
-1.865608567607308	2.3316507975861747
-1.8653206380689396	2.332031288276616
-1.8473001639821243	2.356194490192345
1.8473001639821245	2.356194490192345
1.8653206380689396	2.332031288276616
1.8653206380689396	2.332031288276616
1.8656085676073078	2.3316507975861747
-1.8407769454627694	2.3651173793284452
-1.8473001639821245	2.356194490192345
-1.8407769454627694	2.3651173793284452
-1.829526977208838	2.380738182798515
1.829526977208838	2.380738182798515
1.8407769454627694	2.3651173793284452
1.8407769454627694	2.3651173793284452
1.8473001639821243	2.356194490192345
-1.8162332528565992	2.3995956939662384
-1.829526977208838	2.380738182798515
-1.8162332528565992	2.399595693966239
-1.8122862859874669	2.405281875404685
1.8122862859874669	2.405281875404685
1.8162332528565992	2.3995956939662384
1.8162332528565992	2.399595693966239
1.829526977208838	2.380738182798515
-1.7955763194160772	2.429825568010856
-1.8122862859874669	2.405281875404685
1.7955763194160774	2.429825568010856
1.8122862859874669	2.405281875404685
-1.7916895602504288	2.4356487038694348
-1.7955763194160774	2.429825568010856
-1.7916895602504288	2.435648703869435
-1.77939615840368	2.454369260617026
1.7793961584036802	2.454369260617026
1.7916895602504288	2.4356487038694348
1.7916895602504288	2.435648703869435
1.7955763194160772	2.429825568010856
-1.7671458676442586	2.4735092730582413
-1.7793961584036802	2.454369260617026
-1.7671458676442586	2.4735092730582413
-1.7637456463892733	2.478912953223196
1.7637456463892736	2.478912953223196
1.7671458676442586	2.4735092730582413
1.7671458676442586	2.4735092730582413
1.77939615840368	2.454369260617026
-1.7486253078169718	2.5034566458293663
-1.7637456463892736	2.478912953223196
1.748625307816972	2.5034566458293663
1.7637456463892733	2.478912953223196
-1.7426021750380885	2.5134814700282306
-1.748625307816972	2.5034566458293663
-1.7426021750380885	2.5134814700282306
-1.7340362730859253	2.5280003384355365
1.7340362730859256	2.5280003384355365
1.7426021750380885	2.5134814700282306
1.7426021750380885	2.5134814700282306
1.7486253078169718	2.5034566458293663
-1.7199802089156633	2.552544031041707
-1.7340362730859256	2.5280003384355365
1.7199802089156635	2.552544031041707
1.7340362730859253	2.5280003384355365
-1.718058482431918	2.555973928813705
-1.7199802089156635	2.552544031041707
-1.718058482431918	2.5559739288137053
-1.70645925325257	2.5770877236478773
1.7064592532525702	2.5770877236478773
1.718058482431918	2.555973928813705
1.718058482431918	2.5559739288137053
1.7199802089156633	2.552544031041707
-1.6935147898257479	2.6015564478832447
-1.7064592532525702	2.5770877236478773
-1.6935147898257479	2.6015564478832447
-1.69347595399911	2.6016314162540475
1.69347595399911	2.6016314162540475
1.6935147898257479	2.6015564478832447
1.6935147898257479	2.6015564478832447
1.70645925325257	2.5770877236478773
-1.6810332109801192	2.6261751088602177
-1.69347595399911	2.6016314162540475
1.6810332109801192	2.6261751088602177
1.69347595399911	2.6016314162540475
-1.669134220674525	2.650718801466388
-1.6810332109801192	2.6261751088602177
1.669134220674525	2.650718801466388
1.6810332109801192	2.6261751088602177
-1.6689710972195777	2.6510632862397028
-1.669134220674525	2.650718801466388
-1.6689710972195777	2.651063286239703
-1.6577824233397804	2.675262494072558
1.6577824233397807	2.675262494072558
1.6689710972195777	2.6510632862397028
1.6689710972195777	2.651063286239703
1.669134220674525	2.650718801466388
-1.6469814522428041	2.6998061866787286
-1.6577824233397807	2.675262494072558
1.6469814522428041	2.6998061866787286
1.6577824233397804	2.675262494072558
-1.6444274046134073	2.705801072589105
-1.6469814522428041	2.6998061866787286
-1.6444274046134073	2.705801072589105
-1.6367350847873432	2.724349879284899
1.6367350847873434	2.724349879284899
1.6444274046134073	2.705801072589105
1.6444274046134073	2.705801072589105
1.6469814522428041	2.6998061866787286
-1.6270471953949586	2.748893571891069
-1.6367350847873434	2.724349879284899
1.6270471953949588	2.748893571891069
1.6367350847873432	2.724349879284899
-1.6198837120072371	2.768029851969509
-1.6270471953949588	2.748893571891069
-1.6198837120072371	2.768029851969509
-1.6179217100563785	2.773437264497239
1.6179217100563787	2.773437264497239
1.6198837120072371	2.768029851969509
1.6198837120072371	2.768029851969509
1.6270471953949586	2.748893571891069
-1.609362562522586	2.7979809571034093
-1.6179217100563787	2.773437264497239
1.6093625625225862	2.7979809571034093
1.6179217100563785	2.773437264497239
-1.6013736521512048	2.82252464970958
-1.6093625625225862	2.7979809571034093
1.6013736521512048	2.82252464970958
1.609362562522586	2.7979809571034093
-1.5953400194010667	2.8423482582179855
-1.6013736521512048	2.82252464970958
-1.5953400194010667	2.8423482582179855
-1.593958803463882	2.84706834231575
1.593958803463882	2.84706834231575
1.5953400194010667	2.8423482582179855
1.5953400194010667	2.8423482582179855
1.6013736521512048	2.82252464970958
-1.5871217275046177	2.8716120349219203
-1.593958803463882	2.84706834231575
1.5871217275046177	2.8716120349219203
1.593958803463882	2.84706834231575
-1.5808659851174298	2.8961557275280905
-1.5871217275046177	2.8716120349219203
1.5808659851174298	2.8961557275280905
1.5871217275046177	2.8716120349219203
-1.575194952284426	2.9206994201342606
-1.5808659851174298	2.8961557275280905
1.575194952284426	2.9206994201342606
1.5808659851174298	2.8961557275280905
-1.5707963267948966	2.9417646882255046
-1.575194952284426	2.9206994201342606
-1.5707963267948966	2.9417646882255046
-1.5701117876822437	2.945243112740431
1.570111787682244	2.945243112740431
1.5707963267948966	2.9417646882255046
1.5707963267948966	2.9417646882255046
1.575194952284426	2.9206994201342606
-1.5656194026259618	2.9697868053466014
-1.570111787682244	2.945243112740431
1.565619402625962	2.9697868053466014
1.5701117876822437	2.945243112740431
-1.5617204335750008	2.9943304979527716
-1.565619402625962	2.9697868053466014
1.561720433575001	2.9943304979527716
1.5656194026259618	2.9697868053466014
-1.5584172173753454	3.018874190558942
-1.561720433575001	2.9943304979527716
1.5584172173753454	3.018874190558942
1.5617204335750008	2.9943304979527716
-1.555711769406816	3.043417883165112
-1.5584172173753454	3.018874190558942
1.555711769406816	3.043417883165112
1.5584172173753454	3.018874190558942
-1.553605764793392	3.067961575771282
-1.555711769406816	3.043417883165112
1.5536057647933923	3.067961575771282
1.555711769406816	3.043417883165112
-1.5521005228191203	3.0925052683774528
-1.5536057647933923	3.067961575771282
1.5521005228191205	3.0925052683774528
1.553605764793392	3.067961575771282
-1.5511969946724469	3.117048960983623
-1.5521005228191205	3.0925052683774528
1.5511969946724469	3.117048960983623
1.5521005228191203	3.0925052683774528
-1.5508957546184823	3.141592653589793
-1.5511969946724469	3.117048960983623
1.5508957546184825	3.141592653589793
1.5511969946724469	3.117048960983623
