# ["m", "w0", "wp"] [calculated @ 2025-10-14T10:32:06.935]
0.12046126331813212;0.3042152385792908;0.6229974833018079
0.007643824067970997;0.03210084198412083;0.02114513215240981
0.00751246790400587;0.05594765023253509;0.01880730403666809
0.004866639459846185;0.061924640557752084;0.011526376566048768
0.0036883332913581358;0.07490171320257903;0.007940475846900743
0.00228664827735211;0.07534437921423397;0.004658915035609002
0.001417751197679795;0.07550281587062331;0.002734261941831336
0.0008795449804897956;0.07555982469103703;0.0016059060918580295
0.0006032273421210889;0.08135847602898931;0.0010159359448715527
0.00034324856740301947;0.07558786077145072;0.0005581493641288039
0.00023537908556104032;0.08136960115000173;0.00035304354674890905
0.00013392883596082707;0.0755916575466964;0.00019394989593289556
9.183884351325981e-5;0.08137111928593548;0.00012267617739413655
5.225533705972887e-5;0.07559217849802236;6.739373406420802e-5
3.583295149422463e-5;0.08137132919175005;4.2627499441875766e-5
2.0388573938640278e-5;0.07559225091496993;2.3417968281369706e-5
1.3981021240595954e-5;0.08137135858598882;1.481220446109782e-5
7.95505631740937e-6;0.07559226110744706;8.137278331611783e-6
5.4550077586358954e-6;0.08137136275163223;5.146947483899052e-6
3.1038432276031646e-6;0.07559226255865235;2.827543269089976e-6
2.1283934684763627e-6;0.08137136334845692;1.788462571414992e-6
1.211034002054835e-6;0.0755922627674484;9.825154665380365e-7
8.304404325423346e-7;0.08137136343480697;6.214554514934593e-7
4.725120738492043e-7;0.07559226279777019;3.4140474094785154e-7
3.2401495986522715e-7;0.08137136344740825;2.1594351057010613e-7
1.8436118377012907e-7;0.07559226280220936;1.1863141343240638e-7
1.2642170431416664e-7;0.08137136344926084;7.503611072003601e-8
7.19326511893629e-8;0.07559226280286385;4.122207637334958e-8
4.932626369194703e-8;0.08137136344953487;2.6073568540682813e-8
2.8066137386362874e-8;0.07559226280296083;1.4323858524211306e-8
1.9245748223257673e-8;0.08137136344957585;9.060050825791493e-9
1.0950633057706183e-8;0.07559226280297528;4.977258332146805e-9
7.509160374525062e-9;0.08137136344958185;3.1481889736276087e-9
4.272635123451767e-9;0.07559226280297741;1.7294991057007077e-9
2.9298673597602754e-9;0.08137136344958273;1.093933577734423e-9
1.6670644338578756e-9;0.07559226280297776;6.009668289486943e-10
1.1431534709340932e-9;0.08137136344958287;3.8012034301113594e-10
6.504425831748131e-10;0.07559226280297782;2.0882412041170757e-10
4.4602696902387224e-10;0.08137136344958289;1.3208432222281185e-10
2.537847640534019e-10;0.07559226280297782;7.256226328192703e-11
1.740274268986885e-10;0.08137136344958289;4.589669692206782e-11
9.901981840016427e-11;0.07559226280297782;2.521395537173029e-11
6.790070425399279e-11;0.08137136344958289;1.5948196976807087e-11
3.863480328528039e-11;0.07559226280297782;8.76135220614287e-12
2.649298286110393e-11;0.08137136344958289;5.541683909039586e-12
1.5074235127964845e-11;0.07559226280297782;3.0443970947199024e-12
1.0336831533489026e-11;0.08137136344958289;1.925625861805628e-12
5.881550968832045e-12;0.07559226280297782;1.0578679468953416e-12
4.033146690650991e-12;0.08137136344958289;6.691170085695796e-13
2.294819040920702e-12;0.07559226280297782;3.675882476072116e-13
1.5736226498042513e-12;0.08137136344958289;2.325049637302278e-13
8.95375124432186e-13;0.07559226280297782;1.2772966623622343e-13
6.139841751149541e-13;0.08137136344958289;8.079088928670288e-14
3.493506891638412e-13;0.07559226280297782;4.438353985204234e-14
2.395596983422198e-13;0.08137136344958289;2.8073240618250415e-14
1.363070077434281e-13;0.07559226280297782;1.5422404738416057e-14
9.346958992724952e-14;0.08137136344958289;9.754897436682865e-15
5.318323660513336e-14;0.07559226280297782;5.358981476205368e-15
3.6469257148118804e-14;0.08137136344958289;3.389634467006972e-15
2.0750632726980743e-14;0.07559226280297782;1.8621403697684207e-15
1.4229298726685347e-14;0.08137136344958289;1.1778311247758927e-15
8.09632482067636e-15;0.07559226280297782;6.470570521875752e-16
5.551880078908984e-15;0.08137136344958289;4.0927308593124234e-16
3.1589627393225908e-15;0.07559226280297782;2.248395639678564e-16
2.166190548293206e-15;0.08137136344958289;1.4221432541914932e-16
1.2325401721709617e-15;0.07559226280297782;7.812731405112793e-17
8.451878327380839e-16;0.08137136344958289;4.941667324252433e-17
4.809031955663372e-16;0.07559226280297782;2.714770075659904e-17
3.297689915466335e-16;0.08137136344958289;1.7171319324977054e-17
1.87635169001077e-16;0.07559226280297782;9.43329058883995e-18
1.2866676917648361e-16;0.08137136344958289;5.966694801838687e-18
7.321007007366865e-17;0.07559226280297782;3.277882430314672e-18
5.020222614828063e-17;0.08137136344958289;2.0733087647204634e-18
2.856455103126597e-17;0.07559226280297782;1.1389994960694758e-18
1.958752462950421e-17;0.08137136344958289;7.204339046371263e-19
1.1145100322903015e-17;0.07559226280297782;3.9577986081763707e-19
7.642512106498981e-18;0.08137136344958289;2.503365730095077e-19
4.348510889305158e-18;0.07559226280297782;1.3752569581406873e-19
2.9818975293082738e-18;0.08137136344958289;8.698702182500686e-20
1.6966690659164974e-18;0.07559226280297782;4.7787466926869245e-20
1.1634542086931738e-18;0.08137136344958289;3.022627447127683e-20
6.619934944437826e-19;0.07559226280297782;1.660520226252153e-20
4.539477572322439e-19;0.08137136344958289;1.0503034237117818e-20
2.582916111865145e-19;0.07559226280297782;5.769980287953186e-21
1.7711790009135519e-19;0.08137136344958289;3.649597249932239e-21
1.0077826590332308e-19;0.07559226280297782;2.004954350872975e-21
6.910652169324791e-20;0.08137136344958289;1.2681630646924407e-21
3.9320901022786124e-20;0.07559226280297782;6.966820939539898e-22
2.6963459583001425e-20;0.08137136344958289;4.4066165346874535e-22
1.534193155027052e-20;0.07559226280297782;2.4208328724531014e-22
1.0520398579909804e-20;0.08137136344958289;1.5312123357330371e-22
5.985998732755071e-21;0.07559226280297782;8.411916779845591e-23
4.104769491446987e-21;0.08137136344958289;5.320660871317068e-23
2.3355716789072477e-21;0.07559226280297782;2.922975175867642e-23
1.6015678921224289e-21;0.08137136344958289;1.8488247153528746e-23
9.112756802744922e-22;0.07559226280297782;1.015676224853868e-23
6.248876382515901e-22;0.08137136344958289;6.424301248979083e-24
3.555546476947649e-22;0.07559226280297782;3.529274563295568e-24
2.438139290630831e-22;0.08137136344958289;2.2323179798987608e-24
1.387276213266974e-22;0.07559226280297782;1.2263533041661209e-24
9.512947347062827e-23;0.08137136344958289;7.756864708315433e-25
5.412769329198945e-23;0.07559226280297782;4.261335862843174e-25
3.7116897945799916e-23;0.08137136344958289;2.695357500361057e-25
2.1119133688684148e-23;0.07559226280297782;1.480730167584205e-25
1.4481990311281255e-23;0.08137136344958289;9.365835718347013e-26
8.240103736815273e-24;0.07559226280297782;5.145245293411492e-26
5.65047336882249e-24;0.08137136344958289;3.2544431932058826e-26
3.2150613085923317e-24;0.07559226280297782;1.7878712616873588e-26
2.2046589319218625e-24;0.08137136344958289;1.1308548234575893e-26
1.2544282873315385e-24;0.07559226280297782;6.212500019116033e-27
8.60197135504019e-25;0.08137136344958289;3.9294974771937724e-27
4.894433346736146e-25;0.07559226280297782;2.1587212297987986e-27
3.3562520769790715e-25;0.08137136344958289;1.3654228732969908e-27
1.9096729583961781e-25;0.07559226280297782;7.501130516933369e-28
1.3095170327004276e-25;0.08137136344958289;4.744575187395322e-28
7.451017410343351e-26;0.07559226280297782;2.606494912606815e-28
5.109374443876809e-26;0.08137136344958289;1.6486463021153014e-28
2.9071815781413055e-26;0.07559226280297782;9.057055751941089e-29
1.993537048839099e-26;0.08137136344958289;5.728720743427844e-29
1.1343021043745916e-26;0.07559226280297782;3.147148244833093e-29
7.778231970954624e-27;0.08137136344958289;1.990617472897182e-29
4.425734098147506e-27;0.07559226280297782;1.093571945036695e-29
3.034851678789325e-27;0.08137136344958289;6.917003116183526e-30
1.7267994330580095e-27;0.07559226280297782;3.799946827845618e-30
1.1841154579399872e-27;0.08137136344958289;2.4035221613752936e-30
6.7374953304528155e-28;0.07559226280297782;1.3204065777281281e-30
4.620092070831521e-28;0.08137136344958289;8.351765472977847e-31
2.628784933493118e-28;0.07559226280297782;4.588152438691286e-31
1.8026325557893407e-28;0.08137136344958289;2.9020737830731156e-31
1.0256794086855362e-28;0.07559226280297782;1.5942924820087687e-31
7.033375269092357e-29;0.08137136344958289;1.008413403088224e-31
4.001918285508412e-29;0.07559226280297782;5.539851938560879e-32
2.744229128504713e-29;0.08137136344958289;3.504037690079468e-32
1.5614381870462953e-29;0.07559226280297782;1.9249892881956107e-32
1.0707225509247652e-29;0.08137136344958289;1.2175839884610585e-32
6.092301336574344e-30;0.07559226280297782;6.688958117950125e-33
4.177664208686241e-30;0.08137136344958289;4.230864220307848e-33
2.377048024285641e-30;0.07559226280297782;2.324281022136485e-33
1.630009401171598e-30;0.08137136344958289;1.4701418727841305e-33
9.274586067893734e-31;0.07559226280297782;8.07641814256029e-34
6.359847309851945e-31;0.08137136344958289;5.108453057271522e-34
3.6186877947751586e-31;0.07559226280297782;2.8063960163267463e-34
2.481437087145536e-31;0.08137136344958289;1.7750866852684097e-34
1.4119122147548902e-31;0.07559226280297782;9.751672661611276e-35
9.6818834123939e-32;0.08137136344958289;6.168076137514981e-35
5.50889221516255e-32;0.07559226280297782;3.388513921270641e-35
3.777603989912883e-32;0.08137136344958289;2.143284807098247e-35
2.1494178689818164e-32;0.07559226280297782;1.1774417572326275e-35
1.473916932973823e-32;0.08137136344958289;7.44749199251761e-36
8.386435956728937e-33;0.07559226280297782;4.091377883893093e-36
5.750817531715551e-33;0.08137136344958289;2.587856583265154e-36
3.272156106603533e-33;0.07559226280297782;1.4216731219175136e-36
2.2438104579177345e-33;0.08137136344958289;8.992291233447674e-37
1.276705103482239e-33;0.07559226280297782;4.940033707322802e-37
8.754729815882486e-34;0.08137136344958289;3.1246438519833176e-37
4.981351341912267e-34;0.07559226280297782;1.7165642828338841e-37
3.4158542170370783e-34;0.08137136344958289;1.0857521123672292e-37
1.9435859638918103e-34;0.07559226280297782;5.964722331212345e-38
1.3327721445934568e-34;0.08137136344958289;3.7727744515959415e-38
7.583336608389318e-35;0.07559226280297782;2.0726233700801184e-38
5.200109479335425e-35;0.08137136344958289;1.310964712892112e-38
2.9588088813414893e-35;0.07559226280297782;7.201957435173925e-39
2.0289393582218608e-35;0.08137136344958289;4.555343820570268e-39
1.1544456547821281e-35;0.07559226280297782;2.5025381671756425e-39
7.916362022185394e-36;0.08137136344958289;1.5828921342839728e-39
4.5043286785089155e-36;0.07559226280297782;8.695826564572812e-40
3.088746216704159e-36;0.08137136344958289;5.500237978665714e-40
1.757464871559235e-36;0.07559226280297782;3.021628226612501e-40
1.2051436208283144e-36;0.08137136344958289;1.9112242184235474e-40
6.857143417400823e-37;0.07559226280297782;1.049956214290012e-40
4.7021381652161995e-37;0.08137136344958289;6.64112721532608e-41
2.675468318469808e-37;0.07559226280297782;3.648390765670426e-41
1.8346446799084523e-37;0.08137136344958289;2.3076607268258635e-41
1.0438939785000062e-37;0.07559226280297782;1.2677438352065052e-41
7.15827775205673e-38;0.08137136344958289;8.018665894315352e-42
4.072986515391871e-38;0.07559226280297782;4.405159794906896e-42
2.7929626339497586e-38;0.08137136344958289;2.7863282490879005e-42
1.5891670510832354e-38;0.07559226280297782;1.5307061473900383e-42
1.0897370212266885e-38;0.08137136344958289;9.68194112834791e-43
6.200491719540136e-39;0.07559226280297782;5.3189019666587996e-43
4.2518534297490324e-39;0.08137136344958289;3.3642835887509025e-43
2.4192609290432642e-39;0.07559226280297782;1.8482135306743525e-43
1.658955989924831e-39;0.08137136344958289;1.169022194567921e-43
9.439289184679943e-40;0.07559226280297782;6.422177502762923e-44
6.472788918949001e-40;0.08137136344958289;4.0621215641924965e-44
3.682950410283026e-40;0.07559226280297782;2.2315800199745033e-44
2.5255037893541235e-40;0.08137136344958289;1.4115071278331494e-44
1.4369857156848843e-40;0.07559226280297782;7.75430044312378e-45
9.85381953576464e-41;0.08137136344958289;4.904708882881102e-45
5.606722103335943e-41;0.07559226280297782;2.694466468781013e-45
3.8446887251849494e-41;0.08137136344958289;1.704289603038862e-45
2.187588394297529e-41;0.07559226280297782;9.362739559341212e-46
1.500091547233443e-41;0.08137136344958289;5.9220702398144294e-46
8.535366823367037e-42;0.07559226280297782;3.253367339015766e-46
5.852943660537763e-42;0.08137136344958289;2.057802609530792e-46
3.330264824925129e-42;0.07559226280297782;1.130480985345199e-46
2.2836572578925455e-42;0.08137136344958289;7.150458215308896e-47
1.2993775233855176e-42;0.07559226280297782;3.9281984634839273e-47
8.910201044112134e-43;0.08137136344958289;2.4846432039726397e-47
5.069812873867892e-43;0.07559226280297782;1.3649714916527863e-47
3.476514804141968e-43;0.08137136344958289;8.633645096799917e-48
1.978101214885389e-43;0.07559226280297782;4.7430067252060436e-48
1.3564402333440983e-43;0.08137136344958289;3.000021392943543e-48
7.718005602336583e-44;0.07559226280297782;1.648101292438728e-48
5.292455836639819e-44;0.08137136344958289;1.0424482657336541e-48
3.0113530101213854e-44;0.07559226280297782;5.726826942292004e-49
2.0649703609666798e-44;0.08137136344958289;3.622302125202048e-49
1.174946925255118e-44;0.07559226280297782;1.9899594143532174e-49
8.056945061591933e-45;0.08137136344958289;1.2586785471803656e-49
4.584318983946713e-45;0.07559226280297782;6.914716492529709e-50
3.1435978429793076e-45;0.08137136344958289;4.373659706929359e-50
1.7886748835068436e-45;0.07559226280297782;2.4027276047538278e-50
1.2265452132090839e-45;0.08137136344958289;1.5197604880824497e-50
6.978916279804422e-46;0.07559226280297782;8.349004545425706e-51
4.78564127853049e-46;0.08137136344958289;5.280867959336895e-51
2.7229807322518322e-46;0.07559226280297782;2.901114415201505e-51
1.8672252926456844e-46;0.08137136344958289;1.8349974632606738e-51
1.0624320124990102e-46;0.07559226280297782;1.0080800416740975e-51
7.285398320883677e-47;0.08137136344958289;6.376254275056563e-52
4.14531681334829e-47;0.07559226280297782;3.502879324913021e-52
2.8425615753484886e-47;0.08137136344958289;2.2156226040734073e-52
1.6173883392885876e-47;0.07559226280297782;1.2171814794117254e-52
1.1090891607787378e-47;0.08137136344958289;7.698851570089673e-53
6.310603405855781e-48;0.07559226280297782;4.229465580746788e-53
4.3273601431345576e-48;0.08137136344958289;2.6751990789993083e-53
2.4622234734000314e-48;0.07559226280297782;1.4696558731215145e-53
1.6884166278607573e-48;0.08137136344958289;9.295789179885945e-54
9.606917188515626e-49;0.07559226280297782;5.106764304295847e-54
6.587736206239865e-49;0.08137136344958289;3.230103402592673e-54
3.748354236082066e-49;0.07559226280297782;1.774499876916015e-54
2.570353051899859e-49;0.08137136344958289;1.1223972262642039e-54
1.4625044854087295e-49;0.07559226280297782;6.1660370942244506e-55
1.0028808993828708e-49;0.08137136344958289;3.900108995007423e-55
5.706289307587823e-50;0.07559226280297782;2.1425762797700877e-55
3.912964787477681e-50;0.08137136344958289;1.3552109553554171e-55
2.2264367724513974e-50;0.07559226280297782;7.445029999792482e-56
1.5267309844531067e-50;0.08137136344958289;4.7090907866072225e-56
8.686942484903988e-51;0.07559226280297782;2.5870010893501427e-56
5.95688340040408e-51;0.08137136344958289;1.6363161726871742e-56
3.389405469302503e-51;0.07559226280297782;8.989318560818939e-57
2.3242116788977493e-51;0.08137136344958289;5.685875975490994e-57
1.3224525723868321e-51;0.07559226280297782;3.1236109068737515e-57
9.068433214519967e-52;0.08137136344958289;1.9757297610506647e-57
5.159845353564164e-52;0.07559226280297782;1.0853931843140498e-57
3.538252634769022e-52;0.08137136344958289;6.865271253765316e-58
2.013229406378274e-52;0.07559226280297782;3.771527247401202e-58
1.380528632818806e-52;0.08137136344958289;2.385546359473387e-58
7.855066121131997e-53;0.07559226280297782;1.3105313340325868e-58
5.386442130515019e-53;0.08137136344958289;8.28930310666975e-59
3.064830245965639e-53;0.07559226280297782;4.553837914507131e-59
2.1016412217503993e-53;0.08137136344958289;2.8803693427032455e-59
1.1958122683800039e-53;0.07559226280297782;1.5823688616274628e-59
8.200024650665247e-54;0.08137136344958289;1.0008715381283564e-59
4.665729800501859e-54;0.07559226280297782;5.498419709387472e-60
3.199423554107637e-54;0.08137136344958289;3.477831196798114e-60
1.8204391397306986e-54;0.07559226280297782;1.9105924057104115e-60
1.2483268666452479e-54;0.08137136344958289;1.2084777489067772e-60
7.102851650575626e-55;0.07559226280297782;6.638931790758021e-61
4.870627285304784e-55;0.08137136344958289;4.1992218338467265e-61
2.7713368971811984e-55;0.07559226280297782;2.3068978600880122e-61
1.900384489529459e-55;0.08137136344958289;1.459146767559994e-61
1.0812992549345279e-55;0.07559226280297782;8.016015082858709e-62
7.414776365541895e-56;0.08137136344958289;5.07024723514165e-62
4.218931591865286e-56;0.07559226280297782;2.785407144387693e-62
2.893041321580756e-56;0.08137136344958289;1.761810915597604e-62
1.6461107963971236e-56;0.07559226280297782;9.67874047118077e-63
1.128784966094126e-56;0.08137136344958289;6.121945456239971e-63
6.422670515065556e-57;0.07559226280297782;3.363171423510707e-63
4.404207745584215e-57;0.08137136344958289;2.1272553051735754e-63
2.5059489698614883e-57;0.07559226280297782;1.1686357390817762e-63
1.7184004437428442e-57;0.08137136344958289;7.39179263476884e-64
9.777522021127291e-58;0.07559226280297782;4.0607787075973336e-64
6.704724789642972e-58;0.08137136344958289;2.568502154985325e-64
3.814919538401984e-58;0.07559226280297782;1.4110405116509911e-64
2.6159987719125672e-58;0.08137136344958289;8.925038412377718e-65
1.488476431250548e-58;0.07559226280297782;4.9030874836771005e-65
1.020690600935538e-58;0.08137136344958289;3.1012748230640605e-65
5.807624680116954e-59;0.07559226280297782;1.70372619879373e-65
3.982453333020778e-59;0.08137136344958289;1.077631835716516e-65
2.2659750411208278e-59;0.07559226280297782;5.920112521180727e-66
1.553843499210393e-59;0.08137136344958289;3.744558091766897e-66
8.841209909038316e-60;0.07559226280297782;2.0571223409169418e-66
6.062668958400563e-60;0.08137136344958289;1.3011600843523645e-66
3.449596365236803e-60;0.07559226280297782;7.148094416042632e-67
2.3654862872504113e-60;0.08137136344958289;4.5212746701253253e-67
1.3459374005915154e-60;0.07559226280297782;2.483821830347955e-67
9.229475357410775e-61;0.08137136344958289;1.571053776437634e-67
5.25147667874089e-61;0.07559226280297782;8.630790985450615e-68
3.601086839191447e-61;0.08137136344958289;5.459102019985283e-68
2.0489814232994408e-61;0.07559226280297782;2.9990296455402455e-68
1.4050448071227993e-61;0.08137136344958289;1.896930284091424e-68
7.994560634767585e-62;0.07559226280297782;1.0421036530708732e-68
5.482097483841838e-62;0.08137136344958289;6.591458612661834e-69
3.119257159494273e-62;0.07559226280297782;3.6211046641655754e-69
2.1389633035182224e-62;0.08137136344958289;2.2904018669955504e-69
1.2170481495558955e-62;0.07559226280297782;1.258262453087274e-69
8.345645124484956e-63;0.08137136344958289;7.958694760306195e-70
4.74858635437925e-63;0.07559226280297782;4.37221386202057e-70
3.2562406484149393e-63;0.08137136344958289;2.7654894628082547e-70
1.852767482800499e-63;0.07559226280297782;1.5192580854925077e-70
1.2704953304666342e-63;0.08137136344958289;9.609530455983015e-71
7.228987932707897e-64;0.07559226280297782;5.279122209423857e-71
4.957122519563348e-64;0.08137136344958289;3.3391223082330645e-71
2.8205517970472402e-64;0.07559226280297782;1.834390849596675e-71
1.9341325453700502e-64;0.08137136344958289;1.1602791458346157e-71
1.1005015520680712e-64;0.07559226280297782;6.374146412214347e-72
7.546451975508493e-65;0.08137136344958289;4.031741194203479e-72
4.293853661443514e-65;0.07559226280297782;2.2148901633083375e-72
2.9444175144552975e-65;0.08137136344958289;1.400950548442786e-72
1.6753433224373518e-65;0.07559226280297782;7.696306482887642e-73
1.1488305401754011e-65;0.08137136344958289;4.868026851534768e-73
6.536727772627062e-66;0.07559226280297782;2.6743147113924212e-73
4.482420049331421e-66;0.08137136344958289;1.691543320612169e-73
2.550450967343851e-66;0.07559226280297782;9.29271617687256e-74
1.7489167284481017e-66;0.08137136344958289;5.8777794222839e-74
9.951156546650774e-67;0.07559226280297782;3.229035594653229e-74
6.823790919598983e-67;0.08137136344958289;2.0424124239703752e-74
3.882666943371201e-67;0.07559226280297782;1.1220261840652269e-74
2.662455093314823e-67;0.08137136344958289;7.0969803558359e-75
1.514909600957008e-67;0.07559226280297782;3.8988196965452637e-75
1.0388165768031225e-67;0.08137136344958289;2.4660607025298566e-75
5.910759621012164e-68;0.07559226280297782;1.3547629495681743e-75
4.0531758937477584e-68;0.08137136344958289;8.569074569244366e-76
2.306215451754825e-68;0.07559226280297782;4.7075340548550873e-76
1.5814374926721458e-68;0.08137136344958289;2.977584408118666e-76
8.998216897546489e-69;0.07559226280297782;1.6357752391061482e-76
6.170333113564129e-69;0.08137136344958289;1.0346518560233753e-76
3.5108561636633597e-69;0.07559226280297782;5.68399633798327e-77
2.407493872427059e-69;0.08137136344958289;3.595211139115931e-77
1.369839285080351e-69;0.07559226280297782;1.975076624088126e-77
9.393377373796126e-70;0.08137136344958289;1.249264963820959e-77
5.3447352425611145e-70;0.07559226280297782;6.863001731636279e-78
3.6650368874082485e-70;0.08137136344958289;4.3409493613617e-78
2.0853683438783227e-70;0.07559226280297782;2.3847577452944964e-78
1.429996352912913e-70;0.08137136344958289;1.508394288131755e-78
8.136532367440466e-71;0.07559226280297782;8.286562827933562e-79
5.579451536680948e-71;0.08137136344958289;5.2413726562218834e-79
3.1746506155973882e-71;0.07559226280297782;2.879417149887931e-79
2.1769481710046874e-71;0.08137136344958289;1.8212736243794853e-79
1.238661148997957e-71;0.07559226280297782;1.0005406699047795e-79
8.49385160545694e-72;0.08137136344958289;6.328566641646511e-80
4.832914319764374e-72;0.07559226280297782;3.476681494977104e-80
3.31406673142004e-72;0.08137136344958289;2.199052091989002e-80
1.8856699300756124e-72;0.07559226280297782;1.2080782501991212e-80
1.293057473861323e-72;0.08137136344958289;7.641272308737282e-81
7.357364211175852e-73;0.07559226280297782;4.197833654629271e-81
5.0451537829843155e-73;0.08137136344958289;2.6551914212938607e-81
2.8706406817295195e-73;0.07559226280297782;1.458664402660478e-81
1.968479917443383e-73;0.08137136344958289;9.226266515395996e-82
1.1200448539822278e-73;0.07559226280297782;5.068571112250875e-82
7.680465952191108e-74;0.08137136344958289;3.2059456478522544e-82
4.370106237664874e-74;0.07559226280297782;1.7612284959506136e-82
2.9967060735565493e-74;0.08137136344958289;1.114002882946383e-82
1.7050949754892966e-74;0.07559226280297782;6.119921662835144e-83
1.1692320944055225e-74;0.08137136344958289;3.8709403075633396e-83
6.652810520671383e-75;0.07559226280297782;2.1265520768799286e-83
4.562021289480086e-75;0.08137136344958289;1.3450754117518472e-83
2.5957432553723234e-75;0.07559226280297782;7.389349055143562e-84
1.7799749378459432e-75;0.08137136344958289;4.673871771580666e-84
1.0127874568011819e-75;0.07559226280297782;2.5676530592593554e-84
6.944971490303474e-76;0.08137136344958289;1.624078259577076e-84
3.951617443408041e-76;0.07559226280297782;8.922087972193983e-85
2.7097364112046086e-76;0.08137136344958289;5.643351641071814e-85
1.5418121851910053e-76;0.07559226280297782;3.100249603290655e-85
1.0572644435560053e-76;0.08137136344958289;1.960953393531747e-85
6.0157260879820274e-77;0.07559226280297782;1.0772755920652898e-85
4.1251543839678114e-77;0.08137136344958289;6.813926290925492e-86
2.347170473370229e-77;0.07559226280297782;3.743320215339507e-86
1.6095215151976733e-77;0.08137136344958289;2.367704997544295e-86
9.158012101094664e-78;0.07559226280297782;1.3007299467080234e-86
6.279909227039563e-78;0.08137136344958289;8.227307892752072e-87
3.5732038467308755e-78;0.07559226280297782;4.519780026645712e-87
2.4502474510266535e-78;0.08137136344958289;2.8588272285755644e-87
1.3941656321644487e-78;0.07559226280297782;1.5705344173067693e-87
9.560190050856596e-79;0.08137136344958289;9.933860783361513e-88
5.439649942408926e-79;0.07559226280297782;5.457297349436813e-88
3.730122595177158e-79;0.08137136344958289;3.4518207003497954e-88
2.1224014430775465e-79;0.07559226280297782;1.8963031966686784e-88
1.4553910017515262e-79;0.08137136344958289;1.1994396143864037e-88
8.281025310946414e-80;0.07559226280297782;6.589279607545943e-89
5.678534455457247e-80;0.08137136344958289;4.16781609894633e-89
3.231027778660885e-80;0.07559226280297782;2.289644705693488e-89
2.215607594317142e-80;0.08137136344958289;1.448233894085822e-89
1.260657963776374e-80;0.07559226280297782;7.956063774113677e-90
8.644690017295185e-81;0.08137136344958289;5.032327152124643e-90
4.918739826778798e-81;0.07559226280297782;2.7645752469963182e-90
3.3729197212900547e-81;0.08137136344958289;1.7486344346329892e-90
1.919156676809099e-81;0.07559226280297782;9.606353736343956e-91
1.316020288004145e-81;0.08137136344958289;6.076159783636611e-91
7.488020265046194e-82;0.07559226280297782;3.3380184608117533e-91
5.134748353204506e-82;0.08137136344958289;2.1113456869578262e-91
2.921619071923218e-82;0.07559226280297782;1.1598955806264877e-91
2.0034372487313348e-82;0.08137136344958289;7.336509849264375e-92
1.1399352164243694e-82;0.07559226280297782;4.0304083807543836e-92
7.816859821570927e-83;0.08137136344958289;2.54929247734449e-92
4.447712948386109e-83;0.07559226280297782;1.4004874220558102e-92
3.0499232011775335e-83;0.08137136344958289;8.858288571229603e-93
1.7353749744912755e-83;0.07559226280297782;4.8664175786807405e-93
1.1899959504725554e-83;0.08137136344958289;3.078080569747559e-93
6.770954728954253e-84;0.07559226280297782;1.6909841300344919e-93
4.643036131514218e-84;0.08137136344958289;1.069572290140727e-93
2.6418398683539637e-84;0.07559226280297782;5.87583634531355e-94
1.8115846957282306e-84;0.08137136344958289;3.716552760445444e-94
1.0307730843597617e-84;0.07559226280297782;2.041737243045767e-94
7.068304051139162e-85;0.08137136344958289;1.2914287840569674e-94
4.0217924037255793e-85;0.07559226280297782;7.09463423528634e-95
2.757857376315862e-85;0.08137136344958289;4.487460320867254e-95
1.5691925200696672e-85;0.07559226280297782;2.4652454719105468e-95
1.0760399175066671e-85;0.08137136344958289;1.5593039569783783e-95
6.122556606257406e-86;0.07559226280297782;8.566241803627214e-96
4.1984111071563304e-86;0.08137136344958289;5.418273714737883e-96
2.3888527964154472e-86;0.07559226280297782;2.9766000779362964e-96
1.6381042689881837e-86;0.08137136344958289;1.882743253259539e-96
9.32064503431392e-87;0.07559226280297782;1.034309820698582e-96
6.391431252416895e-87;0.08137136344958289;6.542161478576746e-97
3.6366587336833265e-87;0.07559226280297782;3.59402263382064e-97
2.4937602708039776e-87;0.08137136344958289;2.2732720851701563e-97
1.4189239796802016e-87;0.07559226280297782;1.2488519816712947e-97
9.729965077679126e-88;0.08137136344958289;7.899172146906584e-98
5.536250188843866e-88;0.07559226280297782;4.339514329842571e-98
3.7963641301548775e-88;0.08137136344958289;2.7448065285944127e-98
2.16009219608662e-88;0.07559226280297782;1.5078956429814547e-98
1.481236622502285e-88;0.08137136344958289;9.53766133880866e-99
8.428084238311355e-89;0.07559226280297782;5.239639962670521e-99
5.779376942307346e-89;0.08137136344958289;3.314149207463035e-99
3.288406117885153e-89;0.07559226280297782;1.8206715475436669e-99
2.2549535525828714e-89;0.08137136344958289;1.1516014858522747e-99
1.2830454098915279e-89;0.07559226280297782;6.326474543387421e-100
8.798207099251862e-90;0.08137136344958289;4.001588037227689e-100
5.006089469576914e-90;0.07559226280297782;2.1983251291056473e-100
3.4328178543926423e-90;0.08137136344958289;1.3904729210932792e-100
1.9532380993068368e-90;0.07559226280297782;7.638746256093824e-101
1.3393908882230056e-90;0.08137136344958289;4.831619162958995e-101
7.620996579803872e-91;0.07559226280297782;2.6543136678206698e-101
5.225933992271815e-91;0.08137136344958289;1.678892366887488e-101
2.973502763948413e-91;0.07559226280297782;9.223216495192718e-102
2.0390153712196168e-91;0.08137136344958289;5.8338198531914995e-102
1.1601788026830997e-91;0.07559226280297782;3.2048858259860355e-102
7.955675847069938e-92;0.08137136344958289;2.027137340709118e-102
4.526697841060236e-92;0.07559226280297782;1.1136346157503501e-102
3.104085387340371e-92;0.08137136344958289;7.043902454151317e-103
1.766192702096492e-92;0.07559226280297782;3.8696606516890954e-103
1.2111285423285158e-92;0.08137136344958289;2.4476171785303156e-103
6.891197006001808e-93;0.07559226280297782;1.3446307565737307e-103
4.7254896789408365e-93;0.08137136344958289;8.504986960894116e-104
2.6887550899264057e-93;0.07559226280297782;4.672326682534412e-104
1.843755796791329e-93;0.08137136344958289;2.955315228193197e-104
1.0490781104224437e-93;0.07559226280297782;1.6235413716067202e-104
7.193826818310983e-94;0.08137136344958289;1.0269137552060864e-104
4.093213568951883e-94;0.07559226280297782;5.641486061263272e-105
2.806832899558186e-94;0.08137136344958289;3.568322764932908e-105
1.597059089747398e-94;0.07559226280297782;1.960305141342419e-105
1.0951488164809547e-94;0.08137136344958289;1.2399217841018303e-105
6.23128427866981e-95;0.07559226280297782;6.811673742419949e-106
4.272968762865864e-95;0.08137136344958289;4.308483654558575e-106
2.4312753367027258e-95;0.07559226280297782;2.3669222813647996e-106
1.6671946107832908e-95;0.08137136344958289;1.4971130953268192e-106
9.486166091142932e-96;0.07559226280297782;8.224588108400576e-107
6.504933746252364e-96;0.08137136344958289;5.2021727361727234e-107
3.7012404868462977e-96;0.07559226280297782;2.8578821571547156e-107
2.5380458147745978e-96;0.08137136344958289;1.807652425287956e-107
1.4441219993249843e-96;0.07559226280297782;9.930576846567012e-108
9.902755061273357e-97;0.08137136344958289;6.281235661262237e-108
5.634565914714084e-97;0.07559226280297782;3.45067959708158e-108
3.8637820181462796e-97;0.08137136344958289;2.182605509796916e-108
2.1984522818776868e-97;0.07559226280297782;1.1990431035062575e-108
1.507541223768379e-97;0.08137136344958289;7.584123679318461e-109
8.577754717664809e-98;0.07559226280297782;4.1664383018401853e-109
5.882010244592983e-98;0.08137136344958289;2.635333399692144e-109
3.346803412698065e-98;0.07559226280297782;1.4477551367652227e-109
2.2949982376609687e-98;0.08137136344958289;9.15726380685426e-110
1.3058304243860189e-98;0.07559226280297782;5.030663564859102e-110
8.954450420600046e-99;0.08137136344958289;3.181968567548952e-110
5.094990314586511e-99;0.07559226280297782;1.7480563708685305e-110
3.493779690946735e-99;0.08137136344958289;1.1056713204320877e-110
1.9879247581427547e-99;0.07559226280297782;6.074151126064509e-111
1.3631765162036476e-99;0.08137136344958289;3.841989771029476e-111
7.756334359896916e-100;0.07559226280297782;2.1106477180675282e-111
5.318738955247542e-100;0.08137136344958289;1.3350156712870743e-111
3.02630783464478e-100;0.07559226280297782;7.33408454502842e-112
2.0752253092542008e-100;0.08137136344958289;4.6389161575110405e-112
1.1807818854980502e-100;0.07559226280297782;2.5484497319558723e-112
8.096957042646872e-101;0.08137136344958289;1.6119318731045543e-112
4.607085390187947e-101;0.07559226280297782;8.85536019721573e-113
3.1592094149058975e-101;0.08137136344958289;5.601145343666751e-113
1.797557707580388e-101;0.07559226280297782;3.0770630175329757e-113
1.2326364181830278e-101;0.08137136344958289;1.9462875376027054e-113
7.013574610454183e-102;0.07559226280297782;1.0692187108149662e-113
4.809407481068613e-102;0.08137136344958289;6.762965334064672e-114
2.7365034573838754e-102;0.07559226280297782;3.715324142023574e-114
1.8764982096711246e-102;0.08137136344958289;2.3499970701192954e-114
1.067708207040652e-102;0.07559226280297782;1.2910018633869537e-114
7.321578686687908e-103;0.08137136344958289;8.165776337419375e-115
4.1659030698679156e-103;0.07559226280297782;4.485976855738947e-115
2.856678156637168e-103;0.08137136344958289;2.8374462266615946e-115
1.625420529044804e-103;0.07559226280297782;1.5587884821041278e-115
1.1145970616208148e-103;0.08137136344958289;9.859566018606539e-116
6.341942795908724e-104;0.07559226280297782;5.416482541215067e-116
4.348850453759908e-104;0.08137136344958289;3.4260047348856475e-116
2.4744512394103013e-104;0.07559226280297782;1.8821208557870136e-116
1.6968015546053697e-104;0.08137136344958289;1.1904690755463669e-116
9.654626560443187e-105;0.07559226280297782;6.539998770112881e-117
6.620451878776307e-105;0.08137136344958289;4.136645245703457e-117
3.76696911771956e-105;0.07559226280297782;2.27252058663326e-117
2.583117805392774e-105;0.08137136344958289;1.4374026373551513e-117
1.4697674990343183e-105;0.07559226280297782;7.896560837706159e-118
1.0078613542872694e-105;0.08137136344958289;4.994690671194343e-118
5.734627584431435e-106;0.07559226280297782;2.743899150149156e-118
3.9323971494645583e-106;0.08137136344958289;1.735556499800123e-118
2.237493586824383e-106;0.07559226280297782;9.534508377670278e-119
1.5343129563740929e-106;0.08137136344958289;6.030716539405218e-119
8.7300831263598e-107;0.07559226280297782;3.313053615652133e-119
5.986466164583491e-107;0.08137136344958289;2.0955550558477414e-119
3.4062377582642016e-107;0.07559226280297782;1.1512207893059424e-119
2.33575405792017e-107;0.08137136344958289;7.281640520484697e-120
1.3290200674942066e-107;0.07559226280297782;4.00026519181255e-120
9.11346839537369e-108;0.08137136344958289;2.5302264677610626e-120
5.185469908895612e-108;0.07559226280297782;1.3900132584015118e-120
3.555824120773668e-108;0.08137136344958289;8.792037948245869e-121
2.0232274014311707e-108;0.07559226280297782;4.830021925762676e-121
1.387384542233589e-108;0.08137136344958289;3.0550597848972896e-121
7.894075541504297e-109;0.07559226280297782;1.6783373584634863e-121
5.413191998961709e-109;0.08137136344958289;1.061573021435698e-121
3.0800506463532193e-109;0.07559226280297782;5.831891308380368e-122
2.112078282957358e-109;0.08137136344958289;3.688756879361699e-122
1.2017508490035426e-109;0.07559226280297782;2.026467209423226e-122
8.240747186125568e-110;0.08137136344958289;1.2817702635882655e-122
4.6889005049013623e-110;0.07559226280297782;7.041573880100352e-123
3.215312364774095e-110;0.08137136344958289;4.453898867152849e-123
1.8294797097995957e-110;0.07559226280297782;2.446808044973213e-123
1.254526242532357e-110;0.08137136344958289;1.54764201373278e-123
7.138125462610625e-111;0.07559226280297782;8.502175381365608e-124
4.8948155409246826e-111;0.08137136344958289;5.37775076200143e-124
2.7850997661816907e-111;0.07559226280297782;2.954338259758784e-124
1.909822080031923e-111;0.08137136344958289;1.868662326402856e-124
1.086669146993171e-111;0.07559226280297782;1.0265742779435151e-124
7.45159924185503e-112;0.08137136344958289;6.493233034878997e-125
4.239883430264995e-112;0.07559226280297782;3.5671431483993194e-125
2.9074085927567885e-112;0.08137136344958289;2.2562704159828173e-125
1.6542856261243048e-112;0.07559226280297782;1.2395118906215507e-125
1.1343906792190385e-112;0.08137136344958289;7.840094699657021e-126
6.454566446961122e-113;0.07559226280297782;4.3070593555563786e-126
4.426079692771539e-113;0.08137136344958289;2.7242782808378644e-126
2.5183938831555695e-113;0.07559226280297782;1.4966181795144786e-126
1.7269342745526886e-113;0.08137136344958289;9.466329726565169e-127
9.826078641891482e-114;0.07559226280297782;5.200453001335263e-127
6.738021444790925e-114;0.08137136344958289;3.2893628790554656e-127
3.833864993177931e-114;0.07559226280297782;1.8070548513496314e-127
2.6289902088035214e-114;0.08137136344958289;1.14298872558225e-127
1.4958684254012654e-114;0.07559226280297782;6.279159209683866e-128
1.0257595014524687e-114;0.08137136344958289;3.9716603939522626e-128
5.83646620341128e-115;0.07559226280297782;2.18188398382652e-128
4.002230785404396e-115;0.08137136344958289;1.3800736553069263e-128
2.2772282083849976e-115;0.07559226280297782;7.581616518875244e-129
1.5615601158904694e-115;0.08137136344958289;4.795483765360202e-129
8.88511666534346e-116;0.07559226280297782;2.63446221088592e-129
6.092777069310028e-116;0.08137136344958289;1.666336028907015e-129
3.466727571091866e-116;0.07559226280297782;9.15423659757401e-130
2.377233642083744e-116;0.08137136344958289;5.790189055149544e-130
1.352621524829909e-116;0.07559226280297782;3.1809166720285956e-130
9.275310297369365e-117;0.08137136344958289;2.0119764989036544e-130
5.277556288788362e-117;0.07559226280297782;1.1053058074849102e-130
3.618970369150431e-117;0.08137136344958289;6.991221518994189e-131
2.059156968157228e-117;0.07559226280297782;3.8407196856267975e-131
1.4120224674858947e-117;0.08137136344958289;2.4293115925698446e-131
8.034262805530265e-118;0.07559226280297782;1.3345743416590706e-131
5.509322390923615e-118;0.08137136344958289;8.441378660024614e-132
3.1347478519859125e-118;0.07559226280297782;4.637382624095538e-132
2.1495857117043678e-118;0.08137136344958289;2.9332125981640695e-132
1.2230921907068178e-118;0.07559226280297782;1.6113990004879762e-132
8.387090832760153e-119;0.08137136344958289;1.0192335271929773e-132
4.772168536682425e-119;0.07559226280297782;5.5992937164206526e-133
3.272411621176788e-119;0.08137136344958289;3.541635487330363e-133
1.8619686002034697e-119;0.07559226280297782;1.9456441336536457e-133
1.2768047982245004e-119;0.08137136344958289;1.230648481478272e-133
7.264888156179532e-120;0.07559226280297782;6.760729632237877e-134
4.9817403233119686e-120;0.08137136344958289;4.2762607568809393e-134
2.834559074520917e-120;0.07559226280297782;2.3492202078284084e-134
1.9437377337102322e-120;0.08137136344958289;1.4859162739041516e-134
1.1059668055749113e-120;0.07559226280297782;8.16307689417621e-135
7.5839287723797174e-121;0.08137136344958289;5.1632659900367067e-135
4.315177573924101e-121;0.07559226280297782;2.8365082233747194e-135
2.959039927405315e-121;0.08137136344958289;1.7941330983490783e-135
1.6836633252132691e-121;0.07559226280297782;9.856306642183553e-136
1.1545358025865771e-121;0.08137136344958289;6.234258666516584e-136
6.56919012973639e-122;0.07559226280297782;3.424872165862145e-136
4.504680410389237e-122;0.08137136344958289;2.1662819306327205e-136
2.5631168841406986e-122;0.07559226280297782;1.1900755301479418e-136
1.75760210764212e-122;0.08137136344958289;7.527402461162124e-137
1.0000575462154782e-122;0.07559226280297782;4.13527775306143e-137
6.85767887476195e-123;0.08137136344958289;2.6156238950744576e-137
3.901948841782218e-123;0.07559226280297782;1.4369274606326013e-137
2.675677239170222e-123;0.08137136344958289;9.088777165540666e-138
1.5224328661387912e-123;0.07559226280297782;4.9930395258008275e-138
1.0439754935976205e-123;0.08137136344958289;3.1581708104292064e-138
5.940113327679916e-124;0.07559226280297782;1.7349827593408117e-138
4.0733045648300565e-124;0.08137136344958289;1.0974020691873543e-138
2.3176684588510327e-124;0.07559226280297782;6.0287229044658105e-139
1.5892911452057846e-124;0.08137136344958289;3.813255753867911e-139
9.042903373782868e-125;0.07559226280297782;2.0948623070260226e-139
6.200975900595084e-125;0.08137136344958289;1.3250311670338442e-139
3.52829159473968e-125;0.07559226280297782;7.279233354957521e-140
2.4194498431426315e-125;0.08137136344958289;4.604221974437967e-140
1.376642109612965e-125;0.07559226280297782;2.529390025216003e-140
9.440026275414397e-126;0.08137136344958289;1.59987632874722e-140
5.371277988432415e-126;0.07559226280297782;8.789131475370257e-141
3.683238002766923e-126;0.08137136344958289;5.559254704695529e-141
2.0957245915664923e-126;0.07559226280297782;3.0540498428963116e-141
1.43709792634353e-126;0.08137136344958289;1.9317313667538092e-141
8.176939590829731e-127;0.07559226280297782;1.0612220865090703e-141
5.607159918390883e-127;0.08137136344958289;6.712385511224609e-142
3.1904164001864934e-127;0.07559226280297782;3.6875374497052695e-142
2.187759217661945e-127;0.08137136344958289;2.3324215792495413e-142
1.2448125235013585e-127;0.07559226280297782;1.281346535833018e-142
8.53603332904109e-128;0.08137136344958289;8.104704972996129e-143
4.856915287218443e-128;0.07559226280297782;4.452426496773619e-143
3.330524877064402e-128;0.08137136344958289;2.816225132012489e-143
1.8950344458990743e-128;0.07559226280297782;1.5471303940650133e-143
1.2994789885609446e-128;0.08137136344958289;9.785826900059032e-144
7.393901970237292e-129;0.07559226280297782;5.375972984560813e-144
5.0702087630097086e-129;0.08137136344958289;3.4003818455198003e-144
2.8848967080142714e-129;0.07559226280297782;1.8680445838046913e-144
1.9782556799143498e-129;0.08137136344958289;1.1815656268425238e-144
1.1256071624174474e-129;0.07559226280297782;6.491086501185453e-145
7.718608282295483e-130;0.08137136344958289;4.105707517451902e-145
4.3918088317191675e-130;0.07559226280297782;2.255524537859599e-145
3.0115881592262032e-130;0.08137136344958289;1.4266523869611312e-145
1.7135627293754905e-130;0.07559226280297782;7.837502920285632e-146
1.175038673953046e-130;0.08137136344958289;4.957335671307314e-146
6.685849361879831e-131;0.07559226280297782;2.7233776886230195e-146
4.584676962072039e-131;0.08137136344958289;1.7225763740782537e-146
2.6086341003716925e-131;0.07559226280297782;9.463200346239049e-147
1.7888145567023308e-131;0.08137136344958289;5.98561316254397e-147
1.0178171091352136e-131;0.07559226280297782;3.288275481111758e-147
6.979461246107034e-132;0.08137136344958289;2.079882521945707e-147
3.9712417602022143e-132;0.07559226280297782;1.1426108762431595e-147
2.723193363079062e-132;0.08137136344958289;7.22718155621112e-148
1.549469052585843e-132;0.07559226280297782;3.970347442020746e-148
1.0625149751858235e-132;0.08137136344958289;2.5113030517500385e-148
6.0456010736526495e-133;0.07559226280297782;1.3796174304055913e-148
4.145640510880458e-133;0.08137136344958289;8.726282809803039e-149
2.358826869162336e-133;0.07559226280297782;4.793898473807617e-149
1.6175146371416933e-133;0.08137136344958289;3.0322111711527183e-149
9.203492143950683e-134;0.07559226280297782;1.6657851713586087e-149
6.311096185259834e-134;0.08137136344958289;1.0536335787942316e-149
3.5909489056245143e-134;0.07559226280297782;5.788274933812438e-150
2.4624157423381733e-134;0.08137136344958289;3.6611688820495634e-150
1.4010892649353227e-134;0.07559226280297782;2.0113113794905217e-150
9.607667368906079e-135;0.08137136344958289;1.2721839786301845e-150
5.466664048720585e-135;0.07559226280297782;6.988910360212586e-151
3.74864693578887e-135;0.08137136344958289;4.420588417591098e-151
2.1329416026147144e-135;0.07559226280297782;2.4285085104753745e-151
1.462618688764956e-135;0.08137136344958289;1.5360672894797675e-151
8.32215010766824e-136;0.07559226280297782;8.438588108135232e-152
5.706734897599353e-136;0.08137136344958289;5.337530878062349e-152
3.247073540581747e-136;0.07559226280297782;2.9322429364195318e-152
2.2266106293895297e-136;0.08137136344958289;1.8546867099759462e-152
1.2669185777159946e-136;0.07559226280297782;1.0188965888610316e-152
8.687620826746356e-137;0.08137136344958289;6.444670524154709e-153
4.943167016397031e-137;0.07559226280297782;3.540464693079956e-153
3.389670139588348e-137;0.08137136344958289;2.2393959012865923e-153
1.9286874927705959e-137;0.07559226280297782;1.2302416535673983e-153
1.3225558394357326e-137;0.08137136344958289;7.78145908918587e-154
7.52520688139936e-138;0.07559226280297782;4.2748471101278164e-154
5.160248273119524e-138;0.08137136344958289;2.703903562647646e-154
2.9361282644350057e-138;0.07559226280297782;1.4854250595382753e-154
2.0133866144807802e-138;0.08137136344958289;9.395531599284562e-155
1.1455963033418946e-138;0.07559226280297782;5.1615591169956774e-155
7.85567950380765e-139;0.08137136344958289;3.2647619261507867e-155
4.469800948846349e-139;0.07559226280297782;1.7935399936313504e-155
3.0650695709754662e-139;0.08137136344958289;1.1344403796433843e-155
1.7439931033318875e-139;0.07559226280297782;6.232197744598319e-156
1.195905646400945e-139;0.08137136344958289;3.9419565777734016e-156
6.804580291778328e-140;0.07559226280297782;2.1655658009129257e-156
4.666094135796398e-140;0.08137136344958289;1.369752165022171e-156
2.6549596359525576e-140;0.07559226280297782;7.524914051625476e-157
1.8205812933183528e-140;0.08137136344958289;4.7596186222900997e-157
1.0358920559808965e-140;0.07559226280297782;2.6147592218384542e-157
7.10340629468465e-141;0.08137136344958289;1.6538735990451303e-157
4.041765219753811e-141;0.07559226280297782;9.085772596581839e-158
2.7715533040216856e-141;0.08137136344958289;5.746884569298517e-158
1.5769853622579385e-141;0.07559226280297782;3.1571267819740263e-158
1.0813836909176173e-141;0.08137136344958289;1.9969290441488097e-158
6.152962128085415e-142;0.07559226280297782;1.0970392898901643e-158
4.219261037793337e-142;0.08137136344958289;6.938934581475038e-159
2.400716192789939e-142;0.07559226280297782;3.811995167359803e-159
1.646239337115832e-142;0.08137136344958289;2.411142913017903e-159
9.366932736374898e-143;0.07559226280297782;1.3245931380843566e-159
6.423172045512851e-143;0.08137136344958289;8.378246081923187e-160
3.6547189189325787e-143;0.07559226280297782;4.6026999102293387e-160
2.5061446532154427e-143;0.08137136344958289;2.9112752724143576e-160
1.4259705660673915e-143;0.07559226280297782;1.5993474414538327e-160
9.778285523626948e-144;0.08137136344958289;1.0116107391567266e-160
5.563744026269598e-144;0.07559226280297782;5.557416925661497e-161
3.815217436028533e-144;0.08137136344958289;3.5151478023187375e-161
2.1708195334788979e-144;0.07559226280297782;1.93109277478532e-161
1.4885926626917566e-144;0.08137136344958289;1.2214445333435612e-161
8.469939351421191e-145;0.07559226280297782;6.710166530081243e-162
5.8080781831569644e-145;0.08137136344958289;4.2442788523735344e-162
3.304736829126683e-145;0.07559226280297782;2.331650527066366e-162
2.2661519855045244e-145;0.08137136344958289;1.4748031928551204e-162
1.289417203200374e-145;0.07559226280297782;8.102025718731375e-163
8.8419002972421e-146;0.08137136344958289;5.124650225183262e-163
5.030950450443083e-146;0.07559226280297782;2.81529414399743e-163
3.44986573568077e-146;0.08137136344958289;1.7807148816669792e-163
1.9629381686541856e-146;0.07559226280297782;9.782591900322036e-164
1.3460425015125394e-146;0.08137136344958289;6.187633009971614e-164
7.658843576207557e-147;0.07559226280297782;3.3992577469139037e-164
5.251886753559696e-147;0.08137136344958289;2.1500804345639527e-164
2.988269618550048e-147;0.07559226280297782;1.181175024747153e-164
2.049141423188476e-147;0.08137136344958289;7.471105457684413e-165
1.1659404222446624e-147;0.07559226280297782;4.104350252207503e-165
7.995184910224612e-148;0.08137136344958289;2.5960617966909683e-165
4.549178092181882e-148;0.07559226280297782;1.4261807640575426e-165
3.1195007345671057e-148;0.08137136344958289;9.020802731818444e-166
1.7749638763313206e-148;0.07559226280297782;4.9556968747337776e-166
1.2171431858342477e-148;0.08137136344958289;3.134551035345399e-166
6.925419709761361e-149;0.07559226280297782;1.7220069245903288e-166
4.748957159737053e-149;0.08137136344958289;1.089194663189831e-166
2.7021078454555895e-149;0.07559226280297782;5.983634437883863e-167
1.852912160828463e-149;0.08137136344958289;3.784736636742901e-167
1.054287987510903e-149;0.07559226280297782;2.0791949541519752e-167
7.229552426487064e-150;0.08137136344958289;1.3151213363049192e-167
4.1135410730521035e-150;0.07559226280297782;7.224792393734371e-168
2.820772046957474e-150;0.08137136344958289;4.569787267134283e-168
1.604990321443044e-150;0.07559226280297782;2.5104728649099373e-168
1.1005874875110283e-150;0.08137136344958289;1.5879109471022082e-168
6.262229758203309e-151;0.07559226280297782;8.723398074268355e-169
4.2941889578505816e-151;0.08137136344958289;5.517677363367152e-169
2.443349409687935e-151;0.07559226280297782;3.0312087824489944e-169
1.67547414585168e-151;0.08137136344958289;1.9172840606567522e-169
9.533275795257983e-152;0.07559226280297782;1.0532852684894288e-169
6.537238209523377e-152;0.08137136344958289;6.662183971926157e-170
3.719621394635453e-152;0.07559226280297782;3.659958572436327e-170
2.5506501257486728e-152;0.08137136344958289;2.3149775344497535e-170
1.4512937228053231e-152;0.07559226280297782;1.2717634199100758e-170
9.951933607840883e-153;0.08137136344958289;8.044090357741419e-171
5.662548002578525e-153;0.07559226280297782;4.419127058983958e-171
3.882970131224955e-153;0.08137136344958289;2.795162748691156e-171
2.2093701211306835e-153;0.07559226280297782;1.5355594961856255e-171
1.5150278964990275e-153;0.08137136344958289;9.712639272073484e-172
8.62035311651616e-154;0.07559226280297782;5.335766396515394e-172
5.911221177604505e-154;0.08137136344958289;3.3749505882473897e-172
3.363424133544464e-154;0.07559226280297782;1.8540735874385968e-172
2.306395538412607e-154;0.08137136344958289;1.1727287665116538e-172
1.312315371447476e-154;0.07559226280297782;6.4425400442613094e-173
8.998919546037466e-155;0.08137136344958289;4.0750011706634756e-173
5.120292790200263e-155;0.07559226280297782;2.238655601542309e-173
3.5111303177333886e-155;0.08137136344958289;1.4159825370620904e-173
1.997797086569149e-155;0.07559226280297782;7.778886693581063e-174
1.3699462524403864e-155;0.08137136344958289;4.920260047283244e-174
7.794853463737324e-156;0.07559226280297782;2.703009705909377e-174
5.345152599710388e-156;0.08137136344958289;1.709693325958736e-174
3.0413369270390525e-156;0.07559226280297782;9.392425623411174e-175
2.085531185131949e-156;0.08137136344958289;5.940847111204656e-175
1.1866458230167236e-156;0.07559226280297782;3.263682660792798e-175
8.137167729118778e-157;0.08137136344958289;2.0643272020095968e-175
4.6299648577704474e-157;0.07559226280297782;1.1340653562174356e-175
3.174898516208129e-157;0.08137136344958289;7.173129887351463e-176
1.8064846450723343e-157;0.07559226280297782;3.9406534453327154e-176
1.2387578729819543e-157;0.08137136344958289;2.4925211628624164e-176
7.048405059501016e-158;0.07559226280297782;1.3692993522002336e-176
4.833291710084322e-158;0.08137136344958289;8.661019450201131e-177
2.7500933383693547e-158;0.07559226280297782;4.758045187040467e-177
1.885817177374268e-158;0.08137136344958289;3.0095334408561975e-177
1.0730106039449045e-158;0.07559226280297782;1.6533268613281607e-177
7.357938729540929e-159;0.08137136344958289;1.0457535147806927e-177
4.186591560782782e-159;0.07559226280297782;5.74498476356311e-178
2.870864842956814e-159;0.08137136344958289;3.633787213758443e-178
1.633492607843561e-159;0.07559226280297782;1.996268899124923e-178
1.120132315513268e-159;0.08137136344958289;1.262669388937554e-178
6.373437822008754e-160;0.07559226280297782;6.936640707715013e-179
4.3704474884469276e-160;0.08137136344958289;4.387527094936604e-179
2.486739730315447e-160;0.07559226280297782;2.4103458371275178e-179
1.7052281221365903e-160;0.08137136344958289;1.5245791319135921e-179
9.702572864169437e-161;0.07559226280297782;8.375476400408434e-180
6.653330022182235e-161;0.08137136344958289;5.2976117962867855e-180
3.785676443612995e-161;0.07559226280297782;2.9103128627133815e-180
2.595945950539839e-161;0.08137136344958289;1.8408156163682472e-180
1.4770665818599993e-161;0.07559226280297782;1.0112763207668904e-180
1.0128665428674904e-161;0.08137136344958289;6.396471209612525e-181
5.763106593349992e-162;0.07559226280297782;3.5139857643701534e-181
3.951926015435724e-162;0.08137136344958289;2.222647590100469e-181
2.248605310973199e-162;0.07559226280297782;1.2210407480748755e-181
1.5419325814892539e-162;0.08137136344958289;7.723262011021665e-182
8.773438010622965e-163;0.07559226280297782;4.2428757782019214e-182
6.016195841146026e-163;0.08137136344958289;2.683681225785063e-182
3.423153638862919e-163;0.07559226280297782;1.474315652252801e-182
2.3473537581043042e-163;0.08137136344958289;9.32526296706393e-183
1.3356201777538272e-163;0.07559226280297782;5.122956117746037e-183
9.158727227597674e-164;0.08137136344958289;3.2403449623364037e-183
5.2112217195595254e-164;0.07559226280297782;1.7801262127447985e-183
3.573482869377189e-164;0.08137136344958289;1.1259559662846496e-183
2.0332750480065225e-164;0.07559226280297782;6.185587501568043e-184
1.3942744991087325e-164;0.08137136344958289;3.9124749147013154e-184
7.933278688428869e-165;0.07559226280297782;2.1493696607365175e-184
5.440074711212245e-165;0.08137136344958289;1.3595078685605765e-184
3.0953466335007097e-165;0.07559226280297782;7.468635658817371e-185
2.1225671761542475e-165;0.08137136344958289;4.724021712530824e-185
1.2077189214969633e-165;0.07559226280297782;2.5952035902955966e-185
8.28167195572113e-166;0.08137136344958289;1.6415043749684863e-185
4.712186278446587e-166;0.07559226280297782;9.017820633855422e-186
3.231280081624784e-166;0.08137136344958289;5.703903955168586e-186
1.838565176676846e-166;0.07559226280297782;3.133514815118065e-186
1.260756405437203e-166;0.08137136344958289;1.9819941284294386e-186
7.173574449614297e-167;0.07559226280297782;1.088834597097823e-186
4.919123919000205e-167;0.08137136344958289;6.887038694908503e-187
2.798930983625607e-167;0.07559226280297782;3.7834854780876817e-187
1.9193065390049424e-167;0.08137136344958289;2.393110115959444e-187
1.0920657067301549e-167;0.07559226280297782;1.314686583348369e-187
7.488604986019194e-168;0.08137136344958289;8.315585668687022e-188
4.260939318593644e-168;0.07559226280297782;4.568276586354994e-188
2.921847213926851e-168;0.08137136344958289;2.8895020146429793e-188
1.6625010532652303e-168;0.07559226280297782;1.5873860153260022e-188
1.140024231144591e-168;0.08137136344958289;1.0040449615070979e-188
6.486620778772923e-169;0.07559226280297782;5.515853328975196e-189
4.4480602592841597e-169;0.08137136344958289;3.488858217156665e-189
2.5309005997300825e-169;0.07559226280297782;1.9166502446803042e-189
1.7355104856287624e-169;0.08137136344958289;1.2123094209995233e-189
9.874876402017436e-170;0.07559226280297782;6.659981586413179e-190
6.771483456053969e-170;0.08137136344958289;4.2125361386624766e-190
3.852904533884927e-170;0.07559226280297782;2.3142122489208357e-190
2.642046163091919e-170;0.08137136344958289;1.4637732258903526e-190
1.5032971292884444e-170;0.07559226280297782;8.041431141462861e-191
1.0308535748792192e-170;0.08137136344958289;5.086323265380351e-191
5.86545095797687e-171;0.07559226280297782;2.7942387234810944e-191
4.022106455542264e-171;0.08137136344958289;1.767397019043945e-191
2.2885372605425e-171;0.07559226280297782;9.709428466710603e-192
1.569315054430514e-171;0.08137136344958289;6.1413560639894266e-192
8.929241469095618e-172;0.07559226280297782;3.373834896709317e-192
6.123034701552218e-172;0.08137136344958289;2.1340001085382676e-192
3.483943853049453e-172;0.07559226280297782;1.1723410857065496e-192
2.3890393360189834e-172;0.08137136344958289;7.415229496208482e-193
1.359338843418067e-172;0.07559226280297782;4.0736540563265865e-193
9.321372860420259e-173;0.08137136344958289;2.576646002099034e-193
5.303765414037339e-173;0.07559226280297782;1.4155144413986607e-193
3.636942711364747e-173;0.08137136344958289;8.953336674916952e-194
2.0693830462760707e-173;0.07559226280297782;4.918633507173602e-194
1.4190347799425762e-173;0.08137136344958289;3.1111079111802643e-194
8.074162143146157e-174;0.07559226280297782;1.7091281353502814e-194
5.536682500921388e-174;0.08137136344958289;1.0810486399025309e-194
3.1503154735480345e-174;0.07559226280297782;5.9388831853107466e-195
2.160260872340959e-174;0.08137136344958289;3.756430812429627e-195
1.2291662474602008e-174;0.07559226280297782;2.0636447764952497e-195
8.428742366553811e-175;0.08137136344958289;1.3052856206213774e-195
4.7958678315914834e-175;0.07559226280297782;7.1707585932813575e-196
3.2886629013815736e-175;0.08137136344958289;4.535610094995869e-196
1.8712154117166078e-175;0.07559226280297782;2.4916971849412093e-196
1.2831455997326249e-175;0.08137136344958289;1.5760350538478529e-196
7.300966665471714e-176;0.07559226280297782;8.658156289435076e-197
5.006480382715774e-176;0.08137136344958289;5.476410976546844e-197
2.848635914206656e-176;0.07559226280297782;3.008538548959061e-197
1.953390622836623e-176;0.08137136344958289;1.9029448051184035e-197
1.1114592003391506e-176;0.07559226280297782;1.0454078094683216e-197
7.621591684568251e-177;0.08137136344958289;6.61235788700883e-198
4.336607384108567e-177;0.07559226280297782;3.6325859559801364e-198
2.9737349574211675e-177;0.08137136344958289;2.297663952642459e-198
1.6920246463537672e-177;0.07559226280297782;1.2622519755515562e-198
1.16026939817488e-177;0.08137136344958289;7.9839290756548985e-199
6.601813699713338e-178;0.07559226280297782;4.386076665745161e-199
4.5270513196930976e-178;0.08137136344958289;2.774257889704836e-199
2.5758457017540495e-178;0.07559226280297782;1.5240751363758448e-199
1.7663306197140667e-178;0.08137136344958289;9.63999901008416e-200
1.005023979930383e-178;0.07559226280297782;5.295860511194289e-200
6.891735122523388e-179;0.08137136344958289;3.34970952986317e-200
3.921326496953156e-179;0.07559226280297782;1.8402070793385557e-200
2.6889650481579185e-179;0.08137136344958289;1.1639579965432145e-200
1.5299934929684007e-179;0.07559226280297782;6.394356663453861e-201
1.0491600303360894e-179;0.08137136344958289;4.0445244748497224e-201
5.969612809197333e-180;0.07559226280297782;2.221912827014744e-201
4.093533197870619e-180;0.08137136344958289;1.4053924863474294e-201
2.3291783432747538e-180;0.07559226280297782;7.720708854213383e-202
1.5971838001397123e-180;0.08137136344958289;4.883461709686396e-202
9.08781176967083e-181;0.07559226280297782;2.682794054149154e-202
6.231770864239496e-181;0.08137136344958289;1.6969066294038501e-202
3.5458136127459826e-181;0.07559226280297782;9.322180220602747e-203
2.4314651889774536e-181;0.08137136344958289;5.896415862549398e-203
1.383478717978566e-181;0.07559226280297782;3.239273768741014e-203
9.486906842378986e-182;0.08137136344958289;2.0488882194030045e-203
5.397952549506257e-182;0.07559226280297782;1.1255837476370055e-203
3.701529507557009e-182;0.08137136344958289;7.119482467767087e-204
2.1061322699127e-182;0.07559226280297782;3.9111815283120625e-204
1.4442347672383592e-182;0.08137136344958289;2.4738797426250898e-204
8.217547482467869e-183;0.07559226280297782;1.359058442299292e-204
5.635005904023354e-183;0.08137136344958289;8.596244191454915e-205
3.2062604799941363e-183;0.07559226280297782;4.722460044911552e-205
2.1986239535761993e-183;0.08137136344958289;2.9870253159804014e-205
1.2509944466405294e-183;0.07559226280297782;1.640961726270983e-205
8.578424533304624e-184;0.08137136344958289;1.0379323853057889e-205
4.881035447027407e-184;0.07559226280297782;5.702018357969349e-206
3.3470647562947267e-184;0.08137136344958289;3.606610331365644e-206
1.9044454672934273e-184;0.07559226280297782;1.981338920591644e-206
1.3059323934525148e-184;0.08137136344958289;1.253225958305672e-206
7.430621181215346e-185;0.07559226280297782;6.884761976896397e-207
5.0953881697723566e-185;0.08137136344958289;4.3547130359837686e-207
2.8992235318344785e-185;0.07559226280297782;2.3923190013531014e-207
1.9880799902678987e-185;0.08137136344958289;1.5131768936070515e-207
1.1311970940992033e-185;0.07559226280297782;8.312836701458604e-208
7.756940032853638e-186;0.08137136344958289;5.257991266992921e-208
4.413619204066043e-186;0.07559226280297782;2.8885468027479653e-208
3.0265441515348313e-186;0.08137136344958289;1.8270482638596997e-208
1.7220725353801325e-186;0.07559226280297782;1.0037130442128732e-208
1.1808740898335818e-186;0.08137136344958289;6.348632374929415e-209
6.71905227886122e-187;0.07559226280297782;3.487704870022052e-209
4.607445146085603e-187;0.08137136344958289;2.2060245385557655e-209
2.6215889632143005e-187;0.07559226280297782;1.2119086556172858e-209
1.7976980744136237e-187;0.08137136344958289;7.665500185406887e-210
1.022871739466781e-187;0.07559226280297782;4.2111435580006805e-210
7.014122283140069e-188;0.08137136344958289;2.663610130599087e-210
3.99096353425666e-188;0.07559226280297782;1.4632893315757288e-210
2.7367171441672383e-188;0.08137136344958289;9.255519869840674e-211
1.5571639451168632e-188;0.07559226280297782;5.084641828073731e-211
1.0677915817324402e-188;0.08137136344958289;3.216110611568677e-211
6.075624422921556e-189;0.07559226280297782;1.76681275274226e-211
4.1662283749299064e-189;0.08137136344958289;1.1175350073580158e-211
2.3705411523403e-189;0.07559226280297782;6.139325853823774e-212
1.6255474541117304e-189;0.08137136344958289;3.883213743265897e-212
9.249198047427474e-190;0.07559226280297782;2.133294650546783e-212
6.342438022528187e-190;0.08137136344958289;1.3493401885940492e-212
3.6087820891056847e-190;0.07559226280297782;7.412778168822948e-213
2.474644463184423e-190;0.08137136344958289;4.688691029981127e-213
1.4080472814907676e-190;0.07559226280297782;2.575794214179188e-213
9.655380466340401e-191;0.08137136344958289;1.6292276595964724e-213
5.493812311080452e-191;0.07559226280297782;8.950376879890472e-214
3.767263271016402e-191;0.08137136344958289;5.6612447905420655e-214
2.1435341061433664e-191;0.07559226280297782;3.1100794407835082e-214
1.469882269541303e-191;0.08137136344958289;1.9671709100726776e-214
8.363479136214274e-192;0.07559226280297782;1.0806912667237993e-214
5.7350753873088765e-192;0.08137136344958289;6.83553093464739e-215
3.2631989881299808e-192;0.07559226280297782;3.755189011116928e-215
2.237668307161782e-192;0.08137136344958289;2.375212185137242e-215
1.2732102827905854e-192;0.07559226280297782;1.3048541191568032e-215
8.730764836948092e-193;0.08137136344958289;8.253393889022691e-216
4.967715515052466e-193;0.07559226280297782;4.534110712509912e-216
3.4065037429418315e-193;0.08137136344958289;2.8678915977951273e-216
1.9382656401740669e-193;0.07559226280297782;1.57551404800575e-216
1.3291238473825485e-193;0.08137136344958289;9.965357678667427e-217
7.562578171990428e-194;0.07559226280297782;5.474600584001595e-217
5.185874829409084e-194;0.08137136344958289;3.462765250266965e-217
2.950709511743172e-194;0.07559226280297782;1.902315729414635e-217
2.023385390252367e-194;0.08137136344958289;1.2032426296273029e-217
1.1512855040545107e-194;0.07559226280297782;6.610171973008509e-218
7.894691970329023e-195;0.08137136344958289;4.181030826853795e-218
4.4919986415843994e-195;0.07559226280297782;2.296904390639321e-218
3.080291159886446e-195;0.08137136344958289;1.4528257514044695e-218
1.752654031075222e-195;0.07559226280297782;7.981289747499588e-219
1.201844690753546e-195;0.08137136344958289;5.048282950671875e-219
6.83837284412168e-196;0.07559226280297782;2.7733407752253646e-219
4.689266649538863e-196;0.08137136344958289;1.7541787599378278e-219
2.668144558257881e-196;0.07559226280297782;9.636812218147117e-220
1.8296225693429895e-196;0.08137136344958289;6.09542522058412e-220
1.0410364491723605e-196;0.07559226280297782;3.3486021825169634e-220
7.138682861164334e-197;0.08137136344958289;2.118040046331985e-220
4.0618372237410514e-197;0.07559226280297782;1.1635732151802103e-220
2.785317247730559e-197;0.08137136344958289;7.359771427785811e-221
1.5848169048533278e-197;0.07559226280297782;4.0431874355022914e-221
1.0867540022978407e-197;0.08137136344958289;2.5573754171011585e-221
6.183518648232778e-198;0.07559226280297782;1.4049278915441302e-221
4.240214512270253e-198;0.08137136344958289;8.886375192715659e-222
2.412638504545809e-198;0.07559226280297782;4.8818473343752435e-222
1.6544148051952333e-198;0.08137136344958289;3.087840116771902e-222
9.413450310011743e-199;0.07559226280297782;1.6963456658229618e-222
6.455070468082822e-199;0.08137136344958289;1.0729635402477419e-222
3.6728687937334498e-199;0.07559226280297782;5.8944666247425634e-223
2.5185905383020136e-199;0.08137136344958289;3.728336685723588e-223
1.4330521468449947e-199;0.07559226280297782;2.048210897709228e-223
9.826845936057476e-200;0.08137136344958289;1.2955234656811164e-223
5.59137440215918e-200;0.07559226280297782;7.117128908466868e-224
3.8341643702081486e-200;0.08137136344958289;4.501688531932234e-224
2.181600144415576e-200;0.07559226280297782;2.473061927186646e-224
1.4959852340650016e-200;0.08137136344958289;1.5642479797057068e-224
8.512002323214432e-201;0.07559226280297782;8.59340244410105e-225
5.836921958614463e-201;0.08137136344958289;5.435453218623994e-225
3.321148641096072e-201;0.07559226280297782;2.9860378648216666e-225
2.277406031500672e-201;0.08137136344958289;1.8887127920349507e-225
1.295820639777382e-201;0.07559226280297782;1.0375892655032627e-225
8.885810482117161e-202;0.08137136344958289;6.5629044484712185e-226
5.055934894617957e-202;0.07559226280297782;3.605418057724117e-226
3.4669982792692968e-202;0.08137136344958289;2.280479858102547e-226
1.972686409980863e-202;0.07559226280297782;1.2528116667300141e-226
1.3527271476976503e-202;0.08137136344958289;7.924217736284196e-227
7.696878526394159e-203;0.07559226280297782;4.3532734544675525e-227
5.277968400099381e-203;0.08137136344958289;2.753509376938225e-227
3.003109807536119e-203;0.07559226280297782;1.5126766674225017e-227
2.0593177626293854e-203;0.08137136344958289;9.567902020372753e-228
1.1717306548612907e-203;0.07559226280297782;5.2562530796593556e-228
8.034890181231548e-204;0.08137136344958289;3.324657247880763e-228
4.571769983556142e-204;0.07559226280297782;1.826444278042917e-228
3.1349926366885816e-204;0.08137136344958289;1.1552528226512348e-228
1.783778609514929e-204;0.07559226280297782;6.346533643337998e-229
1.2231876989493855e-204;0.08137136344958289;4.014275712464388e-229
6.9598123685304255e-205;0.07559226280297782;2.205295270720251e-229
4.772541183514485e-205;0.08137136344958289;1.3948816380036994e-229
2.7155269127440256e-205;0.07559226280297782;7.662966123509286e-230
1.8621139967239233e-205;0.08137136344958289;4.846938584707749e-230
1.0595237376196904e-205;0.07559226280297782;2.6627295940680403e-230
7.265455453318306e-206;0.08137136344958289;1.6842155638058807e-230
4.133969526544762e-206;0.07559226280297782;9.252460179060248e-231
2.834780418224786e-206;0.08137136344958289;5.852316912608451e-231
1.612960940808573e-206;0.07559226280297782;3.215047429367628e-231
1.1060531677859865e-206;0.08137136344958289;2.0335647040458338e-231
