# ["m", "w0", "wp"] [calculated @ 2025-10-14T10:33:13.929]
0.58950086969849;0.16554999579160345;0.08886819625538667
0.03000542269979343;0.027486059369083916;0.0022524196678683976
0.02744215093163539;0.058667231834928835;0.0018545086441635252
0.01683585829395456;0.07609046665200747;0.0010220085997441953
0.008645097613680873;0.08001415779077284;0.00047327976256375797
0.004312139084326199;0.0810359557726241;0.0002120415863461465
0.0019303668746463028;0.07551812575723872;8.74052418197206e-5
0.0010304947971325736;0.08135225241203721;4.122385139167299e-5
0.0004603291037357653;0.07558804986092028;1.6951985785511323e-5
0.0002455968786568081;0.08137027825346714;7.990010243267548e-6
0.00010969233309740746;0.07559202362397116;3.285031598617015e-6
5.852069371759256e-5;0.08137130184323273;1.5482527153569036e-6
2.6137034155048463e-5;0.0755922492248918;6.365408323883917e-7
1.394399388754342e-5;0.08137135995218055;3.000031734725066e-7
6.22777943776308e-6;0.07559226203213947;1.2334152128385345e-7
3.3224908439772624e-6;0.08137136325103024;5.8131096472607833e-8
1.4839173708523426e-6;0.07559226275921584;2.3899665807217222e-8
7.916628078798348e-7;0.08137136343831053;1.1263957090162758e-8
3.535787457956776e-7;0.07559226280049333;4.630994653285303e-9
1.8863256377566245e-7;0.08137136344894288;2.182596378207311e-9
8.42485768346214e-8;0.07559226280283676;8.973393629744109e-10
4.494621124794718e-8;0.08137136344954655;4.2291770648897384e-10
2.0074234544497134e-8;0.0755922628029698;1.7387580619816915e-10
1.0709507744845787e-8;0.08137136344958082;8.194798998993456e-11
4.783165573308481e-9;0.0755922628029774;3.3691596744248337e-11
2.551795867248408e-9;0.08137136344958273;1.5878912040102614e-11
1.1397033769265704e-9;0.0755922628029778;6.528359038964678e-12
6.080262793595345e-10;0.08137136344958287;3.076827724477175e-12
2.715615354415313e-10;0.07559226280297782;1.2649881827922308e-12
1.4487677526819677e-10;0.08137136344958289;5.961912769675819e-13
6.470601827122583e-11;0.07559226280297782;2.4511444500044227e-13
3.452035006480523e-11;0.08137136344958289;1.1552289258971546e-13
1.541775345211247e-11;0.07559226280297782;4.749537739967622e-14
8.225297439085894e-12;0.08137136344958289;2.2384659467297442e-14
3.673647797546808e-12;0.07559226280297782;9.203092352771937e-15
1.9598734611445533e-12;0.08137136344958289;4.337434496610435e-15
8.753342815046265e-13;0.07559226280297782;1.7832663617117755e-15
4.669866363064426e-13;0.08137136344958289;8.40456744042554e-16
2.0856928769515723e-13;0.07559226280297782;3.455402591776595e-16
1.1127071354976673e-13;0.08137136344958289;1.6285376509054248e-16
4.96966115560908e-14;0.07559226280297782;6.695470361362765e-17
2.6512903649237492e-14;0.08137136344958289;3.1555876006895044e-17
1.184140401230474e-14;0.07559226280297782;1.2973690378821585e-17
6.3173321846216e-15;0.08137136344958289;6.114524340342463e-18
2.821497172385014e-15;0.07559226280297782;2.513888240276961e-18
1.5052551941817814e-15;0.08137136344958289;1.1848001906355307e-18
6.722890533507937e-16;0.07559226280297782;4.871115234042466e-19
3.586629819984609e-16;0.08137136344958289;2.295765645200401e-19
1.6018891518975146e-16;0.07559226280297782;9.438670837931295e-20
8.546001711420983e-17;0.08137136344958289;4.4484630736388464e-20
3.816883291758723e-17;0.07559226280297782;1.8289139736257345e-20
2.0362889095681394e-17;0.08137136344958289;8.619705482090254e-21
9.094635571787046e-18;0.07559226280297782;3.543853133940406e-21
4.851944410084557e-18;0.08137136344958289;1.6702245554934977e-21
2.1670140232530563e-18;0.07559226280297782;6.866859358093179e-22
1.156091576589857e-18;0.08137136344958289;3.2363635527567507e-22
5.163428198863667e-19;0.07559226280297782;1.3305787701027452e-22
2.7546641521367536e-19;0.08137136344958289;6.27104242430299e-23
1.2303100247038502e-19;0.07559226280297782;2.5782381305968036e-23
6.563644909039367e-20;0.08137136344958289;1.2151284133054156e-23
2.9315073214727866e-20;0.07559226280297782;4.9958048387845674e-24
1.5639450805115617e-20;0.08137136344958289;2.3545320872012005e-24
6.985015974259948e-21;0.07559226280297782;9.680279602972923e-25
3.726472484042858e-21;0.08137136344958289;4.562333732761312e-25
1.6643467953596783e-21;0.07559226280297782;1.8757300618358802e-25
8.879210240417327e-22;0.08137136344958289;8.840350574212866e-26
3.9657035365871325e-22;0.07559226280297782;3.6345678112379127e-26
2.115683795630704e-22;0.08137136344958289;1.712978551169805e-26
9.449235330008855e-23;0.07559226280297782;7.042635528033986e-27
5.0411216785018644e-23;0.08137136344958289;3.319207187695791e-27
2.2515058803091593e-23;0.07559226280297782;1.364638596846913e-27
1.2011675766456224e-23;0.08137136344958289;6.4315670195214945e-28
5.364750217372325e-24;0.07559226280297782;2.644235233516572e-28
2.8620684823729392e-24;0.08137136344958289;1.246232970329048e-28
1.2782798013765093e-24;0.07559226280297782;5.123686217234286e-29
6.819561364341787e-25;0.08137136344958289;2.4148028180707819e-29
3.045806765272867e-25;0.07559226280297782;9.928073009512005e-30
1.624923284975516e-25;0.08137136344958289;4.67911922489336e-30
7.25736168356265e-26;0.07559226280297782;1.923744536709859e-30
3.8717676123007726e-26;0.08137136344958289;9.066643684910955e-31
1.729239661772333e-26;0.07559226280297782;3.7276045804410754e-31
9.225410566928464e-27;0.08137136344958289;1.7568269530684835e-31
4.120326281407767e-27;0.07559226280297782;7.222911172961502e-32
2.198174287578696e-27;0.08137136344958289;3.4041714335421144e-32
9.817660929578375e-28;0.07559226280297782;1.3995702786243197e-32
5.237674966894066e-28;0.08137136344958289;6.596200683683634e-33
2.339292074103362e-28;0.07559226280297782;2.7119217139775798e-33
1.2480010895335605e-28;0.08137136344958289;1.2781337341214817e-33
5.573921779551443e-29;0.07559226280297782;5.254841071626701e-34
2.973660506468112e-29;0.08137136344958289;2.4766163442241134e-34
1.3281199192053144e-29;0.07559226280297782;1.0182209370474143e-34
7.085455999908717e-30;0.08137136344958289;4.7988941632105013e-35
3.164562743347073e-30;0.07559226280297782;1.9729880742535362e-35
1.6882790290768754e-30;0.08137136344958289;9.298729390769085e-36
7.540326149593901e-31;0.07559226280297782;3.8230228818850254e-36
4.022727796287905e-31;0.08137136344958289;1.8017977755297255e-36
1.796662700456172e-31;0.07559226280297782;7.40780146932522e-37
9.585109241021317e-32;0.08137136344958289;3.491310573169996e-37
4.2809777656425535e-32;0.07559226280297782;1.4353961329647942e-37
2.28388108305743e-32;0.08137136344958289;6.765048599721441e-38
1.0200451439924031e-32;0.07559226280297782;2.7813408162489013e-38
5.441891866212881e-33;0.08137136344958289;1.310851085786943e-38
2.430501050795131e-33;0.07559226280297782;5.3893531955905576e-39
1.2966606406630152e-33;0.08137136344958289;2.540012157753836e-39
5.791248939037362e-34;0.07559226280297782;1.0442851051240166e-39
3.089603502567745e-34;0.08137136344958289;4.921735070817887e-40
1.3799033027749326e-34;0.07559226280297782;2.023492135709581e-40
7.36171786489788e-35;0.08137136344958289;9.536755969207585e-41
3.287949015926227e-35;0.07559226280297782;3.92088367744388e-41
1.7541050130644843e-35;0.08137136344958289;1.8479197499978939e-41
7.834323397581918e-36;0.07559226280297782;7.59742454183291e-42
4.179573916475583e-36;0.08137136344958289;3.5806802789733284e-42
1.8667145628050268e-36;0.07559226280297782;1.4721390486767677e-42
9.958832563145349e-37;0.08137136344958289;6.938218643013649e-43
4.447893049786417e-37;0.07559226280297782;2.8525368915557394e-43
2.3729295857123143e-37;0.08137136344958289;1.3444059281401364e-43
1.0598166948786283e-37;0.07559226280297782;5.527308527683167e-44
5.654071180578639e-38;0.08137136344958289;2.6050307616614336e-44
2.525266264658488e-38;0.07559226280297782;1.0710164573379772e-44
1.3472174272484117e-38;0.08137136344958289;5.047720429640193e-45
6.017049682494898e-39;0.07559226280297782;2.075288987657794e-45
3.2100671150307137e-39;0.08137136344958289;9.780875493215553e-46
1.4337057199989233e-39;0.07559226280297782;4.021249489478781e-46
7.648751177490183e-40;0.08137136344958289;1.895222343377755e-46
3.4161461181509484e-40;0.07559226280297782;7.79190153891945e-47
1.8224975515690334e-40;0.08137136344958289;3.6723376484341833e-47
8.139783595594896e-41;0.07559226280297782;1.509822500470738e-47
4.342535465462768e-41;0.08137136344958289;7.115821450306244e-48
1.9394977466297012e-41;0.07559226280297782;2.925555426414993e-48
1.0347127354199715e-41;0.08137136344958289;1.3788196990608506e-48
4.621316359340835e-42;0.07559226280297782;5.668795206295885e-49
2.465450088675753e-42;0.08137136344958289;2.671713695734218e-49
1.1011389381721591e-42;0.07559226280297782;1.0984320721040712e-49
5.874523364481601e-43;0.08137136344958289;5.176930730563031e-50
2.6237263733484316e-43;0.07559226280297782;2.128411722629916e-50
1.3997454224829276e-43;0.08137136344958289;1.0031243928508898e-50
6.251654394886025e-44;0.07559226280297782;4.124184440782823e-51
3.3352276026479157e-44;0.08137136344958289;1.9437357768606436e-51
1.489605892981109e-44;0.07559226280297782;7.991356710147453e-52
7.946975916329692e-45;0.08137136344958289;3.7663412406018896e-52
3.549341624225378e-45;0.07559226280297782;1.5484705639570559e-52
1.8935567145277996e-45;0.08137136344958289;7.297970490397374e-53
8.457153683950001e-46;0.07559226280297782;3.0004430716961904e-53
4.511850883762711e-46;0.08137136344958289;1.4141143851904266e-53
2.0151187461296785e-46;0.07559226280297782;5.81390362596479e-54
1.0750561755625463e-46;0.08137136344958289;2.740103563084725e-54
4.801501442157371e-47;0.07559226280297782;1.1265494650061171e-54
2.5615779652081953e-47;0.08137136344958289;5.309448524857846e-55
1.1440723353558483e-47;0.07559226280297782;2.1828942802521365e-55
6.103570977029757e-48;0.08137136344958289;1.0288021233175425e-55
2.726025440780632e-48;0.07559226280297782;4.2297542955484975e-56
1.4543214837738572e-48;0.08137136344958289;1.993491045232461e-56
6.495406342879397e-49;0.07559226280297782;8.195917485589132e-57
3.465268096538887e-49;0.08137136344958289;3.8627511135058416e-57
1.5476856131994162e-49;0.07559226280297782;1.5881079310275822e-57
8.256828435023982e-50;0.08137136344958289;7.484782136631418e-58
3.687730421870134e-50;0.07559226280297782;3.0772476724262964e-58
1.967386473603991e-50;0.08137136344958289;1.450312535978821e-58
8.786898029163389e-51;0.07559226280297782;5.962726495122938e-59
4.6877679086821287e-51;0.08137136344958289;2.810244057369418e-59
2.093688207712337e-51;0.07559226280297782;1.1553865999875182e-59
1.1169726060693292e-51;0.08137136344958289;5.445358476923113e-60
4.988711939714019e-52;0.07559226280297782;2.2387714689288123e-60
2.661453866772288e-52;0.08137136344958289;1.0551371459870531e-60
1.188679705305221e-52;0.07559226280297782;4.338026501383888e-61
6.3415491539078305e-53;0.08137136344958289;2.0445199366760065e-61
2.8323131479215253e-53;0.07559226280297782;8.405714557240195e-62
1.5110254651981098e-53;0.08137136344958289;3.961628862526043e-62
6.748662177107908e-54;0.07559226280297782;1.6287599256311462e-62
3.6003788681038616e-54;0.08137136344958289;7.67637574124889e-63
1.6080298611807595e-54;0.07559226280297782;3.1560182983574675e-63
8.578762100603832e-55;0.08137136344958289;1.4874372780912454e-63
3.831514997476317e-55;0.07559226280297782;6.115358895331051e-64
2.044094854315032e-55;0.08137136344958289;2.8821799907042257e-64
9.129499103397373e-56;0.07559226280297782;1.1849619008282662e-64
4.870543936803054e-56;0.08137136344958289;5.584747418375656e-65
2.1753210918874555e-56;0.07559226280297782;2.296078988081255e-65
1.1605233578203124e-56;0.08137136344958289;1.082146286062897e-65
5.183221772867578e-57;0.07559226280297782;4.4490702324042763e-66
2.7652239288299245e-57;0.08137136344958289;2.0968550530801247e-66
1.2350263162031848e-57;0.07559226280297782;8.620881962517818e-67
6.588806097737794e-58;0.08137136344958289;4.0630376597458415e-67
2.942745011797076e-58;0.07559226280297782;1.6704525199527528e-67
1.5699403343423336e-58;0.08137136344958289;7.872873711639522e-68
7.011792454009461e-59;0.07559226280297782;3.2368052753172576e-68
3.740757607423222e-59;0.08137136344958289;1.5255123301835644e-68
1.6707269308420207e-59;0.07559226280297782;6.271898342024071e-69
8.913247956876421e-60;0.08137136344958289;2.9559573222945243e-69
3.980905732377564e-60;0.07559226280297782;1.21529426291573e-69
2.1237940940922765e-60;0.08137136344958289;5.727704403526659e-70
9.485458190399537e-61;0.07559226280297782;2.3548534509557254e-70
5.0604464005979465e-61;0.08137136344958289;1.1098467994359588e-70
2.2601368414740538e-61;0.07559226280297782;4.562956433426867e-71
1.2057721529859384e-61;0.08137136344958289;2.1505298308687576e-71
5.385315542646596e-62;0.07559226280297782;8.841557169895868e-72
2.8730399846633195e-62;0.08137136344958289;4.167042294311959e-72
1.2831799810385024e-62;0.07559226280297782;1.7132123510069862e-72
6.8457035875587e-63;0.08137136344958289;8.074401588547136e-73
3.0574826130406865e-63;0.07559226280297782;3.3196602173613e-73
1.6311522936986145e-63;0.08137136344958289;1.5645620180559558e-73
7.285182178014046e-64;0.07559226280297782;6.4324448468130084e-74
3.886609712511794e-64;0.08137136344958289;3.0316231877980933e-74
1.7358685586791014e-64;0.07559226280297782;1.2464030653167274e-74
9.260775413642707e-65;0.08137136344958289;5.874320766277477e-75
4.136121210673794e-65;0.07559226280297782;2.4151324080153353e-75
2.2066008065035164e-65;0.08137136344958289;1.1382563837091513e-75
9.855296118966224e-66;0.07559226280297782;4.679757865296771e-76
5.257753159728893e-66;0.08137136344958289;2.205578562363167e-76
2.3482595563655747e-66;0.07559226280297782;9.06788116673224e-77
1.2527851982635058e-66;0.08137136344958289;4.2737092138276734e-77
5.595288946671108e-67;0.07559226280297782;1.757066737656155e-77
2.9850597875330037e-67;0.08137136344958289;8.281088126276467e-78
1.3332111568277587e-67;0.07559226280297782;3.404636059749116e-78
7.112617508171073e-68;0.08137136344958289;1.604611290194402e-78
3.176693832313161e-68;0.07559226280297782;6.597100981381372e-79
1.6947509067934322e-68;0.08137136344958289;3.109225929439628e-79
7.569231364870897e-69;0.07559226280297782;1.2783081831586464e-79
4.038148589851149e-69;0.08137136344958289;6.024690178472132e-80
1.8035500579930403e-69;0.07559226280297782;2.476954370930667e-80
9.621852962787288e-70;0.08137136344958289;1.1673931895042546e-80
4.297388539057e-70;0.07559226280297782;4.799549151373231e-81
2.292636151878483e-70;0.08137136344958289;2.262036417690986e-81
1.0239554025003786e-70;0.07559226280297782;9.299998549344411e-82
5.462752907603716e-71;0.08137136344958289;4.383106566805634e-82
2.4398181751091765e-71;0.07559226280297782;1.802043698064055e-82
1.3016312817488262e-71;0.08137136344958289;8.49306537495328e-83
5.813449211808674e-72;0.07559226280297782;3.4917870927638956e-83
3.1014472414976667e-72;0.08137136344958289;1.6456857337100882e-83
1.385193047705969e-72;0.07559226280297782;6.7659719430173e-84
7.389938400120342e-73;0.08137136344958289;3.188815126896159e-84
3.3005530959407585e-73;0.07559226280297782;1.3110300003274773e-84
1.760829229234344e-73;0.08137136344958289;6.178908709743446e-85
7.864355626939666e-74;0.07559226280297782;2.54035883718454e-85
4.195595966639608e-74;0.08137136344958289;1.1972758320581887e-85
1.873870458349616e-74;0.07559226280297782;4.922406825205842e-86
9.997008922288777e-75;0.08137136344958289;2.3199394672561015e-86
4.46494367910702e-75;0.07559226280297782;9.538057615390676e-87
2.3820260145870666e-75;0.08137136344958289;4.4953042462072725e-87
1.0638794143302659e-75;0.07559226280297782;1.8481719675965187e-87
5.675745593783562e-76;0.08137136344958289;8.710468764889709e-88
2.534946663564798e-76;0.07559226280297782;3.5811689963981097e-88
1.3523818735849505e-76;0.08137136344958289;1.6878115906867313e-88
6.0401155436996355e-77;0.07559226280297782;6.939165621823146e-89
3.2223726412337973e-77;0.08137136344958289;3.2704416289730485e-89
1.4392017120367078e-77;0.07559226280297782;1.3445894224908934e-89
7.678072031124279e-78;0.08137136344958289;6.337074888890898e-90
3.4292416311306086e-78;0.07559226280297782;2.605386315306582e-90
1.8294839448661956e-78;0.08137136344958289;1.2279234031161044e-90
8.170986781302134e-79;0.07559226280297782;5.048409379431062e-91
4.3591822152169576e-79;0.08137136344958289;2.3793247047836697e-91
1.9469326504764813e-79;0.07559226280297782;9.782210458616163e-92
1.0386792209238885e-79;0.08137136344958289;4.610373934096776e-92
4.639031792543563e-80;0.07559226280297782;1.895481017180183e-92
2.4749011872295913e-80;0.08137136344958289;8.93343719310962e-93
1.1053600630182628e-80;0.07559226280297782;3.6728388759269068e-93
5.8970428628602335e-81;0.08137136344958289;1.731015774946444e-93
2.6337842109200445e-81;0.07559226280297782;7.116792669645428e-94
1.4051112305351523e-81;0.08137136344958289;3.35415758609081e-94
6.275619593809335e-82;0.07559226280297782;1.3790078904546794e-94
3.348012921205731e-82;0.08137136344958289;6.499289766829887e-95
1.4953161736984558e-82;0.07559226280297782;2.672078350753769e-95
7.97743998978029e-83;0.08137136344958289;1.2593554831289313e-95
3.562947731136996e-83;0.07559226280297782;5.177637315920507e-96
1.9008155072360707e-83;0.08137136344958289;2.4402300709550987e-96
8.489573481584156e-84;0.07559226280297782;1.0032613066024165e-96
4.529146690138406e-84;0.08137136344958289;4.728389147438137e-97
2.0228435368098184e-84;0.07559226280297782;1.9440010721311763e-97
1.0791773143001855e-84;0.08137136344958289;9.162113112088615e-98
4.819907599939543e-85;0.07559226280297782;3.7668552983921763e-98
2.5713975620086853e-85;0.08137136344958289;1.7753258892447068e-98
1.1484580418213074e-85;0.07559226280297782;7.298966570769337e-99
6.126968510445358e-86;0.08137136344958289;3.440016483603552e-99
2.7364754333476742e-86;0.07559226280297782;1.4143073938610767e-99
1.4598965046332316e-86;0.08137136344958289;6.665656981152163e-100
6.520305944690741e-87;0.07559226280297782;2.7404775524533964e-100
3.4785519145509796e-87;0.08137136344958289;1.2915921537631516e-100
1.553618537709994e-87;0.07559226280297782;5.3101731972127936e-101
8.288480302421334e-88;0.08137136344958289;2.502694477648e-101
3.701867030766488e-88;0.07559226280297782;1.0289425417534647e-101
1.9749282865739347e-88;0.08137136344958289;4.849425285064393e-102
8.820581874412422e-89;0.07559226280297782;1.993763131465812e-102
4.705738078391087e-89;0.08137136344958289;9.39664262076558e-103
2.101714187910838e-89;0.07559226280297782;3.863278330020491e-103
1.121254427968864e-89;0.08137136344958289;1.8207702429055097e-103
5.0078357534206946e-90;0.07559226280297782;7.485803714422733e-104
2.671656329562717e-90;0.08137136344958289;3.5280731759702587e-104
1.1932364104258777e-90;0.07559226280297782;1.450510485237754e-104
6.365858956938481e-91;0.08137136344958289;6.836282822338949e-105
2.843170585603708e-91;0.07559226280297782;2.81062762002559e-105
1.516817856070083e-91;0.08137136344958289;1.3246540107307755e-105
6.774532614167413e-92;0.07559226280297782;5.446101699262027e-106
3.6141806220594167e-92;0.08137136344958289;2.566757832796591e-106
1.614194110364039e-92;0.07559226280297782;1.0552811588194185e-106
8.611648074023104e-93;0.08137136344958289;4.973559675849316e-107
3.8462027926249585e-93;0.07559226280297782;2.0447989877055615e-107
2.0519307225040733e-93;0.08137136344958289;9.637175557883892e-108
9.164496281466282e-94;0.07559226280297782;3.96216957459883e-108
4.889214763265519e-94;0.08137136344958289;1.867377869907931e-108
2.1836600049808923e-94;0.07559226280297782;7.6774234691362235e-109
1.1649721279167635e-94;0.08137136344958289;3.6183839218008074e-109
5.2030912238967384e-95;0.07559226280297782;1.4876402944064216e-109
2.7758241855517493e-95;0.08137136344958289;7.011276301669001e-110
1.2397606872150487e-95;0.07559226280297782;2.8825733717025414e-110
6.614063739767491e-96;0.08137136344958289;1.3585621769477733e-110
2.954025780875739e-96;0.07559226280297782;5.585509665536459e-111
1.575958570481718e-96;0.08137136344958289;2.6324610658885516e-111
7.038671579174606e-97;0.07559226280297782;1.082293985300179e-111
3.755097491639975e-97;0.08137136344958289;5.100871628112094e-112
1.677131524044892e-97;0.07559226280297782;2.0971412471890193e-112
8.947416154100212e-98;0.08137136344958289;9.883865597722174e-113
3.996166204525458e-98;0.07559226280297782;4.063592212832731e-113
2.131935482710737e-98;0.08137136344958289;1.915178547435681e-113
9.521819908123033e-99;0.07559226280297782;7.873948259006552e-114
5.079845202414351e-99;0.08137136344958289;3.711006419799099e-114
2.2688008887131576e-99;0.07559226280297782;1.5257205432602392e-114
1.2103943805879884e-99;0.08137136344958289;7.190749220864806e-115
5.405959703390659e-100;0.07559226280297782;2.9563607729624817e-115
2.8840535452983157e-100;0.08137136344958289;1.393338316029298e-115
1.2880989451330574e-100;0.07559226280297782;5.72848616250201e-116
6.87194602482141e-101;0.08137136344958289;2.699846154114483e-116
3.069203219203115e-101;0.07559226280297782;1.1099982794418406e-116
1.6374051808103355e-101;0.08137136344958289;5.231442480286677e-117
7.313109320024898e-102;0.07559226280297782;2.1508233509037664e-117
3.9015087086837306e-102;0.08137136344958289;1.0136870348275217e-117
1.7425228669126941e-102;0.07559226280297782;4.167611042711796e-118
9.296275828565465e-103;0.08137136344958289;1.964202814901458e-118
4.1519766884919235e-103;0.07559226280297782;8.075503641912281e-119
2.2150596277901588e-103;0.08137136344958289;3.8059998456261753e-119
9.893075579733022e-104;0.07559226280297782;1.5647755609195442e-119
5.277908320651674e-104;0.08137136344958289;7.374816243521788e-120
2.357261414727721e-104;0.07559226280297782;3.0320369658966127e-120
1.2575876464777146e-104;0.08137136344958289;1.4290046461303706e-120
5.616738023054808e-105;0.07559226280297782;5.875122536526002e-121
2.9965027667969828e-105;0.08137136344958289;2.7689561491867314e-121
1.3383219112876195e-105;0.07559226280297782;1.1384117412628116e-121
7.139883137823954e-106;0.08137136344958289;5.365355652888148e-122
3.1888714248032664e-106;0.07559226280297782;2.2058795958515415e-122
1.7012475939167634e-106;0.08137136344958289;1.0396351451948382e-122
7.598247385894721e-107;0.07559226280297782;4.2742925209085926e-123
4.053628497748309e-107;0.08137136344958289;2.0144819934583034e-123
1.8104638176441374e-107;0.07559226280297782;8.282218389731496e-124
9.658737538564989e-108;0.08137136344958289;3.903424889707056e-124
4.313862221811042e-108;0.07559226280297782;1.6048302992754743e-124
2.30142478253015e-108;0.08137136344958289;7.563594968365721e-125
1.027880650660226e-108;0.07559226280297782;3.1096502993277196e-125
5.48369391806756e-109;0.08137136344958289;1.4655839541408597e-125
2.4491710158469897e-109;0.07559226280297782;6.025512472237482e-126
1.3066209773752256e-109;0.08137136344958289;2.8398352048447462e-126
5.835734587485484e-110;0.07559226280297782;1.1675525238622055e-126
3.113336382419068e-110;0.08137136344958289;5.502696701809359e-127
1.3905030704357327e-110;0.07559226280297782;2.2623451569602522e-127
7.418267116425395e-111;0.08137136344958289;1.0662474688829317e-127
3.313205492651285e-111;0.07559226280297782;4.3837048052371483e-128
1.767579222129524e-111;0.08137136344958289;2.0660482060104022e-128
7.894502982359304e-112;0.07559226280297782;8.49422457061308e-129
4.211679436004882e-112;0.08137136344958289;4.003343796005267e-129
1.8810537854266233e-112;0.07559226280297782;1.645910348931524e-129
1.0035331627340522e-112;0.08137136344958289;7.757206004385537e-130
4.482059670601807e-113;0.07559226280297782;3.1892503596998445e-130
2.391157313867907e-113;0.08137136344958289;1.5030996102438138e-130
1.0679577078801614e-113;0.07559226280297782;6.179752052381517e-131
5.697503094054914e-114;0.08137136344958289;2.912528605064505e-131
2.5446641714779095e-114;0.07559226280297782;1.1974392450176835e-131
1.3575661173984395e-114;0.08137136344958289;5.643553372981738e-132
6.063269825971391e-115;0.07559226280297782;2.3202561095569286e-132
3.2347253396515776e-115;0.08137136344958289;1.0935410082603479e-132
1.4447187725044063e-115;0.07559226280297782;4.495917798198411e-133
7.707505283820406e-116;0.08137136344958289;2.1189343977361084e-133
3.4423873446737965e-116;0.07559226280297782;8.711657633353716e-134
1.8364971199229636e-116;0.08137136344958289;4.105820401789933e-134
8.202309581835371e-117;0.07559226280297782;1.6880419555531358e-134
4.37589277890649e-117;0.08137136344958289;7.955773047889292e-135
1.9543960554108856e-117;0.07559226280297782;3.27088800275855e-135
1.042660911621208e-117;0.08137136344958289;1.5415755828464527e-135
4.656815136391056e-118;0.07559226280297782;6.337939819205539e-136
2.484388515786342e-118;0.08137136344958289;2.987082792990001e-136
1.1095973691965753e-118;0.07559226280297782;1.2280909990801785e-136
5.919648687869283e-119;0.08137136344958289;5.788015658435426e-137
2.643880604378305e-119;0.07559226280297782;2.3796494524159126e-137
1.4104976079677733e-119;0.08137136344958289;1.1215332009180683e-137
6.299676661336258e-120;0.07559226280297782;4.611003191640255e-138
3.360847251222468e-120;0.08137136344958289;2.1731743571363086e-138
1.5010483443036093e-120;0.07559226280297782;8.934656493934956e-139
8.008020844731327e-121;0.08137136344958289;4.2109201784208345e-139
3.576605995931673e-121;0.07559226280297782;1.7312520366358063e-139
1.908102125924513e-121;0.08137136344958289;8.159422961532569e-140
8.522117557825294e-122;0.07559226280297782;3.354615386042228e-140
4.5465087985541995e-122;0.08137136344958289;1.581036453893363e-140
2.0305979398347373e-122;0.07559226280297782;6.500176837417098e-141
1.0833142510815774e-122;0.08137136344958289;3.0635454006053794e-141
4.838384316201899e-123;0.07559226280297782;1.2595273691731004e-141
2.5812548014195755e-123;0.08137136344958289;5.936175853794315e-142
1.1528605605289735e-123;0.07559226280297782;2.4405631313970354e-142
6.150455736365888e-124;0.08137136344958289;1.1502419308102101e-142
2.746965485095042e-124;0.07559226280297782;4.729034512560795e-143
1.465492896872959e-124;0.08137136344958289;2.228802737621594e-143
6.545300997061723e-125;0.07559226280297782;9.163363624275344e-144
3.4918866549783376e-125;0.08137136344958289;4.3187102731774524e-144
1.5595742055949052e-125;0.07559226280297782;1.7755681987024423e-144
8.32025350462876e-126;0.08137136344958289;8.368285855369875e-145
3.7160578311812736e-126;0.07559226280297782;3.4404860022050596e-145
1.9824990104587627e-126;0.08137136344958289;1.621507434571689e-145
8.854394843890188e-127;0.07559226280297782;6.666566758753179e-146
4.723777135256102e-127;0.08137136344958289;3.141965279166534e-146
2.10977093503916e-127;0.07559226280297782;1.2917684397038276e-146
1.1255526638777345e-127;0.08137136344958289;6.088128617242899e-147
5.027032876682067e-128;0.07559226280297782;2.5030360636888684e-147
2.681897902648575e-128;0.08137136344958289;1.1796855396799373e-147
1.1978105832979114e-128;0.07559226280297782;4.850087170084071e-148
6.390261949584025e-129;0.08137136344958289;2.285855079652013e-148
2.8540696443732943e-129;0.07559226280297782;9.397925143254403e-149
1.5226324515923392e-129;0.08137136344958289;4.429259552158742e-149
6.800502223402999e-130;0.07559226280297782;1.8210187549409002e-149
3.628035283894754e-130;0.08137136344958289;8.582495169980813e-150
1.6203819896856149e-130;0.07559226280297782;3.528554713192972e-150
8.644660113095627e-131;0.08137136344958289;1.6630143814183007e-150
3.8609468922188437e-131;0.07559226280297782;6.837215888202322e-151
2.0597966288443134e-131;0.08137136344958289;3.222392530411737e-151
9.199627618316454e-132;0.07559226280297782;1.324834809195424e-151
4.9079571627936216e-132;0.08137136344958289;6.243971030002478e-152
2.1920308846064666e-132;0.07559226280297782;2.5671081626725725e-152
1.169437952004626e-132;0.08137136344958289;1.209882838777828e-152
5.223036842819462e-133;0.07559226280297782;4.974238503638271e-153
2.7864650774790747e-133;0.08137136344958289;2.3443678334435078e-153
1.244513207045758e-133;0.07559226280297782;9.638490910066654e-154
6.639418204874329e-134;0.08137136344958289;4.542638644281043e-154
2.965349793847615e-134;0.07559226280297782;1.86763274329303e-154
1.5819998770304977e-134;0.08137136344958289;8.802187761723863e-155
7.065653743238074e-135;0.07559226280297782;3.6188777852944243e-155
3.769492346614243e-135;0.08137136344958289;1.7055838128393241e-155
1.6835606687249286e-135;0.07559226280297782;7.012233251921895e-156
8.981715332275869e-136;0.08137136344958289;3.304878538571212e-156
4.0114851764283955e-136;0.07559226280297782;1.3587476034468697e-156
2.140108080667636e-136;0.08137136344958289;6.403802658355485e-157
9.55832101547745e-137;0.07559226280297782;2.6328203634221763e-157
5.09931836792958e-137;0.08137136344958289;1.2408531208802009e-157
2.2774981488591967e-137;0.07559226280297782;5.101567832367138e-158
1.2150343271164154e-137;0.08137136344958289;2.4043783822556714e-158
5.426683001813757e-138;0.07559226280297782;9.885214619965271e-159
2.8951093255051033e-138;0.08137136344958289;4.658919986402273e-159
1.2930367656687397e-138;0.07559226280297782;1.9154399450067467e-159
6.898289060292144e-139;0.08137136344958289;9.027503990172914e-160
3.080968755337765e-139;0.07559226280297782;3.711512925088459e-160
1.6436820378465018e-139;0.08137136344958289;1.7492429260524992e-160
7.341143518419774e-140;0.07559226280297782;7.191730666893945e-161
3.916464818922515e-140;0.08137136344958289;3.3894760031959814e-161
1.749202683885333e-140;0.07559226280297782;1.3935284890301225e-161
9.331912331386213e-141;0.08137136344958289;6.567725617257469e-162
4.1678929469700205e-141;0.07559226280297782;2.7002146488576365e-162
2.2235508752670614e-141;0.08137136344958289;1.272616172615103e-162
9.930999864931172e-142;0.07559226280297782;5.232156505806303e-163
5.298140744713225e-142;0.08137136344958289;2.4659250662755303e-163
2.3662977809677498e-142;0.07559226280297782;1.0138253902456522e-163
1.2624085044790814e-142;0.08137136344958289;4.7781778696011304e-164
5.638269322694924e-143;0.07559226280297782;1.964470903662989e-164
3.0079896117734607e-143;0.08137136344958289;9.258587807791445e-165
1.3434522574010728e-143;0.07559226280297782;3.8065193163128427e-165
7.167253288008079e-144;0.08137136344958289;1.794019614463213e-165
3.201095699084778e-144;0.07559226280297782;7.37582281236399e-166
1.7077691855516795e-144;0.08137136344958289;3.476238972827192e-166
7.627374637430043e-145;0.07559226280297782;1.4291996871327026e-166
4.069167746589271e-145;0.08137136344958289;6.735844635577392e-167
1.8174040806197772e-145;0.07559226280297782;2.769334076567316e-167
9.695763508306587e-146;0.08137136344958289;1.3051922871037948e-167
4.3303990550624325e-146;0.07559226280297782;5.36608795585669e-168
2.3102471036689467e-146;0.08137136344958289;2.529047207112747e-168
1.0318209459335336e-146;0.07559226280297782;1.0397770422007899e-168
5.504715204159234e-147;0.08137136344958289;4.900488486641001e-169
2.4585597099245217e-147;0.07559226280297782;2.0147569446897424e-169
1.3116298005862162e-147;0.08137136344958289;9.49558685190268e-170
5.858105392302728e-148;0.07559226280297782;3.903957657676065e-170
3.125271099376705e-148;0.08137136344958289;1.8399424854853717e-170
1.3958334486974861e-148;0.07559226280297782;7.56462730310855e-171
7.446704428516255e-149;0.08137136344958289;3.565222879527184e-171
3.3259063912758503e-149;0.07559226280297782;1.465783987754602e-171
1.774355090562962e-149;0.08137136344958289;6.908267123007924e-172
7.924765905167039e-150;0.07559226280297782;2.8402228063170836e-172
4.227824560016815e-150;0.08137136344958289;1.3386022769258512e-172
1.8882646491925602e-150;0.07559226280297782;5.5034477500884234e-173
1.00738012393056e-150;0.08137136344958289;2.593785132921847e-173
4.4992412748312616e-151;0.07559226280297782;1.0663929981333995e-173
2.400323617227658e-151;0.08137136344958289;5.025929980648814e-174
1.0720516352303358e-151;0.07559226280297782;2.0663301953755587e-174
5.719343999900103e-152;0.08137136344958289;9.738652539013405e-175
2.554418930652126e-152;0.07559226280297782;4.003890201637166e-175
1.3627702345808672e-152;0.08137136344958289;1.8870408788183894e-175
6.086512868264977e-153;0.07559226280297782;7.758264764578171e-176
3.247125391114838e-153;0.08137136344958289;3.6564845742945335e-176
1.450256982166102e-153;0.07559226280297782;1.503304764268599e-176
7.737051366451025e-154;0.08137136344958289;7.085103238688544e-177
3.455583451220209e-154;0.07559226280297782;2.9129261282636103e-177
1.8435371794049888e-154;0.08137136344958289;1.3728674874161086e-177
8.233752455728109e-155;0.07559226280297782;5.644323646409166e-178
4.392667401156799e-155;0.08137136344958289;2.6601802041674855e-178
1.961888070689468e-155;0.07559226280297782;1.0936902627326289e-178
1.046657865799773e-155;0.08137136344958289;5.1545824950399574e-179
4.674666651213127e-156;0.07559226280297782;2.1192236053953916e-179
2.4939122132307114e-156;0.08137136344958289;9.98794016155288e-180
1.1138509187368931e-156;0.07559226280297782;4.1063807941782585e-180
5.942341170434704e-157;0.08137136344958289;1.9353448851920575e-180
2.6540157015239948e-157;0.07559226280297782;7.95685890996386e-181
1.4159046336318099e-157;0.08137136344958289;3.750082363385636e-181
6.323825949637459e-158;0.07559226280297782;1.5417859883532955e-181
3.3737307805794888e-158;0.08137136344958289;7.266465961585149e-182
1.50680248870964e-158;0.07559226280297782;2.987490491889781e-182
8.038718928854963e-159;0.08137136344958289;1.4080098103020213e-182
3.590316618552292e-159;0.07559226280297782;5.788805649131817e-183
1.9154166772617044e-159;0.08137136344958289;2.728274840049283e-183
8.55478638908511e-160;0.07559226280297782;1.1216862759694686e-183
4.563937463173454e-160;0.08137136344958289;5.28652822472119e-184
2.03838206872088e-160;0.07559226280297782;2.173470967861829e-184
1.0874670464672069e-160;0.08137136344958289;1.0243608987087579e-184
4.856931861424514e-161;0.07559226280297782;4.211494915595112e-185
2.5911498277406667e-161;0.08137136344958289;1.984885365591239e-185
1.1572799559271778e-161;0.07559226280297782;8.160536619236337e-186
6.174032998620128e-162;0.08137136344958289;3.846076045566058e-186
2.7574957495862543e-162;0.07559226280297782;1.581252245308408e-186
1.4711107424184523e-162;0.08137136344958289;7.452471162671324e-187
6.570391865894121e-163;0.07559226280297782;3.0639635356809013e-187
3.505272513027798e-163;0.08137136344958289;1.4440516976900657e-187
1.565552704038985e-163;0.07559226280297782;5.93698606647745e-188
8.352148506773138e-164;0.08137136344958289;2.7981125456030587e-188
3.73030303085316e-164;0.07559226280297782;1.1503989242389715e-188
1.9900987560860614e-164;0.08137136344958289;5.4218514686041856e-189
8.888337432583667e-165;0.07559226280297782;2.2291069409152156e-189
4.741885343350329e-165;0.08137136344958289;1.0505822360075807e-189
2.1178585670397749e-165;0.07559226280297782;4.319299722331979e-190
1.1298673767176744e-165;0.08137136344958289;2.035693970972673e-190
5.0463035905241926e-166;0.07559226280297782;8.369428020208504e-191
2.6921787359559256e-166;0.08137136344958289;3.944526950315385e-191
1.2024022908824938e-166;0.07559226280297782;1.621728749762081e-191
6.414758489079095e-167;0.08137136344958289;7.64323767895722e-192
2.8650104837812316e-167;0.07559226280297782;3.142394117560443e-192
1.5284693368845495e-167;0.08137136344958289;1.4810161764102143e-192
6.826571384982938e-168;0.07559226280297782;6.088959569550199e-193
3.6419430564278035e-168;0.08137136344958289;2.869737939495793e-193
1.626593589729649e-168;0.07559226280297782;1.179846551787716e-193
8.677798701083484e-169;0.08137136344958289;5.560638683463305e-194
3.8757475120963693e-169;0.07559226280297782;2.2861670698664134e-194
2.0676926884844932e-169;0.08137136344958289;1.0774747806226958e-194
9.234893628234347e-170;0.07559226280297782;4.4298640898871445e-195
4.926771409756742e-170;0.08137136344958289;2.0878031624864675e-195
2.2004338533052188e-170;0.07559226280297782;8.58366657167288e-196
1.17392089545895e-170;0.08137136344958289;4.045497977010065e-196
5.243058921619006e-171;0.07559226280297782;1.66324136178028e-196
2.7971467603835655e-171;0.08137136344958289;7.838887389413407e-197
1.2492839452672962e-171;0.07559226280297782;3.2228323461049514e-197
6.6648698642215e-172;0.08137136344958289;1.5189268627275238e-197
2.9767172164845517e-172;0.07559226280297782;6.24482325282172e-198
1.5880643424271603e-172;0.08137136344958289;2.9431967825320684e-198
7.092739341190907e-173;0.07559226280297782;1.2100479724337745e-198
3.783942383071859e-173;0.08137136344958289;5.702978539172145e-199
1.6900144589981818e-173;0.07559226280297782;2.344687809906368e-199
9.016145993507982e-174;0.08137136344958289;1.105055713953222e-199
4.0268628723403227e-174;0.07559226280297782;4.543258656816927e-200
2.1483120076013674e-174;0.08137136344958289;2.1412462322152287e-200
9.59496204680127e-175;0.07559226280297782;8.803389148667167e-201
5.11886618221066e-175;0.08137136344958289;4.1490536351092845e-201
2.2862287492310786e-175;0.07559226280297782;1.705816603388553e-201
1.2196920604952482e-175;0.08137136344958289;8.03954529283825e-202
5.4474857412835785e-176;0.07559226280297782;3.3053296125579166e-202
2.9062074871288795e-176;0.08137136344958289;1.5578079774303854e-202
1.2979935149301435e-176;0.07559226280297782;6.404676696163981e-203
6.9247330796057605e-177;0.08137136344958289;3.0185360068902693e-203
3.092779393679924e-177;0.07559226280297782;1.241022481586689e-203
1.6499829566938196e-177;0.08137136344958289;5.848961975353757e-204
7.369285183590429e-178;0.07559226280297782;2.404706549397001e-204
3.931478262170183e-178;0.08137136344958289;1.1333426572034776e-204
1.7559081073826368e-178;0.07559226280297782;4.659555869865917e-205
9.367685443786598e-179;0.08137136344958289;2.19605732444407e-205
4.183870219105685e-179;0.07559226280297782;9.028736129922483e-206
2.2320746732373155e-179;0.08137136344958289;4.2552600853693893e-206
9.969069529733039e-180;0.07559226280297782;1.749481675516712e-206
5.318450728095324e-180;0.08137136344958289;8.245339587718513e-207
2.3753687873687203e-180;0.07559226280297782;3.389938623663204e-207
1.2672478428399904e-180;0.08137136344958289;1.5976843613049434e-207
5.659883160787467e-181;0.07559226280297782;6.5686220284699315e-208
3.0195204906180064e-181;0.08137136344958289;3.0958037461070657e-208
1.348602270271093e-181;0.07559226280297782;1.2727898685751288e-208
7.19472835939421e-182;0.08137136344958289;5.99868225948121e-209
3.2133668341084724e-182;0.07559226280297782;2.466261633758292e-209
1.7143157771675418e-182;0.08137136344958289;1.1623536826410366e-209
7.656613545869727e-183;0.07559226280297782;4.7788300302526305e-210
4.084766563852598e-183;0.08137136344958289;2.2522714574751006e-210
1.8243709485182509e-183;0.07559226280297782;9.259851487550038e-211
9.732931414034062e-184;0.08137136344958289;4.364185182113455e-211
4.346999280893338e-184;0.07559226280297782;1.7942644753772515e-211
2.3191032444445305e-184;0.08137136344958289;8.456401754134116e-212
1.0357763460021548e-184;0.07559226280297782;3.476713435338882e-212
5.525817073608663e-185;0.08137136344958289;1.6385814910056558e-212
2.4679843947825586e-185;0.07559226280297782;6.736763992902681e-213
1.3166578247057994e-185;0.08137136344958289;3.175049365829526e-213
5.880561953745903e-186;0.07559226280297782;1.3053704292901117e-213
3.1372515670825144e-186;0.08137136344958289;6.152235046465365e-214
1.401184260522465e-186;0.07559226280297782;2.529392389966815e-214
7.475250752685816e-187;0.08137136344958289;1.1921073251428902e-214
3.338655977742507e-187;0.07559226280297782;4.901157341139791e-215
1.7811569337263802e-187;0.08137136344958289;2.3099245460002574e-215
7.955144838380826e-188;0.07559226280297782;9.496882879023609e-216
4.244031575023354e-188;0.08137136344958289;4.475898516582755e-216
1.8955031552070258e-188;0.07559226280297782;1.8401936142886117e-216
1.0112418321339296e-188;0.08137136344958289;8.672866637759627e-217
4.516488743316317e-189;0.07559226280297782;3.565709487213062e-217
2.4095250588515294e-189;0.08137136344958289;1.6805254953320872e-217
1.0761612563116552e-189;0.07559226280297782;6.909210013814973e-218
5.741268631047424e-190;0.08137136344958289;3.256323495354356e-218
2.564211083887051e-190;0.07559226280297782;1.3387849791518548e-218
1.367994301315137e-190;0.08137136344958289;6.309718439767809e-219
6.10984501083455e-191;0.07559226280297782;2.5941391516813605e-219
3.259572977147525e-191;0.08137136344958289;1.2226225940372516e-219
1.4558164220954677e-191;0.07559226280297782;5.02661595631987e-220
7.766710711540305e-192;0.08137136344958289;2.3690534240469056e-220
3.4688301439472313e-192;0.07559226280297782;9.739981741516499e-221
1.850604226371483e-192;0.08137136344958289;4.590471461397964e-221
8.265315863271595e-193;0.07559226280297782;1.887298435954709e-221
4.409506327531032e-193;0.08137136344958289;8.894872536015856e-222
1.9694088059875992e-193;0.07559226280297782;3.656983638043767e-222
1.0506701419708702e-193;0.08137136344958289;1.723543171922359e-222
4.6925865983375455e-194;0.07559226280297782;7.086070265381591e-223
2.5034724189798044e-194;0.08137136344958289;3.3396780599744993e-223
1.1181207739067942e-194;0.07559226280297782;1.3730548664085712e-223
5.9651206427510394e-195;0.08137136344958289;6.471233054078367e-224
2.6641896507244836e-195;0.07559226280297782;2.6605432850117727e-224
1.4213323866805347e-195;0.08137136344958289;1.2539189852484213e-224
6.348067812233611e-196;0.07559226280297782;5.155286030146833e-225
3.386663697878373e-196;0.08137136344958289;2.4296958685107312e-225
1.5125786911512853e-196;0.07559226280297782;9.989303388653375e-226
8.069534691539508e-197;0.08137136344958289;4.7079772161584774e-226
3.604079799708253e-197;0.07559226280297782;1.935609035212344e-226
1.9227592683251466e-197;0.08137136344958289;9.12256128642687e-227
8.587580453601615e-198;0.07559226280297782;3.75059420204548e-227
4.581432939133862e-198;0.08137136344958289;1.7676620043739182e-227
2.04619603741988e-198;0.07559226280297782;7.267457741988673e-228
1.0916357612497206e-198;0.08137136344958289;3.425166314153721e-228
4.8755505071243055e-199;0.07559226280297782;1.4082019857756535e-228
2.601082785824967e-199;0.08137136344958289;6.63688207959679e-229
1.1617162927113165e-199;0.07559226280297782;2.7286472149473562e-229
6.197700642354883e-200;0.08137136344958289;1.286016493752544e-229
2.768066380973534e-200;0.07559226280297782;5.2872497687459755e-230
1.4767501235091793e-200;0.08137136344958289;2.491890623291089e-230
6.595578918492411e-201;0.07559226280297782;1.024500710973872e-230
3.518709684654535e-201;0.08137136344958289;4.828490854208975e-231
1.571554120561294e-201;0.07559226280297782;1.985156277258511e-231
8.384165775764463e-202;0.08137136344958289;9.356078357238655e-232
3.7446028383172133e-202;0.07559226280297782;3.846600986145509e-232
1.9977276347082814e-202;0.08137136344958289;1.8129101798025474e-232
8.922410137377396e-203;0.07559226280297782;7.453488330424673e-233
4.760062967759305e-203;0.08137136344958289;3.5128428755503977e-233
2.1259772023072714e-203;0.07559226280297782;1.4442487924240183e-233
1.1341986296516453e-203;0.08137136344958289;6.80677134796011e-234
5.065648177050487e-204;0.07559226280297782;2.7984944524618074e-234
2.7024989799855844e-204;0.08137136344958289;1.3189356263522402e-234
1.2070116003974952e-204;0.07559226280297782;5.4225914825347025e-235
6.439348934027799e-205;0.08137136344958289;2.555677424044079e-235
2.875993263990158e-205;0.07559226280297782;1.050725627152528e-235
1.5343285973927093e-205;0.08137136344958289;4.952089370603041e-236
6.852740480532939e-206;0.07559226280297782;2.0359718173698994e-236
3.6559041432540477e-206;0.08137136344958289;9.595572940357362e-237
1.6328290014275775e-206;0.07559226280297782;3.945065328194141e-237
8.711064323101587e-207;0.08137136344958289;1.859316606850862e-237
3.89060486892337e-207;0.07559226280297782;7.644280883919505e-238
2.075619017014803e-207;0.08137136344958289;3.602763759912232e-238
9.27029482747809e-208;0.07559226280297782;1.4812183163264846e-238
4.945657779576084e-208;0.08137136344958289;6.98100939985746e-239
2.2088690340879614e-208;0.07559226280297782;2.870129622311992e-239
1.1784210239054192e-208;0.08137136344958289;1.352697414778184e-239
5.263157753398016e-209;0.07559226280297782;5.561397640087684e-240
2.807869390634068e-209;0.08137136344958289;2.6210970235693264e-240
1.2540729717183648e-209;0.07559226280297782;1.0776218422587599e-240
6.6904190903951e-210;0.08137136344958289;5.078851731294649e-241
2.9881282151939328e-210;0.07559226280297782;2.0880881211271472e-241
1.5941520554492426e-210;0.08137136344958289;9.841198046666809e-242
7.119928769538378e-211;0.07559226280297782;4.04605013615281e-242
3.798447812546481e-211;0.08137136344958289;1.9069109341577683e-242
1.6964929893414964e-211;0.07559226280297782;7.839957298078688e-243
9.050708641825984e-212;0.08137136344958289;3.694986416864206e-243
4.042299517374876e-212;0.07559226280297782;1.5191341769714488e-243
2.156547383608978e-212;0.08137136344958289;7.159707554375704e-244
9.631743538481514e-213;0.07559226280297782;2.9435984915482656e-244
5.138488931417473e-213;0.08137136344958289;1.387323429126112e-244
2.294992817635813e-213;0.07559226280297782;5.7037569233807445e-245
1.224367648908912e-213;0.08137136344958289;2.688191217846545e-245
5.468368226330831e-214;0.07559226280297782;1.1052065400367255e-245
2.9173481926353206e-214;0.08137136344958289;5.208858923588747e-246
1.3029692654789773e-214;0.07559226280297782;2.1415384851568153e-246
6.95127846987548e-215;0.08137136344958289;1.0093110603785539e-246
3.10463530712519e-215;0.07559226280297782;4.149619928285395e-247
1.6563080295912598e-215;0.08137136344958289;1.9557235693007037e-247
7.39753472750185e-216;0.07559226280297782;8.040642588761321e-248
3.9465492582080746e-216;0.08137136344958289;3.789569766612615e-248
1.7626392355651103e-216;0.07559226280297782;1.5580205984531241e-248
9.403595689448136e-217;0.08137136344958289;7.342979980120255e-249
4.19990873878973e-217;0.07559226280297782;3.018947998754645e-249
2.240631146480558e-217;0.08137136344958289;1.4228357916377322e-249
1.000728513143935e-217;0.07559226280297782;5.849760284449087e-250
5.338838568115226e-218;0.08137136344958289;2.757002872738629e-250
2.3844745667208393e-218;0.07559226280297782;1.1334973440958207e-250
1.272105732403377e-218;0.08137136344958289;5.342194007883327e-251
5.681579853736769e-219;0.07559226280297782;2.196357058404281e-251
3.0310955721308134e-219;0.08137136344958289;1.0351471556326588e-251
1.3537720252885708e-219;0.07559226280297782;4.255840874378365e-252
7.222308754189103e-220;0.08137136344958289;2.0057856982227812e-252
3.2256850095111364e-220;0.07559226280297782;8.246464971951617e-253
1.7208874645997222e-220;0.08137136344958289;3.8865742375886446e-253
7.685964539241305e-221;0.07559226280297782;1.5979024249481164e-253
4.100425177888936e-221;0.08137136344958289;7.530943768156232e-254
1.8313645233273358e-221;0.07559226280297782;3.0962262840374395e-254
9.77024179984733e-222;0.08137136344958289;1.459257190834442e-254
4.3636631423139904e-222;0.07559226280297782;5.999501003495615e-255
2.327993334501701e-222;0.08137136344958289;2.8275759513782246e-255
1.0397469087690796e-222;0.07559226280297782;1.1625123291702436e-255
5.546999835325505e-223;0.08137136344958289;5.478942170735934e-256
2.4774452083887913e-223;0.07559226280297782;2.2525788639511987e-256
1.3217051233390782e-223;0.08137136344958289;1.0616445968723383e-256
5.903104600555955e-224;0.07559226280297782;4.364780838016039e-257
3.1492779609182317e-224;0.08137136344958289;2.0571293051571648e-257
1.4065555842410524e-224;0.07559226280297782;8.457555945674877e-258
7.503906506822897e-225;0.08137136344958289;3.9860618050555287e-258
3.351454438692077e-225;0.07559226280297782;1.6388051365881114e-258
1.7879848511917717e-225;0.08137136344958289;7.723719006816952e-259
7.98564022671702e-226;0.07559226280297782;3.175482719781486e-259
4.260300718278539e-226;0.08137136344958289;1.4966108960127975e-259
1.902769409434304e-226;0.07559226280297782;6.153074748486843e-260
1.0151183438756087e-226;0.08137136344958289;2.8999555422554127e-260
4.533802328542187e-227;0.07559226280297782;1.1922700326667705e-260
2.418761773439165e-227;0.08137136344958289;5.619190779288547e-261
1.0802866312847486e-227;0.07559226280297782;2.3102398213914105e-261
5.763277308450944e-228;0.08137136344958289;1.0888203130688005e-261
2.574040774529748e-228;0.07559226280297782;4.476509419938025e-262
1.3732383940762198e-228;0.08137136344958289;2.109787193061529e-262
6.133266595238698e-229;0.07559226280297782;8.674050374010395e-263
3.2720682799695043e-229;0.08137136344958289;4.088096030703994e-263
1.4613971736769875e-229;0.07559226280297782;1.680754865738926e-263
7.79648375327056e-230;0.08137136344958289;7.921428858427224e-264
3.4821276167728205e-230;0.07559226280297782;3.2567679421937593e-264
1.8576983642767432e-230;0.08137136344958289;1.534920772111067e-264
8.29700026652163e-231;0.07559226280297782;6.310579636274267e-265
4.426409804533762e-231;0.08137136344958289;2.97418788802429e-265
1.9769583714011075e-231;0.07559226280297782;1.2227894665081465e-265
1.0546977988700954e-231;0.08137136344958289;5.763029437085707e-266
4.7105752400938924e-232;0.07559226280297782;2.3693767697796586e-266
2.513069272985202e-232;0.08137136344958289;1.1166916665368748e-266
1.122406997212566e-232;0.07559226280297782;4.5910980025064475e-267
5.987987438286341e-233;0.08137136344958289;2.1637930045755528e-267
2.674402600915929e-233;0.07559226280297782;8.896086573254833e-268
1.426780946570674e-233;0.08137136344958289;4.192742103261229e-268
6.372402604000646e-234;0.07559226280297782;1.7237784136962275e-268
3.39964619244373e-234;0.08137136344958289;8.124199637990637e-269
1.5183770361862067e-234;0.07559226280297782;3.340133883654331e-269
8.100468583896007e-235;0.08137136344958289;1.5742112949563123e-269
3.617895740878355e-235;0.07559226280297782;6.472116295280293e-270
1.930130006602808e-235;0.08137136344958289;3.0503204150470055e-270
8.62050023144619e-236;0.07559226280297782;1.2540901292796113e-270
4.598995482551183e-236;0.08137136344958289;5.910550041321332e-271
2.054039960320195e-236;0.07559226280297782;2.430027491167698e-271
1.095820456454813e-236;0.08137136344958289;1.1452764640276398e-271
4.894240525859125e-237;0.07559226280297782;4.7086197953115223e-272
2.611053821080741e-237;0.08137136344958289;2.2191812435149048e-272
1.1661696358247933e-237;0.07559226280297782;9.123806400291254e-273
6.22145901404012e-238;0.08137136344958289;4.3000668801393475e-273
2.7786775340000496e-238;0.07559226280297782;1.767903267808611e-273
1.4824111226998762e-238;0.08137136344958289;8.33216089389103e-274
6.620862523569089e-239;0.07559226280297782;3.4256338058955307e-274
3.5321983665649124e-239;0.08137136344958289;1.614507566901775e-274
1.577578543016387e-239;0.07559226280297782;6.637787929788866e-275
8.416305780302588e-240;0.08137136344958289;3.128401763694004e-275
3.758957462907874e-240;0.07559226280297782;1.2861920186863792e-275
2.0053857580043452e-240;0.08137136344958289;6.061846841551037e-276
8.956613457060695e-241;0.07559226280297782;2.492230734742923e-276
4.778310274584719e-241;0.08137136344958289;1.1745929681049875e-276
2.1341269596901272e-241;0.07559226280297782;4.829149881944478e-277
1.1385464860847204e-241;0.08137136344958289;2.2759872969153964e-277
5.085066919445766e-242;0.07559226280297782;9.357355343220208e-278
2.712858785815289e-242;0.08137136344958289;4.410138930150002e-278
1.2116385793184586e-242;0.07559226280297782;1.8131576190390575e-278
6.46403364440895e-243;0.08137136344958289;8.54544549065977e-279
2.88701814577666e-243;0.07559226280297782;3.513322334030358e-279
1.540210318890359e-243;0.08137136344958289;1.6558353328645264e-279
6.879009893141595e-244;0.07559226280297782;6.807700385881679e-280
3.669918748749415e-244;0.08137136344958289;3.2084818194199264e-280
1.6390883160593964e-244;0.07559226280297782;1.3191156443299778e-280
8.744457466124307e-245;0.08137136344958289;6.217016499907248e-281
3.905519180196254e-245;0.07559226280297782;2.5560262415848613e-281
2.0835757304685258e-245;0.08137136344958289;1.2046599088134124e-281
9.305831734284731e-246;0.07559226280297782;4.952765267967747e-282
4.964616548728648e-246;0.08137136344958289;2.3342474576414436e-282
2.217336550437039e-246;0.07559226280297782;9.59688261431071e-283
1.1829384032212723e-246;0.08137136344958289;4.523028577312342e-283
5.283333632382659e-247;0.07559226280297782;1.8595703799758349e-283
2.818633125198846e-247;0.08137136344958289;8.764189693861728e-284
1.2588803565053704e-247;0.07559226280297782;3.6032554914519393e-284
6.71606625740946e-248;0.08137136344958289;1.6982209967736832e-284
2.9995829570210094e-248;0.07559226280297782;6.981962219062285e-285
1.6002631052145848e-248;0.08137136344958289;3.2906117446349522e-285
7.147222426305689e-249;0.07559226280297782;1.352882040811659e-285
3.813008847382632e-249;0.08137136344958289;6.376158152855839e-286
1.7029963545938808e-249;0.07559226280297782;2.6214547700553596e-286
9.085403783191434e-250;0.08137136344958289;1.2354964956444635e-286
4.0577953375086296e-250;0.07559226280297782;5.079544930113169e-287
2.1648143292478854e-250;0.08137136344958289;2.3939989475732563e-287
9.668666028961315e-251;0.07559226280297782;9.842541245330548e-288
5.1581869028068535e-251;0.08137136344958289;4.638807945782397e-288
2.3037904823703257e-251;0.07559226280297782;1.9071712033045184e-288
1.2290611608032034e-251;0.08137136344958289;8.988533257154026e-289
5.48933076265358e-252;0.07559226280297782;3.6954907356264265e-289
2.9285316051128727e-252;0.08137136344958289;1.7416916384395987e-289
1.307964090155103e-252;0.07559226280297782;7.160684763611227e-290
6.977925619698458e-253;0.08137136344958289;3.3748440113920167e-290
3.116536669231913e-253;0.07559226280297782;1.3875127811711923e-290
1.6626573491313696e-253;0.08137136344958289;6.539373474533408e-291
7.425892563698278e-254;0.07559226280297782;2.6885581218387794e-291
3.961678027660055e-254;0.08137136344958289;1.2671224298095062e-291
1.7693961669695283e-254;0.07559226280297782;5.209569866739426e-292
9.439643594059847e-255;0.08137136344958289;2.455279941387515e-292
4.2160087408095582e-255;0.07559226280297782;1.009448818531693e-292
2.2492204202547366e-255;0.08137136344958289;4.7575510059325276e-293
1.0045647229487135e-255;0.07559226280297782;1.955990500752797e-293
5.359304563229913e-256;0.08137136344958289;9.218619511573356e-294
2.3936152523233293e-256;0.07559226280297782;3.7900869948019575e-294
1.2769822442837332e-256;0.08137136344958289;1.7862750308549416e-294
5.703359719160074e-257;0.07559226280297782;7.343982203716445e-295
3.0427150257591483e-257;0.08137136344958289;3.4612324349106943e-295
1.3589615981333856e-257;0.07559226280297782;1.4230299906696987e-295
7.249994876141293e-258;0.08137136344958289;6.706766741706003e-296
3.238050405618146e-258;0.07559226280297782;2.7573791686486364e-296
1.7274843440509503e-258;0.08137136344958289;1.299557916826652e-296
7.71542804721309e-259;0.07559226280297782;5.3429231495812036e-297
4.116143817924239e-259;0.08137136344958289;2.518129590946879e-297
1.838384907425756e-259;0.07559226280297782;1.0352884400849799e-297
9.807695211931971e-260;0.08137136344958289;4.879333621610429e-298
4.3803908832661245e-260;0.07559226280297782;2.0060594625202606e-298
2.3369175039822107e-260;0.08137136344958289;9.454595457108926e-299
1.0437326923592526e-260;0.07559226280297782;3.8871047056574406e-299
5.568263799403566e-261;0.08137136344958289;1.831999657938573e-299
2.4869422892397847e-261;0.07559226280297782;7.531971646424518e-300
1.3267717703732944e-261;0.08137136344958289;3.549832207959257e-300
5.92573366273401e-262;0.07559226280297782;1.4594563609252658e-300
3.1613504569378374e-262;0.08137136344958289;6.8784449003905784e-301
1.4119474984838847e-262;0.07559226280297782;2.8279618796180064e-301
7.532672110418185e-263;0.08137136344958289;1.3328236794298713e-301
3.3643019614808306e-263;0.07559226280297782;5.479689976822901e-302
1.7948389429128e-263;0.08137136344958289;2.5825880503136854e-302
8.01625251659663e-264;0.07559226280297782;1.0617894978891773e-302
4.27663222794585e-264;0.08137136344958289;5.004233598607798e-303
1.9100635182448654e-264;0.07559226280297782;2.057410077205521e-303
1.0190097159037208e-264;0.08137136344958289;9.696611856619372e-304
4.5511822839619007e-265;0.07559226280297782;3.986605851914941e-304
2.428033896206545e-265;0.08137136344958289;1.8788947327336865e-304
1.0844278205408473e-265;0.07559226280297782;7.724773196459301e-305
5.7853703542949804e-266;0.08137136344958289;3.640699936116839e-305
2.58390814647673e-266;0.07559226280297782;1.4968151644104206e-305
1.3785025896322165e-266;0.08137136344958289;7.054517634181831e-306
6.156777964345242e-267;0.07559226280297782;2.900351349390961e-306
3.284611482499113e-267;0.08137136344958289;1.3669409708085677e-306
1.4669993186071034e-267;0.07559226280297782;5.619957727531049e-307
7.826370927488374e-268;0.08137136344958289;2.6486965014040617e-307
3.49547606435824e-268;0.07559226280297782;1.088968923226084e-307
1.8648196969716266e-268;0.08137136344958289;5.132330734369815e-308
8.328806129305197e-269;0.07559226280297782;2.110075152243436e-308
4.443378079614442e-269;0.08137136344958289;9.94482333215372e-309
1.9845368774478433e-269;0.07559226280297782;4.08865400394055e-309
1.0587408954581882e-269;0.08137136344958289;1.926990216071727e-309
4.728632839817329e-270;0.07559226280297782;7.92251003295565e-310
2.5227029157349423e-270;0.08137136344958289;3.7338936739382e-310
1.1267096514000913e-270;0.07559226280297782;1.53513026932066e-310
6.010941891786871e-271;0.08137136344958289;7.235097434328e-311
2.6846547016053774e-271;0.07559226280297782;2.974593826933e-311
1.4322503930635126e-271;0.08137136344958289;1.4019315881863e-311
6.396830681174782e-272;0.07559226280297782;5.76381601748e-312
3.4126784543258694e-272;0.08137136344958289;2.716497180297e-312
1.5241976086961903e-272;0.07559226280297782;1.11684408078e-312
8.13152105876472e-273;0.08137136344958289;5.263706869e-313
3.631764644313726e-273;0.07559226280297782;2.16408833485e-313
1.9375289999946886e-273;0.08137136344958289;1.01993884637e-313
8.653546204530391e-274;0.07559226280297782;4.1933143596e-314
4.6166253505229165e-274;0.08137136344958289;1.9763168357e-314
2.0619139522487593e-274;0.07559226280297782;8.12530849e-315
1.1000211933421013e-274;0.08137136344958289;3.82947296e-315
4.913002191231521e-275;0.07559226280297782;1.574426153e-315
2.6210630794736673e-275;0.08137136344958289;7.42029965e-316
1.1706400504599544e-275;0.07559226280297782;3.05073674e-316
6.245308461473852e-276;0.08137136344958289;1.4378179e-316
2.789329364002122e-276;0.07559226280297782;5.9113566e-317
1.4880938228617205e-276;0.08137136344958289;2.786033e-317
6.646243051250053e-277;0.07559226280297782;1.145433e-317
3.545738756219297e-277;0.08137136344958289;5.39845e-318
1.5836260595955898e-277;0.07559226280297782;2.219486e-318
8.44856899088399e-278;0.08137136344958289;1.046046e-318
3.773367114762034e-278;0.07559226280297782;4.30064e-319
2.013073238081276e-278;0.08137136344958289;2.0269e-319
8.990947892334865e-279;0.07559226280297782;8.3334e-320
4.7966275309483095e-279;0.08137136344958289;3.9273e-320
2.142307958492365e-279;0.07559226280297782;1.6146e-320
1.1429110096650327e-279;0.08137136344958289;7.61e-321
5.104560101980384e-280;0.07559226280297782;3.127e-321
2.7232583051019106e-280;0.08137136344958289;1.47e-321
1.2162832953795832e-280;0.07559226280297782;6.1e-322
6.488812981581188e-281;0.08137136344958289;2.87e-322
2.8980852905336296e-281;0.07559226280297782;1.2e-322
1.546114587479828e-281;0.08137136344958289;5.4e-323
6.905380007365984e-282;0.07559226280297782;2.5e-323
3.683987078073269e-282;0.08137136344958289;1.0e-323
1.6453716252550161e-282;0.07559226280297782;5.0e-324
8.777978618992807e-283;0.08137136344958289;0.0
3.9204906642451434e-283;0.07559226280297782;0.0
2.0915629453237264e-283;0.08137136344958289;0.0
9.341504868877923e-284;0.07559226280297782;0.0
4.9836479947512446e-284;0.08137136344958289;0.0
2.2258365263081654e-284;0.07559226280297782;0.0
1.1874730995362824e-284;0.08137136344958289;0.0
5.303586853926994e-285;0.07559226280297782;0.0
2.8294381216478644e-285;0.08137136344958289;0.0
1.2637061700034703e-285;0.07559226280297782;0.0
6.741811740712662e-286;0.08137136344958289;0.0
3.011081609651388e-286;0.07559226280297782;0.0
1.606397581182651e-286;0.08137136344958289;0.0
7.174620711043825e-287;0.07559226280297782;0.0
3.827625700738864e-287;0.08137136344958289;0.0
1.7095246499578846e-287;0.07559226280297782;0.0
9.120231925505372e-288;0.08137136344958289;0.0
4.073350559584412e-288;0.07559226280297782;0.0
2.173112965537649e-288;0.08137136344958289;0.0
9.705730058747839e-289;0.07559226280297782;0.0
5.17796038473677e-289;0.08137136344958289;0.0
2.312621872223351e-289;0.07559226280297782;0.0
1.2337726648862906e-289;0.08137136344958289;0.0
5.510373657121712e-290;0.07559226280297782;0.0
2.9397578882751594e-290;0.08137136344958289;0.0
1.3129780620775995e-290;0.07559226280297782;0.0
7.004674919161479e-291;0.08137136344958289;0.0
3.128483654223764e-291;0.07559226280297782;0.0
1.6690310082616365e-291;0.08137136344958289;0.0
7.454359107309155e-292;0.07559226280297782;0.0
3.976864791995687e-292;0.08137136344958289;0.0
1.7761790005103982e-292;0.07559226280297782;0.0
9.475829685325833e-293;0.08137136344958289;0.0
4.232170460852586e-293;0.07559226280297782;0.0
2.257842620297954e-293;0.08137136344958289;0.0
1.0084156385457901e-293;0.07559226280297782;0.0
5.379849013040425e-294;0.08137136344958289;0.0
2.4027909779864007e-294;0.07559226280297782;0.0
1.2818774498681645e-294;0.08137136344958289;0.0
5.72522307589212e-295;0.07559226280297782;0.0
3.054379021599816e-295;0.08137136344958289;0.0
1.364171064775534e-295;0.07559226280297782;0.0
7.277787130547068e-296;0.08137136344958289;0.0
3.250463203446161e-296;0.07559226280297782;0.0
1.7341065120927316e-296;0.08137136344958289;0.0
7.745004501100433e-297;0.07559226280297782;0.0
4.1319227140631897e-297;0.08137136344958289;0.0
1.8454322035846882e-297;0.07559226280297782;0.0
9.845292198567274e-298;0.08137136344958289;0.0
4.397182748626621e-298;0.07559226280297782;0.0
2.345875883526687e-298;0.08137136344958289;0.0
1.0477337551204322e-298;0.07559226280297782;0.0
5.589609277125318e-299;0.08137136344958289;0.0
2.4964757763629954e-299;0.07559226280297782;0.0
1.33185783997894e-299;0.08137136344958289;0.0
5.9484494715461676e-300;0.07559226280297782;0.0
3.173469231870242e-300;0.08137136344958289;0.0
1.417360082183028e-300;0.07559226280297782;0.0
7.561547984570455e-301;0.08137136344958289;0.0
3.3771987341832506e-301;0.07559226280297782;0.0
1.8017193092262947e-301;0.08137136344958289;0.0
8.046982156152015e-302;0.07559226280297782;0.0
4.293026343101731e-302;0.08137136344958289;0.0
1.9173855884169351e-302;0.07559226280297782;0.0
1.0229160051839463e-302;0.08137136344958289;0.0
4.568628864000066e-303;0.07559226280297782;0.0
2.437341562887984e-303;0.08137136344958289;0.0
1.0885848847026943e-303;0.07559226280297782;0.0
5.807548091998955e-304;0.08137136344958289;0.0
2.593813344176164e-304;0.07559226280297782;0.0
1.3837869650455238e-304;0.08137136344958289;0.0
6.18037946233637e-305;0.07559226280297782;0.0
3.297202768355902e-305;0.08137136344958289;0.0
1.472622938895443e-305;0.07559226280297782;0.0
7.8563726717112e-306;0.08137136344958289;0.0
3.50887568211103e-306;0.07559226280297782;0.0
1.8719683287051086e-306;0.08137136344958289;0.0
8.360733917227346e-307;0.07559226280297782;0.0
4.46041140117114e-307;0.08137136344958289;0.0
1.9921444350693253e-307;0.07559226280297782;0.0
1.0627994909219207e-307;0.08137136344958289;0.0
4.746759661852501e-308;0.07559226280297782;0.0
2.5323734882556265e-308;0.08137136344958289;0.0
1.131028799455797e-308;0.07559226280297782;0.0
6.033984339282204e-309;0.08137136344958289;0.0
2.694946102873017e-309;0.07559226280297782;0.0
1.43774080622612e-309;0.08137136344958289;0.0
6.4213524013579e-310;0.07559226280297782;0.0
3.4257606743037e-310;0.08137136344958289;0.0
1.53004049388844e-310;0.07559226280297782;0.0
8.162692570722e-311;0.08137136344958289;0.0
3.645686713041e-311;0.07559226280297782;0.0
1.9449563568143e-311;0.08137136344958289;0.0
8.686718856615e-312;0.07559226280297782;0.0
4.634322801134e-312;0.08137136344958289;0.0
2.06981812847e-312;0.07559226280297782;0.0
1.104238033406e-312;0.08137136344958289;0.0
4.9318357779e-313;0.07559226280297782;0.0
