# ["m", "w0", "wp"] [calculated @ 2025-10-14T10:31:03.443]
0.10929877089529072;0.6387765649435638;0.06747508586561157
0.0;0.0;0.0
0.0;0.0;0.0
0.0020756498018079847;0.019448738761124733;0.0007403743640945711
0.0031201363676278426;0.04056842465119734;0.001023844903823272
0.0035095365591698317;0.06020534388761615;0.001051645982795783
0.002560883172282531;0.060363467564634114;0.0007508300310367283
0.0020079213365596614;0.06347779908134644;0.0005674612147366649
0.0018654980580846937;0.07552149013354532;0.0004891538314337234
0.0014071432909335047;0.07555205423382544;0.0003585018066238195
0.0010632323695816568;0.0755693363389752;0.00026325515095645117
0.0008043746756294662;0.0755791562486121;0.00019358397593602678
0.0006090872490301722;0.07558475587903521;0.0001424953213090806
0.00046151229772977765;0.07558795720485653;0.00010496601722195735
0.000349857593841146;0.07558979084359427;7.736164624849963e-5
0.00026530587248997444;0.07559084253990794;5.7038476105965814e-5
0.00022235475687328187;0.08137046165348855;4.52817799730362e-5
0.00015370462597441036;0.07559178691456833;3.1130643233135675e-5
0.000128819507544136;0.08137106125000655;2.4713732688708802e-5
8.904690971225217e-5;0.07559210332185308;1.6990232411839328e-5
7.462963912525053e-5;0.08137126216451775;1.3487987079689122e-5
5.1587805203405124e-5;0.07559220934901369;9.272704957837292e-6
4.323530252573015e-5;0.08137132949801278;7.361276232245157e-6
2.9886392604717865e-5;0.07559224488403193;5.0607119256425825e-6
2.5047503460387583e-5;0.08137135206722682;4.0175170810177035e-6
1.7314066949190634e-5;0.0755922567953727;2.7619501922160355e-6
1.451074771901636e-5;0.08137135963315702;2.192611467604044e-6
1.003053888839982e-5;0.07559226078859932;1.5073690603596237e-6
8.406492698506843e-6;0.08137136216982307;1.1966449057666254e-6
5.810977949390233e-6;0.0755922621274765;8.226651758138511e-7
4.870120848435491e-6;0.08137136302040025;6.530835461281209e-7
3.3664648255126964e-6;0.07559226257643417;4.4897949732752796e-7
2.8213993323321355e-6;0.08137136330563902;3.5642823642498997e-7
1.950288588468873e-6;0.0755922627269952;2.450359711292373e-7
1.6345166206130817e-6;0.08137136340130174;1.945249968504041e-7
1.1298574401508445e-6;0.07559226277749144;1.3373132426000955e-7
9.469217731211491e-7;0.08137136343338756;1.0616435103475432e-7
6.545584072377094e-7;0.07559226279442864;7.298547364055241e-8
5.485785898558716e-7;0.08137136344415005;5.7940466815547235e-8
3.792042126873804e-7;0.07559226280010983;3.983269654964581e-8
3.1780710302311244e-7;0.08137136344776026;3.1621703660333874e-8
2.1968373186826428e-7;0.07559226280201566;2.1739171087534584e-8
1.8411464820109825e-7;0.08137136344897142;1.7257923349273533e-8
1.2726900231692765e-7;0.07559226280265505;1.1864412857687555e-8
1.066628254901086e-7;0.08137136344937773;9.418718245203072e-9
7.373053422746569e-8;0.07559226280286944;6.4751453268086235e-9
6.179279287692825e-8;0.08137136344951401;5.1403782143661005e-9
4.2714184693193136e-8;0.07559226280294146;3.533888060651053e-9
3.579831333523755e-8;0.08137136344955971;2.80542293252389e-9
2.4745535780273224e-8;0.07559226280296558;1.928661703455521e-9
2.0738975815616525e-8;0.08137136344957516;1.5310931410106287e-9
1.4335789041647128e-8;0.07559226280297379;1.0525902069144348e-9
1.2014675489028233e-8;0.08137136344958043;8.356124057578737e-10
8.305128215277727e-9;0.07559226280297647;5.744637027274061e-10
6.960441459215562e-9;0.08137136344958198;4.560454709486203e-10
4.811395763819563e-9;0.07559226280297739;3.1352044086105724e-10
4.032380678802618e-9;0.08137136344958262;2.488922736480665e-10
2.787377701458676e-9;0.07559226280297769;1.711075327577171e-10
2.336072220923371e-9;0.08137136344958275;1.3583593704046572e-10
1.6148067695502203e-9;0.07559226280297776;9.338398378500345e-11
1.3533527352620136e-9;0.08137136344958287;7.413408829793828e-11
9.3550325152846e-10;0.07559226280297782;5.096542675174185e-11
7.840355317870941e-10;0.08137136344958287;4.045956591055545e-11
5.4196350307498e-10;0.07559226280297782;2.7814991593722234e-11
4.5421396734591674e-10;0.08137136344958287;2.2081292307569926e-11
3.1397479184002495e-10;0.07559226280297782;1.518036454643171e-11
2.631390029752411e-10;0.08137136344958289;1.2051129541254235e-11
1.8189448062737217e-10;0.07559226280297782;8.284865626711822e-12
1.5244386977202857e-10;0.08137136344958289;6.577048172588055e-12
1.0537661921447873e-10;0.07559226280297782;4.521564567349957e-12
8.83150470599095e-11;0.08137136344958289;3.5895027529519123e-12
6.104765707441164e-11;0.07559226280297782;2.4676979757869688e-12
5.1163405579084346e-11;0.08137136344958289;1.959014085854631e-12
3.536663504727414e-11;0.07559226280297782;1.346775703187725e-12
2.964040848751041e-11;0.08137136344958289;1.0691553824328598e-12
2.04888923590026e-11;0.07559226280297782;7.350189579492983e-13
1.717152729304542e-11;0.08137136344958289;5.835043453944107e-13
1.1869795063557335e-11;0.07559226280297782;4.0114539285650345e-13
9.947951618144394e-12;0.08137136344958289;3.184544797589539e-13
6.876508128509862e-12;0.07559226280297782;2.1892989897696237e-13
5.76312984326207e-12;0.08137136344958289;1.7380034352613887e-13
3.9837557252054045e-12;0.07559226280297782;1.1948361247466093e-13
3.338744182241295e-12;0.08137136344958289;9.485361748613963e-14
2.3079024094087417e-12;0.07559226280297782;6.52096114633345e-14
1.934228972384292e-12;0.08137136344958289;5.176749693163692e-14
1.3370331663797029e-12;0.07559226280297782;3.558892587132664e-14
1.1205535714626937e-12;0.08137136344958289;2.8252730993191872e-14
7.745811437743181e-13;0.07559226280297782;1.9423082215218176e-14
6.491683892884672e-13;0.08137136344958289;1.5419266062405346e-14
4.48736772862031e-13;0.07559226280297782;1.0600379570406541e-14
3.760816157154267e-13;0.08137136344958289;8.415248988161101e-15
2.5996590923635926e-13;0.07559226280297782;5.7852840137107994e-15
2.178747209705499e-13;0.08137136344958289;4.592722847257186e-15
1.506056067882492e-13;0.07559226280297782;3.1573879875712915e-15
1.262209904828586e-13;0.08137136344958289;2.506533458652588e-15
8.725008930087984e-14;0.07559226280297782;1.7231822811867615e-15
7.312339112818574e-14;0.08137136344958289;1.3679706327363052e-15
5.0546445416967375e-14;0.07559226280297782;9.404473526486323e-16
4.236244945971797e-14;0.08137136344958289;7.46586344406881e-16
2.9282986009100856e-14;0.07559226280297782;5.13260397788389e-16
2.4541765590182417e-14;0.08137136344958289;4.074584324517975e-16
1.6964462338262732e-14;0.07559226280297782;2.8011800468783903e-16
1.4217739199811385e-14;0.08137136344958289;2.2237531588924433e-16
9.82799303106902e-15;0.07559226280297782;1.5287775345302763e-16
8.236738600205617e-15;0.08137136344958289;1.2136398998857676e-16
5.693634439618357e-15;0.07559226280297782;8.343486355648494e-17
4.771775724302026e-15;0.08137136344958289;6.62358499955245e-17
3.2984835285828536e-15;0.07559226280297782;4.553557531723013e-17
2.7644246914026972e-15;0.08137136344958289;3.61490078320808e-17
1.9109048365707284e-15;0.07559226280297782;2.485158518977377e-17
1.6015094413421336e-15;0.08137136344958289;1.972875364824532e-17
1.1070412396445234e-15;0.07559226280297782;1.3563050035976798e-17
9.277997330455678e-16;0.08137136344958289;1.0767203413193901e-17
6.413403131434906e-16;0.07559226280297782;7.402196876926256e-18
5.375006368479644e-16;0.08137136344958289;5.876330122425417e-18
3.7154658971427967e-16;0.07559226280297782;4.0398375335515586e-18
3.113893271596558e-16;0.08137136344958289;3.2070774910233914e-18
2.1524745209245112e-16;0.07559226280297782;2.2047896818800763e-18
1.8039664778363765e-16;0.08137136344958289;1.750300922369497e-18
1.2469893928489863e-16;0.07559226280297782;1.203290355355277e-18
1.0450888226778698e-16;0.08137136344958289;9.552476756244271e-19
7.224162380375119e-17;0.07559226280297782;6.567101121665109e-19
6.054495250910522e-17;0.08137136344958289;5.213378511796492e-19
4.185161669963563e-17;0.07559226280297782;3.584074030863626e-19
3.507540406888172e-17;0.08137136344958289;2.8452637154541924e-19
2.4245825718583468e-17;0.07559226280297782;1.9560512958043189e-19
2.0320174013024504e-17;0.08137136344958289;1.5528367242397943e-19
1.4046292858766464e-17;0.07559226280297782;1.0675384043046129e-19
1.1772051751954658e-17;0.08137136344958289;8.474792262842524e-20
8.137414883874718e-18;0.07559226280297782;5.826218602291949e-20
6.819882662514264e-18;0.08137136344958289;4.6252193020162227e-20
4.714234685131076e-18;0.07559226280297782;3.179728529186183e-20
3.95095099057307e-18;0.08137136344958289;2.5242687877482178e-20
2.731089539324394e-18;0.07559226280297782;1.735374899140096e-20
2.28889769844741e-18;0.08137136344958289;1.377649900843013e-20
1.5821974445465645e-18;0.07559226280297782;9.471016198154077e-21
1.3260231995937647e-18;0.08137136344958289;7.518689208156051e-21
9.166117468814054e-19;0.07559226280297782;5.1689204373155715e-21
7.682027584953175e-19;0.08137136344958289;4.1034146174764644e-21
5.31019119906218e-19;0.07559226280297782;2.8210001892411416e-21
4.4504159379761005e-19;0.08137136344958289;2.2394876363095517e-21
3.0763440100496333e-19;0.07559226280297782;1.5395946144281322e-21
2.5782518745163313e-19;0.08137136344958289;1.2222271792431435e-21
1.7822131281901216e-19;0.07559226280297782;8.402521863756911e-22
1.4936542608801627e-19;0.08137136344958289;6.670451104353253e-22
1.0324864917308035e-19;0.07559226280297782;4.585776866797983e-22
8.653161753112218e-20;0.08137136344958289;3.6404785207870076e-22
5.98148638198597e-20;0.07559226280297782;2.502742606688917e-22
5.0130214392051765e-20;0.08137136344958289;1.9868347212173353e-22
3.465244303381347e-20;0.07559226280297782;1.3659017299089966e-22
2.9041851599378996e-20;0.08137136344958289;1.0843388271334675e-22
2.0075140717999957e-20;0.07559226280297782;7.454572159286722e-23
1.682476635196837e-20;0.08137136344958289;5.917908920520448e-23
1.1630097031087968e-20;0.07559226280297782;4.068421970716387e-23
9.747063193600926e-21;0.08137136344958289;3.229769617690255e-23
6.737644276198987e-21;0.07559226280297782;2.2203899805554416e-23
5.646749494915566e-21;0.08137136344958289;1.762685422072641e-23
3.90330796649856e-21;0.07559226280297782;1.2118044050585241e-23
3.2713217535372746e-21;0.08137136344958289;9.620066645525614e-24
2.261296746572431e-21;0.07559226280297782;6.61356756686453e-24
1.8951692517619267e-21;0.08137136344958289;5.250266502773675e-24
1.3100331872214685e-21;0.07559226280297782;3.609433649432062e-24
1.097925170136569e-21;0.08137136344958289;2.8653957779978755e-24
7.589392919009652e-22;0.07559226280297782;1.969891611136742e-24
6.360591161442296e-22;0.08137136344958289;1.5638240383093894e-24
4.39675005495693e-22;0.07559226280297782;1.075091922035328e-24
3.6848704286454723e-22;0.08137136344958289;8.534756844316482e-25
2.5471617100418027e-22;0.07559226280297782;5.867442829296783e-25
2.1347497003449786e-22;0.08137136344958289;4.657945689999407e-25
1.4756428489239287e-22;0.07559226280297782;3.2022271444371375e-25
1.2367209027749003e-22;0.08137136344958289;2.542129605652719e-25
8.548816547436986e-23;0.07559226280297782;1.747653787672103e-25
7.164674111972953e-23;0.08137136344958289;1.3873976559689878e-25
4.9525713091772613e-23;0.07559226280297782;9.53802970182961e-26
4.150698432896026e-23;0.08137136344958289;7.571888748347334e-26
2.869164689215314e-23;0.07559226280297782;5.205493858950314e-26
2.4046170435100724e-23;0.08137136344958289;4.132448903217007e-26
1.662188285625625e-23;0.07559226280297782;2.8409605718014885e-26
1.3930626903927484e-23;0.08137136344958289;2.2553334452288096e-26
9.629527044077317e-24;0.07559226280297782;1.5504882320921946e-26
8.070406323542958e-24;0.08137136344958289;1.23087521910021e-26
5.578657477887044e-24;0.07559226280297782;8.46197508588428e-27
4.6754147301669174e-24;0.08137136344958289;6.717648816852804e-27
3.2318741214529706e-24;0.07559226280297782;4.6182241742979276e-27
2.708600041028091e-24;0.08137136344958289;3.666237237236147e-27
1.872316122350202e-24;0.07559226280297782;2.5204511130797077e-27
1.5691686418576684e-24;0.08137136344958289;2.000892848994472e-27
1.0846857056538077e-24;0.07559226280297782;1.3755663592035291e-27
9.09063792842168e-25;0.08137136344958289;1.0920112186126204e-27
6.283891197672632e-25;0.07559226280297782;7.5073180303045945e-28
5.266463765667995e-25;0.08137136344958289;5.959781915233957e-28
3.6404359694577255e-25;0.07559226280297782;4.097208661076114e-28
3.051011470644868e-25;0.08137136344958289;3.2526223056825333e-28
2.109007560893168e-25;0.07559226280297782;2.236100661332455e-28
1.7675372713450887e-25;0.08137136344958289;1.7751575500406937e-28
1.2218077530332475e-25;0.07559226280297782;1.220378697114772e-28
1.0239843526165784e-25;0.08137136344958289;9.688134776549885e-29
7.078278015940072e-26;0.07559226280297782;6.660362791915123e-29
5.932231084471863e-26;0.08137136344958289;5.287415499905553e-29
4.100646729942406e-26;0.07559226280297782;3.634972703539055e-29
3.4367093158845693e-26;0.08137136344958289;2.8856702877741514e-29
2.3756206758084e-26;0.07559226280297782;1.983829855561775e-29
1.9909829461640616e-26;0.08137136344958289;1.5748890946609524e-29
1.3762642741496634e-26;0.07559226280297782;1.0826988857403318e-29
1.1534327542903705e-26;0.08137136344958289;8.59514571359831e-30
7.9730883452433e-27;0.07559226280297782;5.908958744102598e-30
6.68216230195797e-27;0.08137136344958289;4.690903638131528e-30
4.619035671788538e-27;0.07559226280297782;3.224884951796345e-30
3.8711656889940855e-27;0.08137136344958289;2.560116800279766e-30
2.675938057300424e-27;0.07559226280297782;1.7600195572023607e-30
2.2426758157690903e-27;0.08137136344958289;1.3972143827037432e-30
1.5502466305344826e-27;0.07559226280297782;9.605517368950858e-31
1.2992455551398731e-27;0.08137136344958289;7.625464709347905e-31
8.981017362965452e-28;0.07559226280297782;5.2423260609602465e-31
7.526897114070099e-28;0.08137136344958289;4.16168862511915e-31
5.202957470456051e-28;0.07559226280297782;2.861062186848623e-31
4.360544466876979e-28;0.08137136344958289;2.2712913733918802e-31
3.014220476958958e-28;0.07559226280297782;1.561458929076158e-31
2.526186788453336e-28;0.08137136344958289;1.2395844493764038e-31
1.7462232077254163e-28;0.07559226280297782;8.521848977624713e-32
1.4634914833758618e-28;0.08137136344958289;6.7651804833879e-32
1.011636512494026e-28;0.07559226280297782;4.650901067273686e-32
8.478420248666577e-29;0.08137136344958289;3.6921782130968795e-32
5.860696552900251e-29;0.07559226280297782;2.5382849184915575e-32
4.911788741481723e-29;0.08137136344958289;2.0150504470267283e-32
3.3952673377217335e-29;0.07559226280297782;1.385299371938362e-32
2.845538193832855e-29;0.08137136344958289;1.0997378971739424e-32
1.966974435640301e-29;0.07559226280297782;7.560437112131866e-33
1.648500788354128e-29;0.08137136344958289;6.0019511881953676e-33
1.1395239448386456e-29;0.07559226280297782;4.1261990357015944e-33
9.55023149959451e-30;0.08137136344958289;3.2756366910743996e-33
6.60158463339627e-30;0.07559226280297782;2.2519225052351452e-33
5.532719325351895e-30;0.08137136344958289;1.7877179262997383e-33
3.8244847657031595e-30;0.07559226280297782;1.229013657777238e-33
3.2052608498989855e-30;0.08137136344958289;9.756684533183593e-34
2.21563223610006e-30;0.07559226280297782;6.707489123144859e-34
1.8568983011336324e-30;0.08137136344958289;5.3248273499777795e-34
1.2835784442569714e-30;0.07559226280297782;3.660692462805912e-34
1.0757537255857491e-30;0.08137136344958289;2.906088252688395e-34
7.436133107817542e-31;0.07559226280297782;1.9978667219904524e-34
6.232145709892247e-31;0.08137136344958289;1.5860324433709034e-34
4.307962309945888e-31;0.07559226280297782;1.0903596735841109e-34
3.610458344281369e-31;0.08137136344958289;8.65596187279589e-35
2.4957244571649625e-31;0.07559226280297782;5.95076841058736e-35
2.0916406744309513e-31;0.08137136344958289;4.724094784848889e-35
1.4458437929484992e-31;0.07559226280297782;3.24770307764988e-35
1.2117466243208375e-31;0.08137136344958289;2.5782312658255796e-35
8.376182184720744e-32;0.07559226280297782;1.7724728224695637e-35
7.019991050577647e-32;0.08137136344958289;1.4071005690655695e-35
4.852559338277867e-32;0.07559226280297782;9.673482554527786e-36
4.066879441715882e-32;0.08137136344958289;7.679419754576011e-36
2.811224924699122e-32;0.07559226280297782;5.2794188743822074e-36
2.3560583303151518e-32;0.08137136344958289;4.1911352367752715e-36
1.6286221406731522e-32;0.07559226280297782;2.8813060336928168e-36
1.3649312539014826e-32;0.08137136344958289;2.2873622141141893e-36
9.435068869043567e-33;0.07559226280297782;1.5725072507655726e-36
7.907432952340645e-33;0.08137136344958289;1.2483553030331225e-36
5.4660023550214244e-33;0.07559226280297782;8.582146515485078e-37
4.5809996450030646e-33;0.08137136344958289;6.813048466897157e-37
3.166609821272921e-33;0.07559226280297782;4.6838091701895045e-37
2.653902710778769e-33;0.08137136344958289;3.718302737971235e-37
1.8345066666446456e-33;0.07559226280297782;2.556244909495275e-37
1.5374809308185775e-33;0.08137136344958289;2.029308219129844e-37
1.0627816181694297e-33;0.07559226280297782;1.3951012519701157e-37
8.907062052538876e-34;0.08137136344958289;1.1075192469333012e-37
6.156994621255448e-34;0.07559226280297782;7.61393204547401e-38
5.1601130666081456e-34;0.08137136344958289;6.044418835762998e-38
3.5669211922825157e-34;0.07559226280297782;4.1553945357894127e-38
2.989399501555114e-34;0.08137136344958289;3.298813917978504e-38
2.0664183704223935e-34;0.07559226280297782;2.2678562988138127e-38
1.731843714380491e-34;0.08137136344958289;1.8003671752629308e-38
1.1971346299598686e-34;0.07559226280297782;1.237709716315158e-38
1.0033060651408265e-34;0.08137136344958289;9.825719323236306e-39
6.935339632875066e-35;0.07559226280297782;6.754948903341943e-39
5.812435914336855e-35;0.08137136344958289;5.362503912843214e-39
4.017838480283537e-35;0.07559226280297782;3.6865942058373593e-39
3.367308584298333e-35;0.08137136344958289;2.9266506877775548e-39
2.3276475137750393e-35;0.07559226280297782;2.012002908236593e-39
1.9507771387072393e-35;0.08137136344958289;1.5972546384078064e-39
1.348472064014077e-35;0.07559226280297782;1.098074666406912e-39
1.1301403924332607e-35;0.08137136344958289;8.717208345259014e-40
7.812080208301358e-36;0.07559226280297782;5.992873907232243e-40
6.547223059296277e-36;0.08137136344958289;4.757520780180808e-40
4.5257591024367414e-36;0.07559226280297782;3.270682656353758e-40
3.79299156770138e-36;0.08137136344958289;2.5964739028134103e-40
2.6219003014745978e-36;0.07559226280297782;1.7850142025620709e-40
2.197387335417913e-36;0.08137136344958289;1.417056706525802e-40
1.5189410296211545e-36;0.07559226280297782;9.741928637309195e-41
1.2730086570641146e-36;0.08137136344958289;7.733756566295287e-41
8.799655159156805e-37;0.07559226280297782;5.316774143208803e-41
7.374899339956243e-37;0.08137136344958289;4.22079020206284e-41
5.097889214263195e-37;0.07559226280297782;2.901693118715101e-41
4.272487855653901e-37;0.08137136344958289;2.3035467663244106e-41
2.9533514633079314e-37;0.07559226280297782;1.583633746404921e-41
2.4751731020668217e-37;0.08137136344958289;1.257188216095238e-41
1.71096006586792e-37;0.07559226280297782;8.642870697032926e-42
1.4339378114528186e-37;0.08137136344958289;6.86125514703851e-42
9.912075766681399e-38;0.07559226280297782;4.7169501190037625e-42
8.30720746519564e-38;0.08137136344958289;3.744612110586008e-42
5.74234594742534e-38;0.07559226280297782;2.5743319789347055e-42
4.812600331661798e-38;0.08137136344958289;2.0436668740995142e-42
3.3267034833161157e-38;0.07559226280297782;1.4049724865790116e-42
2.788075541552132e-38;0.08137136344958289;1.1153556547244295e-42
1.9272534548131135e-38;0.07559226280297782;7.667805489721102e-43
1.6152110480192434e-38;0.08137136344958289;6.087186969128219e-43
1.1165124567659386e-38;0.07559226280297782;4.18479661273356e-43
9.357374614717348e-39;0.08137136344958289;3.322155138602792e-43
6.46827257203903e-39;0.07559226280297782;2.283902834184085e-43
5.4209918751814616e-39;0.08137136344958289;1.813105925761563e-43
3.747253316580176e-39;0.07559226280297782;1.2464673050351173e-43
3.140533976759157e-39;0.08137136344958289;9.895242578630048e-44
2.1708898724091054e-39;0.07559226280297782;6.802744491871334e-44
1.81940019211863e-39;0.08137136344958289;5.400447061514355e-44
1.2576579270144951e-39;0.07559226280297782;3.712679220285037e-44
1.0540300100485633e-39;0.08137136344958289;2.9473586152606214e-44
7.285968217388802e-40;0.07559226280297782;2.0262391170514998e-44
6.10629407920022e-40;0.08137136344958289;1.6085562376599082e-44
4.220967540101869e-40;0.07559226280297782;1.1058442477436639e-44
3.5375489337308097e-40;0.08137136344958289;8.778888175729496e-45
2.4453259255334506e-40;0.07559226280297782;6.035277327225089e-45
2.0494021899742893e-40;0.08137136344958289;4.7911832858315975e-45
1.4166464975804377e-40;0.07559226280297782;3.2938248302902463e-45
1.1872766751644384e-40;0.08137136344958289;2.6148456181382622e-45
8.207033991467276e-41;0.07559226280297782;1.797644320948691e-45
6.878229711500437e-41;0.08137136344958289;1.427083290033253e-45
4.754567003987168e-41;0.07559226280297782;9.810859019950763e-46
3.984753086942847e-41;0.08137136344958289;7.788477845748075e-46
2.754455192814663e-41;0.07559226280297782;5.35439372448006e-46
2.308480209282929e-41;0.08137136344958289;4.250654995217209e-46
1.5957338287295603e-41;0.07559226280297782;2.9222244554172987e-46
1.337367902195287e-41;0.08137136344958289;2.319845834604105e-46
9.244537572418719e-42;0.07559226280297782;1.5948389691249605e-46
7.747750657034173e-42;0.08137136344958289;1.2660836276727782e-46
5.355622183926574e-42;0.07559226280297782;8.704024541045536e-47
4.4884911732245364e-42;0.08137136344958289;6.909802920307488e-47
3.1026634650219726e-42;0.07559226280297782;4.750325561250262e-47
2.600309935609957e-42;0.08137136344958289;3.7711076388573117e-47
1.7974607331475893e-42;0.07559226280297782;2.5925470259711578e-47
1.5064331197903026e-42;0.08137136344958289;2.0581271257466088e-47
1.0413198607038058e-42;0.07559226280297782;1.414913566493091e-47
8.72719329847432e-43;0.08137136344958289;1.1232475101181458e-47
6.032660587791315e-43;0.07559226280297782;7.722060123080161e-48
5.055910008108237e-43;0.08137136344958289;6.130257714420448e-48
3.494890968745513e-43;0.07559226280297782;4.2144067281975683e-48
2.929031721407827e-43;0.08137136344958289;3.345661513307845e-48
2.0246892238787188e-43;0.07559226280297782;2.3000629090663344e-48
1.6968709512737836e-43;0.08137136344958289;1.825934811076302e-48
1.172959754667848e-43;0.07559226280297782;1.2552868593025581e-48
9.83045353941351e-44;0.08137136344958289;9.96525775556983e-49
6.79528774018343e-44;0.07559226280297782;6.850878264791987e-49
5.695059881720815e-44;0.08137136344958289;5.438658682256472e-49
3.9367024561693613e-44;0.07559226280297782;3.738948802911574e-49
3.2993093275247716e-44;0.08137136344958289;2.96821306458945e-49
2.2806431193142595e-44;0.07559226280297782;2.04057605615889e-49
1.9113832452632278e-44;0.08137136344958289;1.619937802962875e-49
1.3212410883439405e-44;0.07559226280297782;1.1136688038430589e-49
1.1073183953363542e-44;0.08137136344958289;8.841004430492737e-50
7.654323461415433e-45;0.07559226280297782;6.077980778564306e-50
6.415008772777107e-45;0.08137136344958289;4.825083975263198e-50
4.434366155340387e-45;0.07559226280297782;3.3171307499247457e-50
3.7163960906029166e-45;0.08137136344958289;2.6333473251120367e-50
2.5689537813172235e-45;0.07559226280297782;1.810363805509671e-50
2.1530134083151833e-45;0.08137136344958289;1.4371808180388095e-50
1.4882676124063714e-45;0.07559226280297782;9.880277129184025e-51
1.2473015855618728e-45;0.08137136344958289;7.843586313289768e-51
8.621955374386136e-46;0.07559226280297782;5.39227948837577e-51
7.225971001093785e-46;0.08137136344958289;4.2807311009048966e-51
4.994942701044808e-46;0.07559226280297782;2.942901064472413e-51
4.186209455119646e-46;0.08137136344958289;2.3362602292278035e-51
2.8937116353953683e-46;0.07559226280297782;1.606123475970188e-51
2.4251895834456656e-46;0.08137136344958289;1.2750419799827577e-51
1.6764090260877315e-46;0.07559226280297782;8.765611087659935e-52
1.4049809448641804e-46;0.08137136344958289;6.958694200156366e-52
9.711911817241035e-47;0.07559226280297782;4.783937156120182e-52
8.139452143889134e-47;0.08137136344958289;3.797790639955617e-52
5.626385308004775e-47;0.07559226280297782;2.6108909561280734e-52
4.715414927500399e-47;0.08137136344958289;2.072689692932675e-52
3.259524203868325e-47;0.07559226280297782;1.4249249859126073e-52
2.7317732871231415e-47;0.08137136344958289;1.1311952054417492e-52
1.888334597434652e-47;0.07559226280297782;7.776698642708255e-53
1.5825935589925782e-47;0.08137136344958289;6.173633212812841e-53
1.0939656615026456e-47;0.07559226280297782;4.2442263541871485e-53
9.168412271877848e-48;0.08137136344958289;3.369334210664528e-53
6.337652607608562e-48;0.07559226280297782;2.3163373268252998e-53
5.311520643407005e-48;0.08137136344958289;1.8388544689686851e-53
3.6715814753780076e-48;0.07559226280297782;1.264168817563395e-53
3.077114194774359e-48;0.08137136344958289;1.0035768334715573e-53
2.12705103371478e-48;0.07559226280297782;6.899352614974998e-54
1.7826593179930355e-48;0.08137136344958289;5.47714067468136e-54
1.2322608473672251e-48;0.07559226280297782;3.765404259655e-54
1.0327449821082836e-48;0.08137136344958289;2.9892150724999024e-54
7.138835749052393e-49;0.07559226280297782;2.0550144382900788e-54
5.9829838898808946e-49;0.08137136344958289;1.63139990012771e-54
4.1357295381763374e-49;0.07559226280297782;1.1215487236867403e-54
3.466111852075898e-49;0.08137136344958289;8.903560197530051e-55
2.3959451392637414e-49;0.07559226280297782;6.120986384163799e-55
2.008016667305479e-49;0.08137136344958289;4.8592245337783605e-55
1.3880388108969165e-49;0.07559226280297782;3.3406015738629105e-55
1.1633008709057413e-49;0.08137136344958289;2.65197994350886e-55
8.041301568149317e-50;0.07559226280297782;1.8231732885679116e-55
6.739331093630727e-50;0.08137136344958289;1.4473497925202202e-55
4.658553521867117e-50;0.07559226280297782;9.950186415986964e-56
3.9042851875641745e-50;0.08137136344958289;7.899084708524016e-56
2.6988318659830063e-50;0.07559226280297782;5.430433318308436e-56
2.2618628783855767e-50;0.08137136344958289;4.311020014297354e-56
1.5635096616698437e-50;0.07559226280297782;2.963723973775343e-56
1.3103611633991616e-50;0.08137136344958289;2.3527907662032203e-56
9.05785385502168e-51;0.07559226280297782;1.617487827926556e-56
7.591292977805783e-51;0.08137136344958289;1.2840637183711564e-56
5.247471024343169e-51;0.07559226280297782;8.827633398524084e-57
4.397850812778466e-51;0.08137136344958289;7.007931417114153e-57
3.040008438208047e-51;0.07559226280297782;4.817786574544548e-57
2.5477994101930436e-51;0.08137136344958289;3.8246624403712045e-57
1.761162903330733e-51;0.07559226280297782;2.629364681336034e-57
1.476012286664858e-51;0.08137136344958289;2.0873552996056592e-57
1.0202915008672332e-51;0.07559226280297782;1.4350072425345974e-57
8.550956804800218e-52;0.08137136344958289;1.1391991357984936e-57
5.910837349419346e-52;0.07559226280297782;7.831723764846495e-58
4.953811220824981e-52;0.08137136344958289;6.217315620628685e-58
3.424315319846718e-52;0.07559226280297782;4.274256973123435e-58
2.8698830051153325e-52;0.08137136344958289;3.3931744075120966e-58
1.9838027535792128e-52;0.07559226280297782;2.3327268965100423e-58
1.6626044263507936e-52;0.08137136344958289;1.851865541712814e-58
1.1492730655670523e-52;0.07559226280297782;1.2731136213658403e-58
9.631937865042552e-53;0.08137136344958289;1.0106777821355071e-58
6.658064048226719e-53;0.07559226280297782;6.9481699522225635e-59
5.580054134684831e-53;0.08137136344958289;5.515894951841794e-59
3.8572048887630354e-53;0.07559226280297782;3.7920469056937036e-59
3.232683244253432e-53;0.08137136344958289;3.01036568306342e-59
2.234587929183406e-53;0.07559226280297782;2.069554981219408e-59
1.8727848700821172e-53;0.08137136344958289;1.642943098968905e-59
1.2945600135992581e-53;0.07559226280297782;1.1294843990086484e-59
1.0849572644778187e-53;0.08137136344958289;8.966558586672153e-60
7.499752446181575e-54;0.07559226280297782;6.164296281958402e-60
6.285464414775947e-54;0.08137136344958289;4.8936066586044185e-60
4.3448187927282936e-54;0.07559226280297782;3.3642384689082545e-60
3.6413473786388357e-54;0.08137136344958289;2.6707443996108785e-60
2.5170764604712047e-54;0.07559226280297782;1.8360734069204046e-60
2.1095355660195257e-54;0.08137136344958289;1.4575907190070432e-60
1.45821361260496e-54;0.07559226280297782;1.002059035575529e-60
1.2221136413425095e-54;0.08137136344958289;7.954975790438865e-61
8.447844049951267e-55;0.07559226280297782;5.468857111016877e-61
7.080050113464748e-55;0.08137136344958289;4.341523241145355e-61
4.894075084432136e-55;0.07559226280297782;2.9846942184940217e-61
4.101673356178803e-55;0.08137136344958289;2.3694382673118604e-61
2.835276171107535e-55;0.07559226280297782;1.628932589949349e-61
2.3762154294348726e-55;0.08137136344958289;1.2931492913350648e-61
1.6425557082320397e-55;0.07559226280297782;8.89009455694904e-62
1.3766088317536491e-55;0.08137136344958289;7.057517018907345e-62
9.51578996832519e-56;0.07559226280297782;4.851875499277254e-62
7.9750844649335345e-56;0.08137136344958289;3.851724375980124e-62
5.512766371786683e-56;0.07559226280297782;2.6479691199781523e-62
4.620192080404013e-56;0.08137136344958289;2.1021246748359033e-62
3.193701539342715e-56;0.07559226280297782;1.4451608375776233e-62
2.676607997531201e-56;0.08137136344958289;1.1472596990872424e-62
1.8502016654651536e-56;0.07559226280297782;7.887138224955177e-63
1.5506347458657005e-56;0.08137136344958289;6.261307109448663e-63
1.071874175066014e-56;0.07559226280297782;4.3045000779166095e-63
8.983265824893926e-57;0.08137136344958289;3.4171832890166875e-63
6.209670376037649e-57;0.07559226280297782;2.3492324328941705e-63
5.204260068069993e-57;0.08137136344958289;1.8649686761272953e-63
3.5974377474543297e-57;0.07559226280297782;1.2821217153823423e-63
3.014975108612871e-57;0.08137136344958289;1.017828974557827e-63
2.084097474279662e-57;0.07559226280297782;6.997332703387771e-64
1.746660387194344e-57;0.08137136344958289;5.554923440326604e-64
1.2073766350432191e-57;0.07559226280297782;3.818878065511809e-64
1.011889782930089e-57;0.08137136344958289;3.0316659477389208e-64
6.994674466232141e-58;0.07559226280297782;2.0841984077999318e-64
5.862163820197598e-58;0.08137136344958289;1.6545679733327465e-64
4.052212828088113e-58;0.07559226280297782;1.1374762243144862e-64
3.396117367182465e-58;0.08137136344958289;9.030002729753845e-65
2.3475615460582133e-58;0.07559226280297782;6.207912625010215e-65
1.9674668817579383e-58;0.08137136344958289;4.928232058977701e-65
1.360008826370412e-58;0.07559226280297782;3.388042610120203e-65
1.1398092328080371e-58;0.08137136344958289;2.689641626254268e-65
7.878915936884058e-59;0.07559226280297782;1.8490648018698914e-65
6.603237387323336e-59;0.08137136344958289;1.4679041066057948e-65
4.564478931078515e-59;0.07559226280297782;1.009149244847554e-65
3.8254422528167215e-59;0.08137136344958289;8.011262337544051e-66
2.6443317937593405e-59;0.07559226280297782;5.507552776660595e-66
2.2161869354764255e-59;0.08137136344958289;4.3722422978538273e-66
1.5319362277863007e-59;0.07559226280297782;3.0058128411208495e-66
1.2838997973005584e-59;0.08137136344958289;2.3862035601498556e-66
8.874940019034973e-60;0.07559226280297782;1.6404583309912698e-66
7.43799479692382e-60;0.08137136344958289;1.3022991505449746e-66
5.141503863727125e-60;0.07559226280297782;8.952997668062293e-67
4.3090408391204506e-60;0.08137136344958289;7.107453470581765e-67
2.9786186637907505e-60;0.07559226280297782;4.886205624978797e-67
2.4963492796320703e-60;0.08137136344958289;3.8789777921106076e-67
1.7255980700267473e-60;0.07559226280297782;2.6667051969356513e-67
1.446205770282645e-60;0.08137136344958289;2.1169985528523908e-67
9.996877866502293e-61;0.07559226280297782;1.4553862758066925e-67
8.378279221836599e-61;0.08137136344958289;1.1553772960222527e-67
5.791474203272264e-61;0.07559226280297782;7.942944777849732e-68
4.853774211213401e-61;0.08137136344958289;6.305609866218772e-68
3.355164871980534e-61;0.07559226280297782;4.334957172040147e-68
2.81192873496472e-61;0.08137136344958289;3.4413620487302552e-68
1.9437419425630322e-61;0.07559226280297782;2.365854756516327e-68
1.6290298778738667e-61;0.08137136344958289;1.8781645236073963e-68
1.126064704250587e-61;0.07559226280297782;1.291193547431685e-68
9.437431006013918e-62;0.08137136344958289;1.0250307662452782e-68
6.52361144446438e-62;0.07559226280297782;7.04684331249524e-69
5.467370807803485e-62;0.08137136344958289;5.594228080356482e-69
3.7793126911538636e-62;0.07559226280297782;3.8458990729649964e-69
3.167402604689066e-62;0.08137136344958289;3.0531169254250753e-69
2.189462775198951e-62;0.07559226280297782;2.0989454459993674e-69
1.8349659485089116e-62;0.08137136344958289;1.6662751011258484e-69
1.2684177351089547e-62;0.07559226280297782;1.1455245969013471e-69
1.0630476931484844e-62;0.08137136344958289;9.093895780769682e-70
7.348302830098263e-63;0.07559226280297782;6.251837581615679e-70
6.158536068893302e-63;0.08137136344958289;4.9631024562284716e-70
4.2570797449620935e-63;0.07559226280297782;3.412015180872472e-70
3.5678141965133924e-63;0.08137136344958289;2.708672562875617e-70
2.4662467475805047e-63;0.07559226280297782;1.8621481192567376e-70
2.0669357130403166e-63;0.08137136344958289;1.47829046802523e-70
1.428766521733455e-63;0.07559226280297782;1.0162896218898746e-70
1.1974343411763086e-63;0.08137136344958289;8.067947148008986e-71
8.27724872066833e-64;0.07559226280297782;5.546522238914701e-71
6.937075944753256e-64;0.08137136344958289;4.403178711557215e-71
4.795244383293789e-64;0.07559226280297782;3.027080891524526e-71
4.018844374882396e-64;0.08137136344958289;2.4030874781691102e-71
2.7780207495871863e-64;0.07559226280297782;1.65206562403073e-71
2.3282302569772988e-64;0.08137136344958289;1.3115137508672428e-71
1.6093860225400985e-64;0.07559226280297782;9.016345858962089e-72
1.3488096636394893e-64;0.08137136344958289;7.157743254624927e-72
9.323628593963292e-65;0.07559226280297782;4.920778658300483e-72
7.814036018453e-65;0.08137136344958289;3.906424043609958e-72
5.401441850536764e-65;0.07559226280297782;2.685573843633905e-72
4.526892158595975e-65;0.08137136344958289;2.1319776730792492e-72
3.129208094327147e-65;0.07559226280297782;1.4656840655583477e-72
2.6225567129667344e-65;0.08137136344958289;1.1635523301530892e-72
1.8128387879672346e-65;0.07559226280297782;7.999146197837665e-73
1.5193213073712886e-65;0.08137136344958289;6.350226093359082e-73
1.050228802972964e-65;0.07559226280297782;4.365629769605594e-73
8.801858215760477e-66;0.08137136344958289;3.4657118886498984e-73
6.084272611084265e-66;0.07559226280297782;2.3825946937210052e-73
5.09916550728776e-66;0.08137136344958289;1.8914537401574188e-73
3.524791274168007e-66;0.07559226280297782;1.3003295685012603e-73
2.954090855968951e-66;0.08137136344958289;1.0322835152200633e-73
2.042011316819819e-66;0.07559226280297782;7.096704240862661e-74
1.7113884169570864e-66;0.08137136344958289;5.633810825880439e-74
1.1829949332260665e-66;0.07559226280297782;3.873111271346842e-74
9.914557325740114e-67;0.08137136344958289;3.0747196825129267e-74
6.853424368960201e-67;0.07559226280297782;2.1137968289362514e-74
5.743783584802168e-67;0.08137136344958289;1.6780650643438968e-74
3.970382650158128e-67;0.07559226280297782;1.153629916877447e-74
3.32753634732553e-67;0.08137136344958289;9.158240916030704e-75
2.3001550086513043e-67;0.07559226280297782;6.296073335413259e-75
1.9277359564991186e-67;0.08137136344958289;4.998219583866519e-75
1.3325448779132067e-67;0.07559226280297782;3.4361573729119034e-75
1.1167919836447149e-67;0.08137136344958289;2.7278381555586356e-75
7.719809512724507e-68;0.07559226280297782;1.8753240094910443e-75
6.469891950338112e-68;0.08137136344958289;1.4887503196018558e-75
4.472304077749293e-68;0.07559226280297782;1.0234805216715905e-75
3.748191468248091e-68;0.08137136344958289;8.125033039801923e-76
2.5909322931977327e-68;0.07559226280297782;5.585767435065498e-76
2.1714333702147248e-68;0.08137136344958289;4.434334020195414e-76
1.5010003862065572e-68;0.07559226280297782;3.0484994270022557e-76
1.257972790671211e-68;0.08137136344958289;2.420090860718732e-76
8.69571993566679e-69;0.07559226280297782;1.6637550461003242e-76
7.287792311640801e-69;0.08137136344958289;1.3207935503866804e-76
5.037676598515351e-69;0.07559226280297782;9.080142278872892e-77
4.2220242895136185e-69;0.08137136344958289;7.208388871089594e-77
2.9184685913281056e-69;0.07559226280297782;4.955596317969222e-77
2.4459381303677197e-69;0.08137136344958289;3.934064494911863e-77
1.6907514311416537e-69;0.07559226280297782;2.7045759980887107e-77
1.4170011651628713e-69;0.08137136344958289;2.1470627801724998e-77
9.795001427809363e-70;0.07559226280297782;1.4760547187659324e-77
8.209088681123225e-70;0.08137136344958289;1.1717852078846882e-77
5.674521470373911e-70;0.07559226280297782;8.055745278856492e-78
4.755757343840976e-70;0.08137136344958289;6.39515800887315e-78
3.2874108447104123e-70;0.07559226280297782;4.396519395437771e-78
2.755144790371872e-70;0.08137136344958289;3.4902340192776215e-78
1.9044901175089806e-70;0.07559226280297782;2.3994530766996055e-78
1.5961333321061668e-70;0.08137136344958289;1.904836986423312e-78
1.1033250113917179e-70;0.07559226280297782;1.3095302327694896e-78
9.246852008516284e-71;0.08137136344958289;1.0395875820376105e-78
6.391873969683612e-71;0.07559226280297782;7.146917967223084e-79
5.356963002243385e-71;0.08137136344958289;5.673673644672896e-79
3.702993444586528e-71;0.07559226280297782;3.900516013455585e-79
3.1034402390104886e-71;0.08137136344958289;3.096475292938921e-79
2.145248876258669e-71;0.07559226280297782;2.128753294916416e-79
1.7979107402974541e-71;0.08137136344958289;1.6899384491005516e-79
1.2428033724491111e-71;0.07559226280297782;1.1617925871820279e-79
1.0415805625783857e-71;0.08137136344958289;9.223041334322404e-80
7.199911579791188e-72;0.07559226280297782;6.3406220854920886e-80
6.034170907514661e-72;0.08137136344958289;5.033585187667294e-80
4.171112495024545e-72;0.07559226280297782;3.460470386417701e-80
3.495765939694772e-72;0.08137136344958289;2.7471393570811746e-80
2.4164434873038337e-72;0.07559226280297782;1.8885931275849754e-80
2.0251961193063678e-72;0.08137136344958289;1.4992841813255894e-80
1.3999140839040706e-72;0.07559226280297782;1.0307223016734291e-80
1.1732534135313608e-72;0.08137136344958289;8.182522850830108e-81
8.110098384711635e-73;0.07559226280297782;5.62529031610686e-81
6.796988989068639e-73;0.08137136344958289;4.465709772590265e-81
4.698409464263187e-73;0.07559226280297782;3.0700695123322862e-81
3.9376880377843094e-73;0.08137136344958289;2.437214553086775e-81
2.7219215411112194e-73;0.07559226280297782;1.6755271783155328e-81
2.2812140946301934e-73;0.08137136344958289;1.3301390104293646e-81
1.5768861637790738e-73;0.07559226280297782;9.144390099301919e-82
1.3215718704998375e-73;0.08137136344958289;7.25939283771796e-82
9.135347716535379e-74;0.07559226280297782;4.990660334873076e-82
7.656239776037231e-74;0.08137136344958289;3.961900520104276e-82
5.292365410956856e-74;0.07559226280297782;2.723712604952924e-82
4.4354763306216795e-74;0.08137136344958289;2.1622546240570778e-82
3.0660170266310517e-74;0.07559226280297782;1.4864987509850494e-82
2.5695969372693714e-74;0.08137136344958289;1.1800763384975568e-82
1.7762304145004047e-74;0.07559226280297782;8.112744834612603e-83
1.4886402108471304e-74;0.08137136344958289;6.44040784645834e-83
1.0290205364133285e-74;0.07559226280297782;4.427627585150632e-83
8.624113942577784e-75;0.08137136344958289;3.514929659680484e-83
5.961407122162142e-75;0.07559226280297782;2.4164307435318123e-83
4.996193220673527e-75;0.08137136344958289;1.918314927725515e-83
3.4536118200357105e-75;0.07559226280297782;1.318795997628388e-83
2.8944360967989303e-75;0.08137136344958289;1.0469433298045179e-83
2.000775045064257e-75;0.07559226280297782;7.197486987848192e-84
1.6768287270769835e-75;0.08137136344958289;5.713818518431549e-84
1.159105594244373e-75;0.07559226280297782;3.9281146616613786e-84
9.714343263823444e-76;0.08137136344958289;3.118384838238295e-84
6.715026668904969e-76;0.07559226280297782;2.1438155874696667e-84
5.627793913806181e-76;0.08137136344958289;1.7018958456566142e-84
3.890204946642535e-76;0.07559226280297782;1.1700130136053832e-84
3.2603402490646735e-76;0.08137136344958289;9.288300257063726e-85
2.2537057964283438e-76;0.07559226280297782;6.385486046501274e-85
1.888807355506368e-76;0.08137136344958289;5.0692010257587216e-85
1.3056355350219643e-76;0.07559226280297782;3.4849554300611153e-85
1.0942395436299745e-76;0.08137136344958289;2.766577126962599e-85
7.563916075530625e-77;0.07559226280297782;1.9019561331853296e-85
6.339239284265365e-77;0.08137136344958289;1.5098925768656068e-85
4.3819905986786815e-77;0.07559226280297782;1.0380153219055241e-85
3.672500682059287e-77;0.08137136344958289;8.240419439080697e-86
2.5386111394105254e-77;0.07559226280297782;5.6650928468371685e-86
2.1275835561536013e-77;0.08137136344958289;4.497307528522483e-86
1.4706892614243478e-77;0.07559226280297782;3.091792219826857e-86
1.2325693526834129e-77;0.08137136344958289;2.4544594065422223e-86
8.520119013466313e-78;0.07559226280297782;1.6873826059035852e-86
7.140623007638654e-78;0.08137136344958289;1.339550595585534e-86
4.935946015769848e-78;0.07559226280297782;9.209092514196924e-87
4.1367649476446926e-78;0.08137136344958289;7.310757690066896e-87
2.859533186342451e-78;0.07559226280297782;5.025972452147192e-87
2.3965449812649996e-78;0.08137136344958289;3.9899335029976796e-87
1.656608483494216e-78;0.07559226280297782;2.7429846155634287e-87
1.3883863163403884e-78;0.08137136344958289;2.1775539599641336e-87
9.597201671561076e-79;0.07559226280297782;1.4970166814191897e-87
8.04331476550777e-79;0.08137136344958289;1.1884261341681356e-87
5.559930474962823e-79;0.07559226280297782;8.170147698721208e-88
4.65971982405898e-79;0.08137136344958289;6.485977855616879e-88
3.22102503879051e-79;0.07559226280297782;4.458955885223562e-88
2.69950753784253e-79;0.08137136344958289;3.5398000375512495e-88
1.866030941796046e-79;0.07559226280297782;2.4335285382272594e-88
1.563901097495765e-79;0.08137136344958289;1.9318882340920474e-88
1.0810445227236576e-79;0.07559226280297782;1.3281273237063172e-88
9.06012155351546e-80;0.08137136344958289;1.0543511241965904e-88
6.262796794709065e-80;0.07559226280297782;7.248413816672403e-89
5.248784766243684e-80;0.08137136344958289;5.754247442875866e-89
3.628215384968412e-80;0.07559226280297782;3.9559085879739976e-89
3.0407695260624924e-80;0.08137136344958289;3.1404494075988378e-89
2.1019278305249597e-80;0.07559226280297782;2.158984455386772e-89
1.7616038230593023e-80;0.08137136344958289;1.7139378484493568e-89
1.21770626491454e-80;0.07559226280297782;1.1782916048090318e-89
1.0205469381415336e-80;0.08137136344958289;9.354020928467239e-90
7.0545169347788285e-81;0.07559226280297782;6.430667448759946e-90
5.912317169823696e-81;0.08137136344958289;5.105068868708657e-90
4.08688126332123e-81;0.07559226280297782;3.50961372106551e-90
3.4251726216775234e-81;0.08137136344958289;2.7861524315114896e-90
2.3676459515097623e-81;0.07559226280297782;1.9154136906063324e-90
1.984299412786599e-81;0.08137136344958289;1.5205760335963826e-90
1.3716442907237847e-81;0.07559226280297782;1.0453599449253153e-90
1.1495607942985423e-81;0.08137136344958289;8.298725682762995e-91
7.946323474062686e-82;0.07559226280297782;5.705177005957046e-91
6.659730942179227e-82;0.08137136344958289;4.529128858809232e-91
4.603530024618853e-82;0.07559226280297782;3.1136686293854936e-91
3.858170567593416e-82;0.08137136344958289;2.471826278377348e-91
2.666955197172744e-82;0.07559226280297782;1.6993219182325805e-91
2.2351473742531036e-82;0.08137136344958289;1.3490287737327027e-91
1.5450426054982886e-82;0.07559226280297782;9.274252740104751e-92
1.29488411595727e-82;0.08137136344958289;7.362485981633927e-92
8.950868973485482e-83;0.07559226280297782;5.061534425260562e-92
7.501630062844211e-83;0.08137136344958289;4.018164837193941e-92
5.1854916554010746e-83;0.07559226280297782;2.7623929879884336e-92
4.345906549186917e-83;0.08137136344958289;2.1929615484685373e-92
3.004102036113649e-83;0.07559226280297782;1.5076090329455409e-92
2.5177066285650468e-83;0.08137136344958289;1.1968350099892629e-92
1.7403613086489735e-83;0.07559226280297782;8.227956724847084e-93
1.4585786868119236e-83;0.08137136344958289;6.531870301767643e-93
1.0082405485003935e-83;0.07559226280297782;4.490505853078295e-93
8.449959028127596e-84;0.08137136344958289;3.5648463892693786e-93
5.84102277261904e-84;0.07559226280297782;2.4507473107675023e-93
4.895300351131631e-84;0.08137136344958289;1.9455575802918015e-93
3.3838697601479123e-84;0.07559226280297782;1.3375246748908822e-93
2.8359860027746815e-84;0.08137136344958289;1.0618113334770298e-93
1.9603714964646836e-84;0.07559226280297782;7.299700985417822e-94
1.6429669338010464e-84;0.08137136344958289;5.794962427846353e-94
1.1356986753483086e-84;0.07559226280297782;3.983899174111093e-94
9.518172314400077e-85;0.08137136344958289;3.162670097915037e-94
6.579423764903428e-85;0.07559226280297782;2.1742606527566645e-94
5.51414653227481e-85;0.08137136344958289;1.7260650561220723e-94
3.811646347557789e-85;0.07559226280297782;1.1866287723460377e-94
3.194501105364235e-85;0.08137136344958289;9.420206615700351e-95
2.2081945772136854e-85;0.07559226280297782;6.476168538368211e-95
1.8506648766846264e-85;0.08137136344958289;5.14119049961282e-95
1.2792695980203366e-85;0.07559226280297782;3.534446485266902e-95
1.0721425264317163e-85;0.08137136344958289;2.8058662438736775e-95
7.411170742408483e-86;0.07559226280297782;1.9289664688626538e-95
6.2112250114274454e-86;0.08137136344958289;1.5313350826238948e-95
4.2935009053704084e-86;0.07559226280297782;1.052756535855563e-95
3.598338391723048e-86;0.08137136344958289;8.35744448045152e-96
2.4873465563182732e-86;0.07559226280297782;5.745544786167665e-96
2.0846192429876745e-86;0.08137136344958289;4.561175345382224e-96
1.4409902379407145e-86;0.07559226280297782;3.135699828548727e-96
1.2076789104188797e-86;0.08137136344958289;2.489316031950319e-96
8.3480641672786e-87;0.07559226280297782;1.711345708840771e-96
6.996425633010217e-87;0.08137136344958289;1.3585740160589229e-96
4.83626977519247e-87;0.07559226280297782;9.339874016331462e-97
4.053227328550786e-87;0.08137136344958289;7.414580283984224e-97
2.8017879199010774e-87;0.07559226280297782;5.097348022103228e-97
2.3481492748808793e-87;0.08137136344958289;4.0465959261555126e-97
1.6231550167796852e-87;0.07559226280297782;2.78193868707507e-97
1.3603493143067884e-87;0.08137136344958289;2.2084781555267346e-97
9.403396273441282e-88;0.07559226280297782;1.5182763321409784e-97
7.880888479838349e-88;0.08137136344958289;1.2053033839908355e-97
5.447653524233366e-88;0.07559226280297782;8.286174786846618e-98
4.565621681023759e-88;0.08137136344958289;6.578087466358791e-98
3.1559798244290815e-88;0.07559226280297782;4.52227905715632e-98
2.644993821135995e-88;0.08137136344958289;3.5900699599625176e-98
1.8283484087041037e-88;0.07559226280297782;2.4680879171482574e-98
1.5323197589772368e-88;0.08137136344958289;1.9593236458680882e-98
1.0592139651005431e-88;0.07559226280297782;1.3469885183519865e-98
8.877161923741727e-89;0.08137136344958289;1.0693243285147252e-98
6.1363261975829694e-89;0.07559226280297782;7.35135104372011e-99
5.142791075991107e-89;0.08137136344958289;5.835965497404377e-99
3.55494738964934e-89;0.07559226280297782;4.012087811566834e-99
2.9793643822761174e-89;0.08137136344958289;3.1850480138426254e-99
2.0594816077659754e-89;0.07559226280297782;2.1896449390039485e-99
1.7260300858449425e-89;0.08137136344958289;1.7382780715538465e-99
1.193115967081785e-89;0.07559226280297782;1.1950249306814652e-99
9.999380656373176e-90;0.08137136344958289;9.486860609047805e-100
6.91205838176759e-90;0.07559226280297782;6.521991577318769e-100
5.7929241402593e-90;0.08137136344958289;5.177567714183477e-100
4.004350992789004e-90;0.07559226280297782;3.559454957174865e-100
3.3560048615021506e-90;0.08137136344958289;2.825719544080629e-100
2.319833830649705e-90;0.07559226280297782;1.9426151417026694e-100
1.9442285722598721e-90;0.08137136344958289;1.5421702588120505e-100
1.3439453762964478e-90;0.07559226280297782;1.0602054624025099e-100
1.1263466226028396e-90;0.08137136344958289;8.416578751229974e-101
7.785855825556061e-91;0.07559226280297782;5.786198194269825e-101
6.525244677245951e-91;0.08137136344958289;4.593448581366354e-101
4.510566575510413e-91;0.07559226280297782;3.157886912552102e-101
3.780258869115491e-91;0.08137136344958289;2.5069295367281022e-101
2.613098840763426e-91;0.07559226280297782;1.7234545754660717e-101
2.1900109228636233e-91;0.08137136344958289;1.3681867970861975e-101
1.5138420943995242e-91;0.07559226280297782;9.405959605103276e-102
1.2687352925605795e-91;0.08137136344958289;7.467043186878452e-102
8.77011558470709e-92;0.07559226280297782;5.133415023074173e-102
7.350142530266355e-92;0.08137136344958289;4.075228183275257e-102
5.0807761029812666e-92;0.07559226280297782;2.8016226844974076e-102
4.2581455353225914e-92;0.08137136344958289;2.2241045525147982e-102
2.943437353737879e-92;0.07559226280297782;1.52901910930825e-102
2.4668641900922022e-92;0.08137136344958289;1.2138316771605723e-102
1.7052165416806544e-92;0.07559226280297782;8.344804778910473e-103
1.429124223650616e-92;0.08137136344958289;6.624631646981218e-103
9.878801905971455e-93;0.07559226280297782;4.554277076996856e-103
8.279320989083896e-93;0.08137136344958289;3.6154720035683834e-103
5.723069458453663e-93;0.07559226280297782;2.485551219421941e-103
4.796444907020417e-93;0.08137136344958289;1.9731871151724174e-103
3.315536067839002e-93;0.07559226280297782;1.3565193245650607e-103
2.7787162469500645e-93;0.08137136344958289;1.076890482802712e-103
1.92078385505241e-93;0.07559226280297782;7.403366559255237e-104
1.6097889438410657e-93;0.08137136344958289;5.877258689932843e-104
1.1127644345714145e-93;0.07559226280297782;4.040475901681113e-104
9.325962831063782e-94;0.08137136344958289;3.2075842678534675e-104
6.446559218987452e-94;0.07559226280297782;2.205138078926639e-104
5.402794140134807e-94;0.08137136344958289;1.750577501889513e-104
3.734674156792089e-94;0.07559226280297782;1.2034804972129832e-104
3.129991513953457e-94;0.08137136344958289;9.553986222075227e-105
2.163602409224655e-94;0.07559226280297782;6.56813884360933e-105
1.8132926451231094e-94;0.08137136344958289;5.214202320838715e-105
1.2534360933976785e-94;0.07559226280297782;3.584640380033926e-105
1.0504917352649551e-94;0.08137136344958289;2.845713319098157e-105
7.261509940706003e-95;0.07559226280297782;1.9563603876419606e-105
6.085795852246767e-95;0.08137136344958289;1.5530821008092536e-105
4.206798168388365e-95;0.07559226280297782;1.0677070948741524e-105
3.5256737308725706e-95;0.08137136344958289;8.476131434836506e-106
2.4371172075865864e-95;0.07559226280297782;5.827139251263756e-106
2.0425225489573135e-95;0.08137136344958289;4.625950171158874e-106
1.4118909550134467e-95;0.07559226280297782;3.180230984380685e-106
1.1832911044683011e-95;0.08137136344958289;2.524667668329711e-106
8.179483787826617e-96;0.07559226280297782;1.735649120075777e-106
6.855140172766211e-96;0.08137136344958289;1.3778675946940865e-106
4.738606391502893e-96;0.07559226280297782;9.472512791728721e-107
3.971376663850514e-96;0.08137136344958289;7.519877298401433e-107
2.7452087584072976e-96;0.07559226280297782;5.169737221169871e-107
2.3007308689082773e-96;0.08137136344958289;4.104063031946687e-107
1.5903771076554769e-96;0.07559226280297782;2.821445958804726e-107
1.332878490053669e-96;0.08137136344958289;2.2398415162667763e-107
9.213504571586894e-97;0.07559226280297782;1.539837898502336e-107
7.721742222247584e-97;0.08137136344958289;1.2224203134649595e-107
5.337643888485964e-97;0.07559226280297782;8.403849615707626e-108
4.473423751060786e-97;0.08137136344958289;6.671505157482723e-108
3.0922481297889634e-97;0.07559226280297782;4.586501503315348e-108
2.5915809516275124e-97;0.08137136344958289;3.641053782897105e-108
1.7914268347519177e-97;0.07559226280297782;2.503138085740566e-108
1.501376172388304e-97;0.08137136344958289;1.987148677398539e-108
1.0378242526379335e-97;0.07559226280297782;1.3661175673344458e-108
8.697896971343905e-98;0.08137136344958289;1.084510172476722e-108
6.012409541205971e-98;0.07559226280297782;7.455750117867093e-109
5.0389378168809207e-98;0.08137136344958289;5.918844058237524e-109
3.48315896446833e-98;0.07559226280297782;4.069064855709186e-109
2.9191992508126445e-98;0.08137136344958289;3.230279980290877e-109
2.017892541851458e-98;0.07559226280297782;2.22074084273418e-109
1.691174722854586e-98;0.08137136344958289;1.7629639585698474e-109
1.169022244461723e-98;0.07559226280297782;1.2119958922916161e-109
9.797453676470032e-99;0.08137136344958289;9.621586791793814e-110
6.772476629466265e-99;0.07559226280297782;6.614612631355932e-110
5.675942127407823e-99;0.08137136344958289;5.2510961407923306e-110
3.9234873343052436e-99;0.07559226280297782;3.6100040058853607e-110
3.288233871526731e-99;0.08137136344958289;2.865848562875491e-110
2.2729872253050313e-99;0.07559226280297782;1.9702028899970376e-110
1.9049669202306893e-99;0.08137136344958289;1.564071151075188e-110
1.3168058123258167e-99;0.07559226280297782;1.0752618061986556e-110
1.1036012366992266e-99;0.08137136344958289;8.536105491809766e-111
7.628628652509704e-100;0.07559226280297782;5.868369992449531e-111
6.393474221046177e-100;0.08137136344958289;4.658681730509199e-111
4.4194804255232676e-100;0.07559226280297782;3.2027331548238494e-111
3.7039205154789423e-100;0.08137136344958289;2.5425313085697185e-111
2.560330056852046e-100;0.07559226280297782;1.747929948896478e-111
2.1457859546575176e-100;0.08137136344958289;1.3876168901434421e-111
1.4832716448209756e-100;0.07559226280297782;9.539536884762057e-112
1.243114517161853e-100;0.08137136344958289;7.573085245091904e-112
8.593012320587149e-101;0.07559226280297782;5.206316422073351e-112
7.201714129148488e-101;0.08137136344958289;4.133101905634779e-112
4.978175171054028e-101;0.07559226280297782;2.8414094954701513e-112
4.172156762869192e-101;0.08137136344958289;2.255689829113304e-112
2.883997730845274e-101;0.07559226280297782;1.55073323755699e-112
2.417048461213124e-101;0.08137136344958289;1.2310697198703048e-112
1.6707814863332003e-101;0.07559226280297782;8.463312232530157e-113
1.400264562407069e-101;0.08137136344958289;6.718710328083035e-113
9.67930988716698e-102;0.07559226280297782;4.6189539380826145e-113
8.112128805845145e-102;0.08137136344958289;3.666816569693999e-113
5.607498087462298e-102;0.07559226280297782;2.5208493903988608e-113
4.699585744675282e-102;0.08137136344958289;2.001209026616678e-113
3.2485823026063586e-102;0.07559226280297782;1.3757837238169598e-113
2.7226029936360384e-102;0.08137136344958289;1.0921837763338861e-113
1.8819956444395585e-102;0.07559226280297782;7.508504323696137e-114
1.5772809485079638e-102;0.08137136344958289;5.9607236696491284e-114
1.0902933266760024e-102;0.07559226280297782;4.097856094891871e-114
9.137634816171625e-103;0.08137136344958289;3.253136279425328e-114
6.316377732894389e-103;0.07559226280297782;2.2364540060857513e-114
5.293690392488142e-103;0.08137136344958289;1.7754380573619584e-114
3.6592563384972385e-103;0.07559226280297782;1.2205715392426413e-114
3.0667846259216175e-103;0.08137136344958289;9.689665678826222e-115
2.119910733187955e-103;0.07559226280297782;6.661415250906932e-115
1.7766751064881562e-103;0.08137136344958289;5.288251008144389e-115
1.2281242692418398e-103;0.07559226280297782;3.6355470956294332e-115
1.0292781590641048e-103;0.08137136344958289;2.886126276394683e-115
7.114871381553945e-104;0.07559226280297782;1.9841433369193118e-115
5.962899603070765e-104;0.08137136344958289;1.5751379559077877e-115
4.1218463020281845e-104;0.07559226280297782;1.0828699719428877e-115
3.454476456454857e-104;0.08137136344958289;8.596503903636116e-116
2.387902187745905e-104;0.07559226280297782;5.909892467528298e-116
2.0012759534062003e-104;0.08137136344958289;4.6916448865991927e-116
1.3833793015125126e-104;0.07559226280297782;3.2253945425305244e-116
1.1593957846197393e-104;0.08137136344958289;2.5605213455021034e-116
8.014307711907355e-105;0.07559226280297782;1.76029767244422e-116
6.716707823856961e-105;0.08137136344958289;1.3974351681003484e-116
4.6429152171724075e-105;0.07559226280297782;9.60703521616755e-117
3.891178887273416e-105;0.08137136344958289;7.626669672073025e-117
2.689772153597627e-105;0.07559226280297782;5.243154444244047e-117
2.2542700277928365e-105;0.08137136344958289;4.162346247947132e-117
1.558261113946278e-105;0.07559226280297782;2.861514286939676e-117
1.3059624102159782e-105;0.08137136344958289;2.2716502789205403e-117
9.027447533016333e-106;0.07559226280297782;1.5617056681114926e-117
7.565809756016771e-106;0.08137136344958289;1.2397803263639799e-117
5.229855781678227e-106;0.07559226280297782;8.52319558543924e-118
4.38308766136477e-106;0.08137136344958289;6.766249505489753e-118
3.0298034297203205e-106;0.07559226280297782;4.651635994604396e-118
2.5392466988652507e-106;0.08137136344958289;3.6927616447028043e-118
1.7552508531696649e-106;0.07559226280297782;2.5386860138777513e-118
1.4710574589992182e-106;0.08137136344958289;2.0153688618080476e-118
1.0168664829312819e-106;0.07559226280297782;1.385518274545604e-118
8.522252086196659e-107;0.08137136344958289;1.0999116758515722e-118
5.890995251429654e-107;0.07559226280297782;7.561631799308711e-119
4.937181765156458e-107;0.08137136344958289;6.002899606125998e-119
3.412820231061935e-107;0.07559226280297782;4.1268510505261324e-119
2.8602490909268465e-107;0.08137136344958289;3.276154301510518e-119
1.9771433234000657e-107;0.07559226280297782;2.252278350128811e-119
1.6570232272760174e-107;0.08137136344958289;1.7880004183899004e-119
1.1454150692399964e-107;0.07559226280297782;1.2292078643866356e-119
9.599604399638094e-108;0.08137136344958289;9.758226267573721e-120
6.6357135839089076e-108;0.07559226280297782;6.708549028957894e-120
5.561322443321494e-108;0.08137136344958289;5.325668769972358e-120
3.844256632391767e-108;0.07559226280297782;3.6612709190881134e-120
3.2218314454455307e-108;0.08137136344958289;2.906547467720382e-120
2.2270866379049745e-108;0.07559226280297782;1.9981824214293077e-120
1.8664981159880584e-108;0.08137136344958289;1.586283065470401e-120
1.290214303317466e-108;0.07559226280297782;1.0905319703310904e-120
1.0813151699514816e-108;0.08137136344958289;8.657329672897834e-121
7.474576516928479e-109;0.07559226280297782;5.951708740704124e-121
6.264364730677732e-109;0.08137136344958289;4.72484127812408e-121
4.330233664575303e-109;0.07559226280297782;3.2482162740647804e-121
3.6291237346387955e-109;0.08137136344958289;2.578638673464389e-121
2.5086268830553923e-109;0.07559226280297782;1.7727529055548304e-121
2.1024540631901818e-109;0.08137136344958289;1.4073229166602194e-121
1.4533185333326377e-109;0.07559226280297782;9.675011141485374e-122
1.2180111263869188e-109;0.08137136344958289;7.68063324318393e-122
8.419485470695628e-110;0.07559226280297782;5.280253119008128e-122
7.05628308354689e-110;0.08137136344958289;4.1917975127058166e-122
4.877646157081636e-110;0.07559226280297782;2.881761332681485e-122
4.087904443274609e-110;0.08137136344958289;2.2877236591292728e-122
2.825758428647498e-110;0.07559226280297782;1.5727557356375606e-122
2.3682387086069772e-110;0.08137136344958289;1.2485525659758032e-122
1.6370418107265602e-110;0.07559226280297782;8.58350265141211e-123
1.3719876916818756e-110;0.08137136344958289;6.814125053014852e-123
9.483846399954244e-111;0.07559226280297782;4.684549297601643e-123
7.948312892976006e-111;0.08137136344958289;3.718890297729329e-123
5.4942605588067346e-111;0.07559226280297782;2.556648842888137e-123
4.60468255128466e-111;0.08137136344958289;2.029628886899617e-123
3.182980598273396e-111;0.07559226280297782;1.3953217034534637e-123
2.6676228884802464e-111;0.08137136344958289;1.107694255206341e-123
1.84399072096159e-111;0.07559226280297782;7.615135185827557e-124
1.5454294179646203e-111;0.08137136344958289;6.045373964357742e-124
1.068275999180432e-111;0.07559226280297782;4.156051164036301e-124
8.953109887549026e-112;0.08137136344958289;3.299335190839868e-124
6.188825125051829e-112;0.07559226280297782;2.26821466153794e-124
5.186789880323305e-112;0.08137136344958289;1.8006516661655102e-124
3.5853615037553226e-112;0.07559226280297782;1.2379052970606633e-124
3.004854134543527e-112;0.08137136344958289;9.827271966384401e-125
2.0771013646153035e-112;0.07559226280297782;6.756016308667258e-125
1.7407970205495482e-112;0.08137136344958289;5.363351286422994e-125
1.2033235907642485e-112;0.07559226280297782;3.6871767550681287e-125
1.008492968732581e-112;0.08137136344958289;2.927113152049916e-125
6.971194033941342e-113;0.07559226280297782;2.0123208414511138e-125
5.842485114444784e-113;0.08137136344958289;1.5975070338191254e-125
4.0386099492983743e-113;0.07559226280297782;1.098248182263694e-125
3.38471693614358e-113;0.08137136344958289;8.718585823422458e-126
2.339681013490643e-113;0.07559226280297782;5.993820890786675e-126
1.960862289489274e-113;0.08137136344958289;4.758272555373883e-126
1.3554434108794352e-113;0.07559226280297782;3.271199483961879e-126
1.135983005634126e-113;0.08137136344958289;2.5968841931221114e-126
7.852467193189993e-114;0.07559226280297782;1.785296267414496e-126
6.581070970698575e-114;0.08137136344958289;1.4172806273720501e-126
4.549156425506397e-114;0.07559226280297782;9.743468039998253e-127
3.812600620481541e-114;0.08137136344958289;7.734978641112067e-127
2.635455032741002e-114;0.07559226280297782;5.317614290649601e-127
2.2087474145189548e-114;0.08137136344958289;4.221457164019639e-127
1.5267936689661582e-114;0.07559226280297782;2.902151639235629e-127
1.2795898723134536e-114;0.08137136344958289;2.3039107687943945e-127
8.845147720736039e-115;0.07559226280297782;1.583883989466479e-127
7.413026182008057e-115;0.08137136344958289;1.2573868747995392e-127
5.1242443423687065e-115;0.07559226280297782;8.644236428489973e-128
4.294575814028901e-115;0.08137136344958289;6.862339350692303e-128
2.968619734720798e-115;0.07559226280297782;4.717695483291227e-128
2.487969281317991e-115;0.08137136344958289;3.7452038277055904e-128
1.7198054075032815e-115;0.07559226280297782;2.574738770414958e-128
1.4413510001526525e-115;0.08137136344958289;2.043989810799077e-128
9.963319333507352e-116;0.07559226280297782;1.4051944978977549e-128
8.350154164847695e-116;0.08137136344958289;1.1155319012930537e-128
5.772032795591275e-116;0.07559226280297782;7.669017143063002e-129
4.8374805699193836e-116;0.08137136344958289;6.08814885586932e-129
3.343901914428852e-116;0.07559226280297782;4.185457887045726e-129
2.802489367545028e-116;0.08137136344958289;3.3226800998034133e-129
1.9372169925752294e-116;0.07559226280297782;2.2842637325539433e-129
1.6235613852468353e-116;0.08137136344958289;1.813392429619427e-129
1.1222846161034035e-116;0.07559226280297782;1.2466642696396251e-129
9.40575048095081e-117;0.08137136344958289;9.896806207722554e-130
6.501712324276201e-117;0.07559226280297782;6.8038194497727454e-130
5.449017383254426e-117;0.08137136344958289;5.401300430804775e-130
3.766625911207375e-117;0.07559226280297782;3.713265891424612e-130
3.156769946549485e-117;0.08137136344958289;2.9478243517638217e-130
2.1821129646117027e-117;0.07559226280297782;2.02655929984708e-130
1.8288061488044544e-117;0.08137136344958289;1.608810418930365e-130
1.2641597818776115e-117;0.07559226280297782;1.1060189913362334e-130
1.0594791468921348e-117;0.08137136344958289;8.780275400432898e-131
7.323635302268708e-118;0.07559226280297782;6.036231011294496e-131
6.13786247073313e-118;0.08137136344958289;4.791940380315508e-131
4.242789148138652e-118;0.07559226280297782;3.294345314784616e-131
3.5558373961530904e-118;0.08137136344958289;2.61525881151361e-131
2.4579678004974743e-118;0.07559226280297782;1.7979283815905467e-131
2.0599972137157585e-118;0.08137136344958289;1.427308795262859e-131
1.4239702934407907e-118;0.07559226280297782;9.812409314899459e-132
1.1934146721972305e-118;0.08137136344958289;7.789708567526648e-132
8.249462813107084e-119;0.07559226280297782;5.35523981650193e-132
6.913788865018056e-119;0.08137136344958289;4.2513266763568985e-132
4.779147220859233e-119;0.07559226280297782;2.9226862202640873e-132
4.005353510698902e-119;0.08137136344958289;2.3202124126246303e-132
2.768695207930024e-119;0.07559226280297782;1.5950909828164016e-132
2.3204146176405087e-119;0.08137136344958289;1.2662836920146123e-132
1.603983472397925e-119;0.07559226280297782;8.705399935927083e-133
1.3442818426332128e-119;0.08137136344958289;6.910894795396326e-133
9.292330092372978e-120;0.07559226280297782;4.751076199467303e-133
7.787805070245925e-120;0.08137136344958289;3.7717035427543754e-133
5.383309742994594e-120;0.07559226280297782;2.5929566957615895e-133
4.511695828111864e-120;0.08137136344958289;2.05845234743009e-133
3.118703651391689e-120;0.07559226280297782;1.4151371486840635e-133
2.613753048746917e-120;0.08137136344958289;1.1234250037440906e-133
1.8067532669582868e-120;0.07559226280297782;7.723280349645261e-134
1.5142210955947563e-120;0.08137136344958289;6.13122640712612e-134
1.0467032884665927e-120;0.07559226280297782;4.2150726814488877e-134
8.772311245867002e-121;0.08137136344958289;3.3461901889450845e-134
6.0638483080272834e-121;0.07559226280297782;2.3004263610232345e-134
5.0820481116160315e-121;0.08137136344958289;1.826223342132404e-134
