# ["m", "w0", "wp"] [calculated @ 2025-10-13T19:21:41.889]
0.7612075104230761;0.360362118967106;0.12127529002034565
0.04109775212796714;-0.005728909786635415;0.004046852088188246
2.7316178304519593e-10;5.7232633786761453e-11;3.078715398280051e-11
0.018490337541607327;0.022885131465157107;0.0019889170949013188
0.017958328181131477;0.047430531291146334;0.0016449412410780135
0.007356555447273536;0.031214944988486305;0.0006152745352767494
0.005106781413140194;0.042082218836706056;0.0003681827273370235
0.002488359189085323;0.03484660137101856;0.0001595392771319726
0.001581204705285935;0.04089898971406443;8.778027110470474e-5
0.0007931789524425559;0.035389240914712475;3.8962881571197414e-5
0.0004999318701074468;0.04087387107992631;2.126395921828123e-5
0.00024967909876956056;0.03525812914494561;9.399855573820818e-6
0.0001578074395525712;0.0409085543878134;5.142950761670997e-6
7.878087459194035e-5;0.03525416615083596;2.2726339518098568e-6
4.979764109041028e-5;0.040910099248223364;1.243534725091354e-6
2.4859104158277235e-5;0.03525342470255893;5.49490038200138e-7
1.5713777036826755e-5;0.04091032089554812;3.006731483724416e-7
7.844326241561418e-6;0.03525336662339787;1.3286024798524888e-7
4.958511669212031e-6;0.04091033987342028;7.269932775903478e-8
2.4752908499812152e-6;0.0352533601301674;3.212407706058573e-8
1.5646672492364094e-6;0.04091034190222049;1.7577862059812632e-8
7.810824372829813e-7;0.03525335951578524;7.767232428033056e-9
4.937335447482182e-7;0.040910342097926135;4.250124965358165e-9
2.4647195705403765e-7;0.03525335945315647;1.878027500117751e-9
1.5579850141465552e-7;0.0409103421176978;1.0276313536289093e-9
7.777466599932845e-8;0.03525335944698622;4.5408545799808025e-10
4.916249522764497e-8;0.04091034211965358;2.4846944674383206e-10
2.4541934685914854e-8;0.035253359446368975;1.097926431701057e-10
1.5513313125649015e-8;0.04091034211984889;6.007705559572135e-11
7.744251298219871e-9;0.0352533594463075;2.6546598844041428e-11
4.895253648528228e-9;0.040910342119868305;1.4525941343463433e-11
2.443712320873456e-9;0.035253359446301515;6.418662397035562e-12
1.5447060269674593e-9;0.0409103421198702;3.512205613630693e-12
7.711177849512718e-10;0.03525335944630083;1.5519587729171369e-12
4.874347441560935e-10;0.04091034211987043;8.492109379176067e-13
2.433275935097091e-10;0.0352533594463008;3.7524578858468696e-13
1.5381090360406846e-10;0.04091034211987044;2.0532944149969942e-13
7.678245647902879e-11;0.035253359446300765;9.073011751843871e-14
4.853530518933216e-11;0.04091034211987044;4.9646298303648276e-14
2.4228841200941364e-11;0.035253359446300765;2.193749930134625e-14
1.5315402189466792e-11;0.04091034211987044;1.200390415155557e-14
7.645454090164067e-12;0.035253359446300765;5.304235117944868e-15
4.832802499337736e-12;0.04091034211987044;2.9024060162234638e-15
2.4125366855157434e-12;0.035253359446300765;1.2825030692861626e-15
1.5249994553631864e-12;0.04091034211987044;7.017684060663272e-16
7.612802575647131e-13;0.035253359446300765;3.1009449735058354e-16
4.812163003095433e-13;0.04091034211987044;1.6967953242933102e-16
2.402233441825994e-13;0.035253359446300765;7.49772843355709e-17
1.518486625481811e-13;0.04091034211987044;4.102656015368582e-17
7.580290506268139e-14;0.035253359446300765;1.8128645346394018e-17
4.7916116521487834e-14;0.04091034211987044;9.919750567116984e-18
2.391974200298434e-14;0.035253359446300765;4.3832980216304734e-18
1.5120016100058186e-14;0.04091034211987044;2.398481640800622e-18
7.547917286497386e-15;0.035253359446300765;1.0598310673142137e-18
4.771148070054827e-15;0.04091034211987044;5.799252856545943e-19
2.3817587730126086e-15;0.035253359446300765;2.5625496731033787e-19
1.5055442901479639e-15;0.04091034211987044;1.4021926673130586e-19
7.515682323348528e-16;0.035253359446300765;6.19595049592501e-20
4.750771881978274e-16;0.04091034211987044;3.3903406609477525e-20
2.371586972850614e-16;0.035253359446300765;1.4981095957239095e-20
1.499114547628301e-16;0.04091034211987044;8.19745393427404e-21
7.483585026367669e-17;0.035253359446300765;3.622256766376877e-21
4.7304827146846453e-17;0.04091034211987044;1.982050116042322e-21
2.3614586134936668e-17;0.035253359446300765;8.758200414051105e-22
1.4927122646720262e-17;0.04091034211987044;4.792369306374507e-22
7.45162480762259e-18;0.035253359446300765;2.117632168009154e-22
4.71028019653345e-18;0.04091034211987044;1.158739800915813e-22
2.3513735094187075e-18;0.035253359446300765;5.120191120304487e-23
1.4863373240073185e-18;0.04091034211987044;2.801699619519045e-23
7.419801081691929e-19;0.035253359446300765;1.2380033465911894e-23
4.690163957471372e-19;0.04091034211987044;6.774187571540441e-24
2.3413314758949836e-19;0.035253359446300765;2.9933497601156776e-24
1.4799896088631876e-19;0.04091034211987044;1.63792067267692e-24
7.38811326565451e-20;0.035253359446300765;7.237575577688141e-25
4.6701336290254474e-20;0.04091034211987044;3.9603038765168835e-25
2.331332328980678e-20;0.035253359446300765;1.7499625650402933e-25
1.4736690029673435e-20;0.04091034211987044;9.575559461449159e-26
7.356560779078655e-21;0.035253359446300765;4.2312082909130787e-26
4.650188844296406e-21;0.04091034211987044;2.3152601885790574e-26
2.3213758855195284e-21;0.035253359446300765;1.0230575189863753e-26
1.467375390544053e-21;0.04091034211987044;5.598032952956981e-27
7.325143044011494e-22;0.035253359446300765;2.4736354610628146e-27
4.630329237951842e-22;0.04091034211987044;1.3535400080293023e-27
2.311461963137494e-22;0.035253359446300765;5.980966153584299e-28
1.4611086563120365e-22;0.04091034211987044;3.272704124344659e-28
7.293859484968502e-23;0.035253359446300765;1.446128853398283e-28
4.6105544462196336e-23;0.04091034211987044;7.913022313316571e-29
2.301590380239385e-23;0.035253359446300765;3.4965733076047525e-29
1.454868685482342e-23;0.04091034211987044;1.9132778201752172e-29
7.262709528922817e-24;0.035253359446300765;8.454312260435087e-30
4.59086410688118e-24;0.04091034211987044;4.626085801646319e-30
2.2917609560055642e-24;0.035253359446300765;2.0441555062349186e-30
1.4486553637562473e-24;0.04091034211987044;1.118534361216491e-30
7.231692605294825e-25;0.035253359446300765;4.942532999668858e-31
4.571257859264846e-25;0.04091034211987044;2.7044874887031673e-31
2.2819735103886162e-25;0.035253359446300765;1.195047655538209e-31
1.442468577323174e-25;0.04091034211987044;6.539139815604024e-32
7.200808145941708e-26;0.035253359446300765;2.8894878377201594e-32
4.5517353442392856e-26;0.04091034211987044;1.5810888276108044e-32
2.272227864110055e-26;0.035253359446300765;6.986449390231681e-33
1.4363082128585865e-26;0.04091034211987044;3.822891009044431e-33
7.170055585147007e-27;0.035253359446300765;1.6892431400846697e-33
4.532296204206931e-27;0.04091034211987044;9.243310946113519e-34
2.2625238386570463e-27;0.035253359446300765;4.08439570221876e-34
1.4301741575219288e-27;0.04091034211987044;2.2349263173971167e-34
7.139434359610282e-28;0.035253359446300765;9.875599229289709e-35
4.512940083097388e-28;0.04091034211987044;5.403794888339672e-35
2.252861256279128e-28;0.035253359446300765;2.387806354917269e-35
1.4240662989545583e-28;0.04091034211987044;1.306575477139424e-35
7.108943908436777e-29;0.035253359446300765;5.773441242606393e-36
4.4936666263609344e-29;0.04091034211987044;3.159149288115627e-36
2.243239939984957e-29;0.035253359446300765;1.3959517158158849e-36
1.417984525277672e-29;0.04091034211987044;7.638459774594777e-37
7.078583673127146e-30;0.035253359446300765;3.3752507577432126e-37
4.474475480962054e-30;0.04091034211987044;1.8468917549288987e-37
2.233659713539075e-30;0.035253359446300765;8.160968283195747e-38
1.4119287250902818e-30;0.04091034211987044;4.4655719282167745e-38
7.048353097567243e-31;0.035253359446300765;1.973228305083282e-38
4.455366295372895e-31;0.04091034211987044;1.0797239520323377e-38
2.224120401458667e-31;0.035253359446300765;4.77103918170987e-39
1.405898787467158e-31;0.04091034211987044;2.6106483812877848e-39
7.018251628017946e-32;0.035253359446300765;1.1535824220021037e-39
4.4363387195669295e-32;0.04091034211987044;6.312247642457048e-40
2.214621829010359e-32;0.035253359446300765;2.7892296702441163e-40
1.3998946019567938e-32;0.04091034211987044;1.5262289086993006e-40
6.988278713104942e-33;0.035253359446300765;6.744036667850609e-41
4.41739240501247e-33;0.04091034211987044;3.6902460323035513e-41
2.205163822207011e-33;0.035253359446300765;1.6306305308064822e-41
1.3939160585793929e-33;0.04091034211987044;8.922590642407456e-42
6.958433803808726e-34;0.035253359446300765;3.9426771516141104e-42
4.398527004666288e-34;0.04091034211987044;2.1573798352485665e-42
2.195746207804535e-34;0.035253359446300765;9.53294006716026e-43
1.387963047824854e-34;0.04091034211987044;5.216296409941909e-43
6.928716353454468e-35;0.035253359446300765;2.3049553090306924e-43
4.37974217296731e-35;0.04091034211987044;1.2612405007131161e-43
2.1863688132987092e-35;0.035253359446300765;5.573116938950183e-44
1.3820354606507527e-35;0.04091034211987044;3.049534527231342e-44
6.899125817702044e-36;0.035253359446300765;1.34751560229925e-44
4.361037565830233e-36;0.04091034211987044;7.373423885070274e-45
2.1770314669220387e-36;0.035253359446300765;3.258137803908984e-45
1.376133188480364e-36;0.04091034211987044;1.7828091239316018e-45
6.869661654536036e-37;0.035253359446300765;7.877802625177625e-46
4.342412840639249e-37;0.04091034211987044;4.310627493977952e-46
2.1677339976405906e-37;0.035253359446300765;1.90476210450027e-46
1.3702561232006566e-37;0.04091034211987044;1.0422601692132423e-46
6.840323324255804e-38;0.035253359446300765;4.605495780187166e-47
4.323867656241762e-38;0.04091034211987044;2.5200652616028934e-47
2.1584762351508674e-38;0.035253359446300765;1.113555930748976e-47
1.364404157160318e-38;0.04091034211987044;6.093228073304913e-48
6.811110289465654e-39;0.035253359446300765;2.6924502161976305e-48
4.305401672942127e-39;0.04091034211987044;1.4732724949232523e-48
2.149258009876695e-39;0.035253359446300765;6.510035074598194e-49
1.3585771831677859e-39;0.04091034211987044;3.5622035121362284e-49
6.7820220150649086e-40;0.035253359446300765;1.5740516358497396e-49
4.287014552495447e-40;0.04091034211987044;8.612998549556658e-50
2.1400791529660977e-40;0.035253359446300765;3.805875888424701e-50
1.35277509448928e-40;0.04091034211987044;2.0825240265449493e-50
6.753057968238196e-41;0.035253359446300765;9.202170340665547e-51
4.268705958101406e-41;0.04091034211987044;5.0353036705901134e-51
2.130939496288235e-41;0.035253359446300765;2.2249789919890054e-51
1.3469977848468476e-41;0.04091034211987044;1.2174785371923292e-51
6.724217618445578e-42;0.035253359446300765;5.3797433991363844e-52
4.250475554398012e-42;0.04091034211987044;2.9437231307049684e-52
2.1218388724302917e-42;0.035253359446300765;1.3007601035675107e-52
1.3412451484164243e-42;0.04091034211987044;7.117584093294401e-53
6.695500437412979e-43;0.035253359446300765;3.145088383406118e-53
4.232323007455523e-43;0.04091034211987044;1.7209500036433557e-53
2.1127771146944247e-43;0.035253359446300765;7.604462123574601e-54
1.3355170798258856e-43;0.04091034211987044;4.1610592529989344e-54
6.666905899122368e-44;0.035253359446300765;1.8386715137796342e-54
4.2142479847703383e-44;0.04091034211987044;1.0060962881148408e-54
2.103754057094714e-44;0.035253359446300765;4.4456963301903306e-55
1.3298134741531168e-44;0.04091034211987044;2.4326251548303083e-55
6.638433479802201e-45;0.035253359446300765;1.0749182609372004e-55
4.196250155258852e-45;0.04091034211987044;5.881807948025842e-56
2.094769534354115e-45;0.035253359446300765;2.59902877272499e-56
1.3241342269241006e-45;0.04091034211987044;1.4221535393057005e-56
6.6100826579178146e-46;0.035253359446300765;6.284152764846375e-57
4.178329189251422e-46;0.04091034211987044;3.438603754545519e-57
2.085823381901431e-46;0.035253359446300765;1.5194358902968915e-57
1.3184792341109976e-46;0.04091034211987044;8.314148545836363e-58
6.581852914161864e-47;0.035253359446300765;3.6738212947927054e-58
4.160484758486363e-47;0.04091034211987044;2.010265531492423e-58
2.0769154358683069e-47;0.035253359446300765;8.882877515441016e-59
1.3128483921302407e-47;0.04091034211987044;4.860590937036229e-59
6.553743731444843e-48;0.035253359446300765;2.147777657725721e-59
4.1427165361038684e-48;0.04091034211987044;1.1752350068729098e-59
2.0680455330862127e-48;0.035253359446300765;5.193079448643917e-60
1.3072415978406349e-48;0.04091034211987044;2.841583131086834e-60
6.5257545948855306e-49;0.035253359446300765;1.255626906394223e-60
4.125024196640062e-49;0.04091034211987044;6.870621317146003e-61
2.0592135110834773e-49;0.035253359446300765;3.0359615015572897e-61
1.301658748541475e-49;0.04091034211987044;1.6612372436757197e-61
6.497884991801659e-50;0.035253359446300765;7.340605869466892e-62
4.1074074160210317e-50;0.04091034211987044;4.016680664510359e-62
2.0504192080822867e-50;0.035253359446300765;1.7748741050639757e-62
1.2960997419706588e-50;0.04091034211987044;9.711872053237398e-63
6.470134411700459e-51;0.035253359446300765;4.291441530636797e-63
4.08986587155689e-51;0.04091034211987044;2.348219006101935e-63
2.041662462995733e-51;0.035253359446300765;1.0376212238563527e-63
1.2905644763028166e-51;0.04091034211987044;5.6777235844867324e-64
6.442502346269322e-52;0.035253359446300765;2.508848825064602e-64
4.072399241935863e-52;0.04091034211987044;1.3728082865383932e-64
2.032943115424877e-52;0.035253359446300765;6.066108019297229e-65
1.2850528501474478e-52;0.04091034211987044;3.3192926065259392e-65
6.414988289366512e-53;0.035253359446300765;1.4667151776605985e-65
4.0550072072184106e-53;0.04091034211987044;8.025667907002131e-66
2.0242610056557782e-53;0.035253359446300765;3.5463486728829985e-66
1.2795647625470513e-53;0.04091034211987044;1.9405142296538506e-66
6.387591737011866e-54;0.035253359446300765;8.574663371056519e-67
4.0376894488313606e-54;0.04091034211987044;4.691940308424322e-67
2.0156159746566037e-54;0.035253359446300765;2.0732550211191292e-67
1.2741001129752998e-54;0.04091034211987044;1.1344572238330798e-67
6.36031218737758e-55;0.035253359446300765;5.012892281118271e-68
4.020445649562066e-55;0.04091034211987044;2.742987139875321e-68
2.007007864074693e-55;0.035253359446300765;1.2120597208794251e-68
1.2686588013351752e-55;0.04091034211987044;6.632227545873907e-69
6.333149140779016e-56;0.035253359446300765;2.930621055855968e-69
4.0032754935526193e-56;0.04091034211987044;1.603596370570224e-69
1.9984365162336637e-56;0.035253359446300765;7.085904782641277e-70
1.2632407279571523e-56;0.04091034211987044;3.877311660251786e-70
6.306102099665516e-57;0.035253359446300765;1.7132903105411307e-70
3.986178666294032e-57;0.04091034211987044;9.374893824047922e-71
1.9899017741305196e-57;0.035253359446300765;4.142538995704605e-71
1.2578457935973553e-57;0.04091034211987044;2.2667415444871532e-71
6.279170568611341e-58;0.035253359446300765;1.0016183028265215e-71
3.969154854620493e-58;0.04091034211987044;5.480720449680196e-72
1.981403481432785e-58;0.035253359446300765;2.421797901232407e-72
1.2524738994357578e-58;0.04091034211987044;1.3251751934664803e-72
6.252354054306567e-59;0.035253359446300765;5.855628893624079e-73
3.952203746703659e-59;0.04091034211987044;3.204121263804638e-73
1.9729414824756356e-59;0.035253359446300765;1.4158237449291873e-73
1.2471249470743638e-59;0.04091034211987044;7.747196841430093e-74
6.225652065548069e-60;0.035253359446300765;3.4232990394729015e-74
3.935325032046875e-60;0.04091034211987044;1.873183127551065e-74
1.964515622259042e-60;0.035253359446300765;8.277143504357767e-75
1.241798838535408e-60;0.04091034211987044;4.529141444525733e-75
6.1990641132304886e-61;0.035253359446300765;2.0013181379059667e-75
3.918518401479569e-61;0.04091034211987044;1.0950943302238039e-75
1.9561257464449334e-61;0.035253359446300765;4.8389571680165984e-76
1.2364954762595522e-61;0.04091034211987044;2.6478121886385418e-76
6.172589710337264e-62;0.035253359446300765;1.1700042102451297e-76
3.901783547151502e-62;0.04091034211987044;6.402105455947363e-77
1.947771701354379e-62;0.035253359446300765;2.8289356662200427e-77
1.2312147631041156e-62;0.04091034211987044;1.5479554949154346e-77
6.146228371931816e-63;0.035253359446300765;6.84004120116383e-78
3.8851201625272156e-63;0.04091034211987044;3.742778419891418e-78
1.9394533339647603e-63;0.035253359446300765;1.653843323207605e-78
1.2259566023412828e-63;0.04091034211987044;9.049607916001598e-79
6.119979615148528e-64;0.035253359446300765;3.998803014889712e-79
3.868527942380342e-64;0.04091034211987044;2.1880911516994018e-79
1.931170491906978e-64;0.035253359446300765;9.668645951829237e-80
1.2207208976563275e-64;0.04091034211987044;5.2905528422723055e-80
6.093842959183983e-65;0.035253359446300765;2.3377674317473778e-80
3.852006582788074e-65;0.04091034211987044;1.2791948523322188e-80
1.9229230234626523e-65;0.035253359446300765;5.652452879303916e-81
1.2155075531458654e-65;0.04091034211987044;3.092946085253421e-81
6.067817925288125e-66;0.035253359446300765;1.3666981205598258e-81
3.835555781125552e-66;0.04091034211987044;7.478388041386524e-82
1.9147107775613502e-66;0.035253359446300765;3.3045189276691186e-82
1.2103164733160835e-66;0.04091034211987044;1.8081882501670147e-82
6.04190403675553e-67;0.035253359446300765;7.989946850040656e-83
3.819175236060342e-67;0.04091034211987044;4.371991303403744e-83
1.9065336037778185e-67;0.035253359446300765;1.9318772887617982e-83
1.2051475630809905e-67;0.04091034211987044;1.0570972328391412e-83
6.016100818916598e-68;0.035253359446300765;4.6710571783273505e-84
3.802864647546918e-68;0.04091034211987044;2.555939575648729e-84
1.89839135232923e-68;0.035253359446300765;1.1294079230667788e-84
1.2000007277606917e-68;0.04091034211987044;6.179968040235605e-85
5.990407799128945e-69;0.035253359446300765;2.730778511135203e-85
3.7866237168211627e-69;0.04091034211987044;1.4942452216868217e-85
1.8902838740724263e-69;0.035253359446300765;6.602708485193495e-86
1.1948758730796333e-69;0.04091034211987044;3.612913154238219e-86
5.964824506768692e-70;0.035253359446300765;1.5964590010752365e-86
3.770452146394889e-70;0.04091034211987044;8.735608634125074e-87
1.8822110205012037e-70;0.035253359446300765;3.860054321388761e-87
1.1897729051648841e-70;0.04091034211987044;2.1121697353583547e-87
5.9393504732218414e-71;0.035253359446300765;9.333167562735209e-88
3.754349640050393e-71;0.04091034211987044;5.106983586164982e-88
1.8741726437435847e-71;0.035253359446300765;2.2566526142241724e-88
1.1846917305444241e-71;0.04091034211987044;1.2348099166818874e-88
5.913985231875748e-72;0.035253359446300765;5.456326576218007e-89
3.738315902835041e-72;0.04091034211987044;2.985628413740261e-89
1.8661685965591065e-72;0.035253359446300765;1.3192770353171189e-89
1.179632256145417e-72;0.04091034211987044;7.2189062498674335e-90
5.888728318110485e-73;0.035253359446300765;3.189860195504515e-90
3.72235064105584e-73;0.04091034211987044;1.7454485362125454e-90
1.858198732336132e-73;0.035253359446300765;7.712715217860411e-91
1.1745943892925211e-73;0.04091034211987044;4.220293888180718e-91
5.8635792692904196e-74;0.035253359446300765;1.8648458674035102e-91
3.7064535622740965e-74;0.04091034211987044;1.020418541887431e-91
1.850262905089157e-74;0.035253359446300765;4.5089829080149694e-92
1.1695780377061775e-74;0.04091034211987044;2.4672547178379853e-92
5.838537624755692e-75;0.035253359446300765;1.0902202278560736e-92
3.690624375300017e-75;0.04091034211987044;5.965538250054003e-93
1.8423609694561378e-75;0.035253359446300765;2.6360271694837925e-93
1.1645831095009363e-75;0.04091034211987044;1.4423985636976405e-93
5.813602925813794e-76;0.035253359446300765;6.373610634542424e-94
3.674862790187411e-76;0.04091034211987044;3.487553895976079e-94
1.8344927806958376e-76;0.035253359446300765;1.5410657747016835e-94
1.1596095131837504e-76;0.04091034211987044;8.432504360069213e-95
5.7887747157311394e-77;0.035253359446300765;3.726119868518446e-95
3.6591685182283545e-77;0.04091034211987044;2.0388826066495863e-95
1.8266581946851575e-77;0.035253359446300765;9.009329453997879e-96
1.1546571576523245e-77;0.04091034211987044;4.929783734691235e-96
5.764052539724728e-78;0.035253359446300765;2.178352282664141e-96
3.6435412719479005e-78;0.04091034211987044;1.1919650298435786e-96
1.8188570679165087e-78;0.035253359446300765;5.267005376612562e-97
1.1497259521934264e-78;0.04091034211987044;2.882034403196775e-97
5.739435944953819e-79;0.035253359446300765;1.2735013458584287e-97
3.6279807650988583e-79;0.04091034211987044;6.968427842467664e-98
1.8110892574951877e-79;0.035253359446300765;3.0791798411762466e-98
1.1448158064812402e-79;0.04091034211987044;1.684885737027168e-98
5.7149244805115924e-80;0.035253359446300765;7.445102845898501e-99
3.612486712656484e-80;0.04091034211987044;4.073860002591767e-99
1.8033546211367507e-80;0.035253359446300765;1.8001402725743997e-99
1.1399266305757e-80;0.04091034211987044;9.850125118869937e-100
5.690517697416958e-81;0.035253359446300765;4.3525322188523184e-100
3.5970588308132953e-81;0.04091034211987044;2.381647007890939e-100
1.795653017164396e-81;0.035253359446300765;1.0523922499136537e-100
1.1350583349208528e-81;0.04091034211987044;5.758548649630352e-101
5.666215148606271e-82;0.035253359446300765;2.5445634678618306e-101
3.581696836973889e-82;0.04091034211987044;1.3923508580528515e-101
1.7879843045064066e-82;0.035253359446300765;6.15246191950603e-102
1.130210830343209e-82;0.04091034211987044;3.3665442976590286e-102
5.642016388925166e-83;0.035253359446300765;1.4875945579293847e-102
3.566400449749727e-83;0.04091034211987044;8.139917063684746e-103
1.7803483426935263e-83;0.035253359446300765;3.5968326138925466e-103
1.1253840280501152e-83;0.04091034211987044;1.968138362229175e-103
5.617920975120414e-84;0.035253359446300765;8.696727736332043e-104
3.5511693889540004e-84;0.04091034211987044;4.758732285074002e-104
1.7727449918563984e-84;0.035253359446300765;2.1027687812815885e-104
1.120577839628124e-84;0.04091034211987044;1.1506067558866451e-104
5.593928465831773e-85;0.035253359446300765;5.08425316002516e-105
3.5360033755965074e-85;0.04091034211987044;2.7820348516861377e-105
1.7651741127230203e-85;0.035253359446300765;1.2293139609705963e-105
1.115792177041379e-85;0.04091034211987044;6.726640423758132e-106
5.5700384215839416e-86;0.035253359446300765;2.972339824694597e-106
3.5209021318785274e-86;0.04091034211987044;1.6264243189877122e-106
1.7576355666161737e-86;0.035253359446300765;7.186775969330138e-107
1.111026952629998e-86;0.04091034211987044;3.9325070150200623e-107
5.546250404778473e-87;0.035253359446300765;1.7376798037770795e-107
3.505865381187726e-87;0.04091034211987044;9.508349846125765e-108
1.7501292154508845e-87;0.035253359446300765;4.201509986314758e-108
1.1062820791084656e-87;0.04091034211987044;2.299009676295736e-108
5.522563979685795e-88;0.035253359446300765;1.0158768103727843e-108
3.4908928480931186e-88;0.04091034211987044;5.558741082560197e-109
1.7426549217319138e-88;0.035253359446300765;2.456273333193662e-109
1.101557469564043e-88;0.04091034211987044;1.3440396855018598e-109
5.4989787124371995e-89;0.035253359446300765;5.938986524502261e-110
3.475984258340002e-89;0.04091034211987044;3.2497334367153895e-110
1.735212548551211e-89;0.035253359446300765;1.435978661721623e-110
1.0968530374551688e-89;0.04091034211987044;7.857481831544768e-111
5.475494171016893e-90;0.035253359446300765;3.4720313110874425e-111
3.4611393388449173e-90;0.04091034211987044;1.8998487702258694e-111
1.7278019595854256e-90;0.035253359446300765;8.394972534423735e-112
1.0921686966098688e-90;0.04091034211987044;4.593615902792533e-112
5.452109925254131e-91;0.035253359446300765;2.0298078427079618e-112
3.4463578176907006e-91;0.04091034211987044;1.1106835129766573e-112
1.720423019093406e-91;0.035253359446300765;4.907841998796447e-113
1.0875043612241944e-91;0.04091034211987044;2.6855050402630085e-113
5.428825546815267e-92;0.035253359446300765;1.1866597703660482e-113
3.4316394241214184e-92;0.04091034211987044;6.493242437667833e-114
1.7130755919137097e-92;0.035253359446300765;2.869206895720204e-114
1.082859945860637e-92;0.04091034211987044;1.5699913693031582e-114
5.4056406091959595e-93;0.035253359446300765;6.93741240415435e-115
3.416983888537502e-93;0.04091034211987044;3.796058630719645e-115
1.70575954346213e-93;0.035253359446300765;1.67738656062424e-115
1.0782353654465632e-93;0.04091034211987044;9.17843334021449e-116
5.382554687713347e-94;0.035253359446300765;4.0557278562219e-116
3.402390942490756e-94;0.04091034211987044;2.2192396581817333e-116
1.698474739729228e-94;0.035253359446300765;9.806283673581374e-117
1.073630535272663e-94;0.04091034211987044;5.365866349835563e-117
5.359567359498245e-95;0.035253359446300765;2.3710466504606412e-117
3.3878603186794154e-95;0.04091034211987044;1.2974047925895476e-117
1.6912210472778883e-95;0.035253359446300765;5.732918204075841e-118
1.0690453709913994e-95;0.04091034211987044;3.136975627217976e-118
5.336678203487456e-96;0.035253359446300765;1.3861537109883072e-118
3.373391750943329e-96;0.04091034211987044;7.584846411826716e-119
1.683998333240851e-96;0.035253359446300765;3.351560308536433e-119
1.064479788615449e-96;0.04091034211987044;1.8339286601987682e-119
5.313886800415984e-97;0.035253359446300765;8.103687500679773e-120
3.3589849742590096e-97;0.04091034211987044;4.434228655512677e-120
1.6768064653183133e-97;0.035253359446300765;1.9593784704220464e-120
1.0599337045161823e-97;0.04091034211987044;1.0721455090427944e-120
5.2911927328094066e-98;0.035253359446300765;4.737551873799906e-121
3.344639724734808e-98;0.04091034211987044;2.5923245774246833e-121
1.6696453117754672e-98;0.035253359446300765;1.1454855759495282e-121
1.0554070354221243e-98;0.04091034211987044;6.2679427913845e-122
5.26859558497623e-99;0.035253359446300765;2.769652427374858e-122
3.3303557396061053e-99;0.04091034211987044;1.515516505078169e-122
1.6625147414401223e-99;0.035253359446300765;6.696701145367755e-123
1.050899698417419e-99;0.04091034211987044;3.6643446719414305e-123
5.246094943000232e-100;0.035253359446300765;1.619185345681649e-123
3.3161327572304444e-100;0.04091034211987044;8.859964130903991e-124
1.6554146237002752e-100;0.035253359446300765;3.915004009823145e-124
1.0464116109403311e-100;0.04091034211987044;2.1422374647774403e-124
5.2236903947329146e-101;0.035253359446300765;9.4660295918617e-125
3.301970517082787e-101;0.04091034211987044;5.179683899045122e-125
1.648344828501736e-101;0.035253359446300765;2.2887771253661956e-125
1.0419426907817164e-101;0.04091034211987044;1.2523880165084588e-125
5.201381529785969e-102;0.035253359446300765;5.5339999508381834e-126
3.2878687597507153e-102;0.04091034211987044;3.028130238185272e-126
1.6413052263457343e-102;0.035253359446300765;1.3380575642976651e-126
1.0374928560835204e-102;0.04091034211987044;7.321670774985457e-127
5.179167939523699e-103;0.035253359446300765;3.2352693554018214e-127
3.27382722692968e-103;0.04091034211987044;1.7702958169131539e-127
1.6342956882865512e-103;0.035253359446300765;7.822509345848786e-128
1.0330620253372863e-103;0.04091034211987044;4.280371756249084e-128
5.157049217055596e-104;0.035253359446300765;1.8913928252595656e-128
3.2598456614182787e-104;0.04091034211987044;1.0349446796774355e-128
1.6273160859291608e-104;0.035253359446300765;4.573170400035109e-129
1.028650117382653e-104;0.04091034211987044;2.5023772489594427e-129
5.135024957228852e-105;0.035253359446300765;1.1057400254697026e-129
3.24592380711355e-105;0.04091034211987044;6.050460492305237e-130
1.6203662914268649e-105;0.035253359446300765;2.67355225581875e-130
1.0242570514058662e-105;0.04091034211987044;1.4629317855319098e-130
5.113094756620947e-106;0.035253359446300765;6.464341979080661e-131
3.232061409006266e-106;0.04091034211987044;3.537200865688437e-131
1.613446177478977e-106;0.035253359446300765;1.5630035706823104e-131
1.0198827469383152e-106;0.04091034211987044;8.552545024973835e-132
5.0912582135322786e-107;0.035253359446300765;3.7791629370342895e-132
3.218258213176265e-107;0.04091034211987044;2.0679070593286366e-132
1.606555617328465e-107;0.035253359446300765;9.137581495363424e-133
1.0155271238550416e-107;0.04091034211987044;4.999961524358403e-133
5.06951492797878e-108;0.035253359446300765;2.209362151766111e-133
3.2045139667878157e-108;0.04091034211987044;1.2089332125584368e-133
1.5996944847596434e-108;0.035253359446300765;5.341983674929113e-134
1.0111901023732764e-108;0.04091034211987044;2.9230615181871955e-134
5.047864501684589e-109;0.035253359446300765;1.2916302363737643e-134
3.1908284180849804e-109;0.04091034211987044;7.067626689670272e-135
1.5928626540958507e-109;0.035253359446300765;3.123013414182864e-135
1.0068716030509801e-109;0.04091034211987044;1.7088708778020512e-135
5.026306538074775e-110;0.035253359446300765;7.551087385928758e-136
3.177201316386964e-110;0.04091034211987044;4.131853315439041e-136
1.586060000197164e-110;0.035253359446300765;1.8257661158606108e-136
1.0025715467853889e-110;0.04091034211987044;9.990346281904504e-137
5.004840642268062e-111;0.035253359446300765;4.414492561742143e-137
3.1636324120835976e-111;0.04091034211987044;2.415550873004739e-137
1.5792863984580888e-111;0.035253359446300765;1.0673735484728725e-137
9.9828985481156e-112;0.04091034211987044;5.840524297583837e-138
4.983466421069582e-112;0.035253359446300765;2.580786525393892e-138
3.1501214566306957e-112;0.04091034211987044;1.41217162726261e-138
1.5725417248052853e-112;0.035253359446300765;6.240045108091763e-139
9.940264487009374e-113;0.04091034211987044;3.414468638835245e-139
4.9621834829637155e-113;0.035253359446300765;1.5087711659947142e-139
3.1366682025455505e-113;0.04091034211987044;8.25579261083776e-140
1.5658258556952956e-113;0.035253359446300765;3.648035217542169e-140
9.897812503599091e-114;0.04091034211987044;1.9961557373218048e-140
4.940991438106875e-114;0.035253359446300765;8.820529745247379e-141
3.123272403402369e-114;0.04091034211987044;4.8264750769198595e-141
1.5591386681122832e-114;0.035253359446300765;2.1327026836986497e-141
9.855541820283763e-115;0.04091034211987044;1.1669861841232249e-141
4.919889898320376e-115;0.035253359446300765;5.156629894600352e-142
3.1099338138277886e-115;0.04091034211987044;2.8216384260365595e-142
1.5524800395657755e-115;0.035253359446300765;1.2468138232831775e-142
9.813451662783326e-116;0.04091034211987044;6.822397313356191e-143
4.898878477083353e-116;0.035253359446300765;3.014652479825663e-143
3.0966521894963355e-116;0.04091034211987044;1.6495772339856403e-143
1.5458498480884182e-116;0.035253359446300765;7.289083104795622e-144
9.771541260124474e-117;0.04091034211987044;3.9884881016187835e-144
4.877956789525654e-117;0.035253359446300765;1.7624164929182658e-144
3.0834272871260104e-117;0.04091034211987044;9.64370567743486e-145
1.5392479722337461e-117;0.035253359446300765;4.261320456707033e-145
9.729809844626439e-118;0.04091034211987044;2.3317371601345263e-145
4.857124452420775e-118;0.035253359446300765;1.0303382944789518e-145
3.070258864473782e-118;0.04091034211987044;5.637872375838028e-146
1.532674291073957e-118;0.035253359446300765;2.4912395391407706e-146
9.688256651887046e-119;0.04091034211987044;1.3631727224522883e-146
4.8363810841788793e-119;0.035253359446300765;6.023530790454475e-147
3.057146680331168e-119;0.04091034211987044;3.2959949203564035e-147
1.5261286841976931e-119;0.035253359446300765;1.4564204932323405e-147
9.646880920768633e-120;0.04091034211987044;7.969336780354652e-148
4.815726304839791e-120;0.035253359446300765;3.5214573095045e-148
3.044090494519835e-120;0.04091034211987044;1.926894010863523e-148
1.519611031707844e-120;0.035253359446300765;8.51447891614117e-149
9.605681893384119e-121;0.04091034211987044;4.659008185291535e-149
4.79515973606602e-121;0.035253359446300765;2.0587031118549406e-149
3.031090067887155e-121;0.04091034211987044;1.1264946150767238e-149
1.5131212142193388e-121;0.035253359446300765;4.977707437535164e-150
9.564658815083209e-122;0.04091034211987044;2.723734467355203e-150
4.774681001135863e-122;0.035253359446300765;1.2035524302174727e-150
3.018145162301877e-122;0.04091034211987044;6.585676797179765e-151
1.5066591128569714e-122;0.035253359446300765;2.91005140510963e-151
9.523810934438438e-123;0.04091034211987044;1.592340934725041e-151
4.754289724936472e-123;0.035253359446300765;7.036169732007716e-152
3.0052555406497265e-123;0.04091034211987044;3.850097310403746e-152
1.5002246092532154e-123;0.035253359446300765;1.7012649470965774e-152
9.483137503231447e-124;0.04091034211987044;9.309092654920497e-153
4.733985533956996e-124;0.035253359446300765;4.113463049439058e-153
2.9924209668290734e-124;0.04091034211987044;2.2508315783012629e-153
1.4938175855460543e-124;0.035253359446300765;9.945880733026064e-154
9.442637776439404e-125;0.04091034211987044;5.4422519805947815e-154
4.7137680562817626e-125;0.035253359446300765;2.4047996145016692e-154
2.979641205746616e-125;0.04091034211987044;1.3158739599095668e-154
1.4874379243768307e-125;0.035253359446300765;5.814528990584291e-155
9.40231101222114e-126;0.04091034211987044;3.181631950417051e-155
4.6936369215834114e-126;0.035253359446300765;1.4058862608954254e-155
2.966916023313071e-126;0.04091034211987044;7.692820267231599e-156
1.4810855088880904e-126;0.035253359446300765;3.3992713455813513e-156
9.36215647190376e-127;0.04091034211987044;1.8600354970716207e-156
4.67359176111617e-127;0.035253359446300765;8.21904730296667e-157
2.9542451864388544e-127;0.04091034211987044;4.497351985595677e-157
1.4747602227214369e-127;0.035253359446300765;1.98727114433551e-157
9.322173419968966e-128;0.04091034211987044;1.08740800453458e-157
4.653632207709051e-128;0.035253359446300765;4.804993152531302e-158
2.941628463029887e-128;0.04091034211987044;2.629227536810774e-158
1.4684619500154217e-128;0.035253359446300765;1.1617921017814963e-158
9.282361124039648e-129;0.04091034211987044;6.357169904485677e-159
4.6337578957591554e-129;0.035253359446300765;2.8090797320924456e-159
2.929065621983253e-129;0.04091034211987044;1.5370905951913063e-159
1.462190575403389e-129;0.035253359446300765;6.792031835259154e-160
9.242718854866524e-130;0.04091034211987044;3.716508341484563e-160
4.613968461224982e-130;0.035253359446300765;1.6422352104904816e-160
2.9165564331830356e-130;0.04091034211987044;8.986089886657078e-161
1.4559459840113984e-130;0.035253359446300765;3.9707359329122e-161
9.203245886314687e-131;0.04091034211987044;2.172733222463996e-161
4.594263541619725e-131;0.035253359446300765;9.600782974450496e-162
2.9041006674960707e-131;0.04091034211987044;5.25341913506605e-162
1.4497280614560877e-131;0.035253359446300765;2.321358944030707e-162
9.163941495350313e-132;0.04091034211987044;1.270216348852071e-162
4.5746427760046577e-132;0.035253359446300765;5.612779042471573e-163
2.891698096767748e-132;0.04091034211987044;3.071237096087521e-163
1.4435366938426007e-132;0.035253359446300765;1.3571054429396931e-163
9.124804962027502e-133;0.04091034211987044;7.425898201443014e-164
4.5551058049825384e-133;0.035253359446300765;3.2813249360436853e-164
2.8793484938178516e-133;0.04091034211987044;1.795496810338839e-164
1.4373717677624913e-133;0.035253359446300765;7.933866444879172e-165
9.085835569474995e-134;0.04091034211987044;4.341304861020696e-165
4.535652270690983e-134;0.035253359446300765;1.918317691544266e-165
2.8670516324363744e-134;0.04091034211987044;1.0496776038697184e-165
1.4312331702916492e-134;0.035253359446300765;4.6382716311879717e-166
9.047032603883079e-135;0.04091034211987044;2.5379997658275957e-166
4.5162818167959326e-135;0.035253359446300765;1.1214807547004637e-166
2.854807287379392e-135;0.04091034211987044;6.136591642609172e-167
1.4251207889882277e-135;0.035253359446300765;2.7116115294036555e-167
9.008395354490536e-136;0.04091034211987044;1.4837573074346262e-167
4.4969940884851434e-136;0.035253359446300765;6.556364926974344e-168
2.8426152343649263e-136;0.04091034211987044;3.5875545833608735e-168
1.4190345118905853e-136;0.035253359446300765;1.5852536615048547e-168
8.969923113571604e-137;0.04091034211987044;8.674294525191854e-169
4.477788732461666e-137;0.035253359446300765;3.8329610985736724e-169
2.830475250068856e-137;0.04091034211987044;2.0973446887401622e-169
1.4129742275152407e-137;0.035253359446300765;9.267659264847634e-170
8.931615176422986e-138;0.04091034211987044;5.071138327862191e-170
4.458665396937378e-138;0.035253359446300765;2.2408134609369657e-170
2.818387112120798e-138;0.04091034211987044;1.2261429453334355e-170
1.406939824854825e-138;0.035253359446300765;5.418029324580321e-171
8.893470841351005e-139;0.04091034211987044;2.964672673452277e-171
4.439623731626541e-139;0.035253359446300765;1.3100172001705974e-171
2.8063505991000527e-139;0.04091034211987044;7.168237679110508e-172
1.4009311933760488e-139;0.035253359446300765;3.167470978713728e-172
8.855489409658692e-140;0.04091034211987044;1.7331974583347475e-172
4.420663387739392e-140;0.035253359446300765;7.658580665724986e-173
2.7943654905315513e-140;0.04091034211987044;4.190672190365736e-173
1.3949482230176774e-140;0.035253359446300765;1.8517567550764153e-173
8.817670185633011e-141;0.04091034211987044;1.0132563559133098e-173
4.40178401797574e-141;0.035253359446300765;4.47733493924952e-174
2.7824315668817984e-141;0.04091034211987044;2.4499373755815435e-174
1.3889908041885162e-141;0.035253359446300765;1.082568112861955e-174
8.780012476532113e-142;0.04091034211987044;5.923666907434539e-175
4.3829852765186126e-142;0.035253359446300765;2.617525235183618e-175
2.770548609554868e-142;0.04091034211987044;1.4322745544426738e-175
1.3830588277654032e-142;0.035253359446300765;6.328875084552524e-176
8.742515592572632e-143;0.04091034211987044;3.463075205544259e-176
4.364266819027926e-143;0.035253359446300765;1.5302492330340353e-176
2.7587164008883995e-143;0.04091034211987044;8.373317700894357e-177
1.377152185091208e-143;0.035253359446300765;3.6999667143324896e-177
8.705178846917104e-144;0.04091034211987044;2.0245719529238986e-177
4.345628302634162e-144;0.035253359446300765;8.946094133976845e-178
2.7469347241495897e-144;0.04091034211987044;4.895182219263319e-178
1.3712707679728478e-144;0.035253359446300765;2.1630627092928723e-178
8.668001555661341e-145;0.04091034211987044;1.183598781223089e-178
4.327069385932121e-145;0.035253359446300765;5.2300369460269944e-179
2.7352033635312542e-145;0.04091034211987044;2.861805775891231e-179
1.3654144686792973e-145;0.035253359446300765;1.2645628043649946e-179
8.630983037821896e-146;0.04091034211987044;6.9195173473068495e-180
4.308589728974622e-146;0.035253359446300765;3.0575674754998283e-180
2.723522104147851e-146;0.04091034211987044;1.6730597416160977e-180
1.359583179939616e-146;0.035253359446300765;7.392846630443864e-181
8.594122615323588e-147;0.04091034211987044;4.045266105310043e-181
4.29018899326631e-147;0.035253359446300765;1.7875053204616755e-181
2.7118907320315545e-147;0.04091034211987044;9.780988362653007e-182
1.3537767949409953e-147;0.035253359446300765;4.321982357270899e-182
8.55741961298713e-148;0.04091034211987044;2.3649305350956918e-182
4.2718668417574526e-148;0.035253359446300765;1.0450056446118087e-182
2.700309034128326e-148;0.04091034211987044;5.718130140286734e-183
1.3479952073267847e-148;0.035253359446300765;2.52670350547221e-183
8.520873358516725e-149;0.04091034211987044;1.3825781271809133e-183
4.25362293883774e-149;0.035253359446300765;6.109278583789008e-184
2.68877679829403e-149;0.04091034211987044;3.342914957971261e-184
1.3422383111945576e-149;0.035253359446300765;1.477153323827275e-184
8.484483182487746e-150;0.04091034211987044;8.082784036960054e-185
4.2354569503301734e-150;0.035253359446300765;3.571586910251337e-185
2.6772938132905306e-150;0.04091034211987044;1.9543242532195387e-185
1.3365060010941618e-150;0.035253359446300765;8.635686527399583e-186
8.448248418334477e-151;0.04091034211987044;4.725331357682279e-186
4.217368543484925e-151;0.035253359446300765;2.088009718746076e-186
2.6658598687818267e-151;0.04091034211987044;1.1425307956502753e-186
1.3307981720257958e-151;0.035253359446300765;5.048567443648177e-187
8.412168402337949e-152;0.04091034211987044;2.762508108319242e-187
4.1993573869732405e-152;0.035253359446300765;1.2206855650255663e-187
2.6544747553302153e-152;0.04091034211987044;6.679427003266119e-188
1.3251147194380802e-152;0.035253359446300765;2.951477355297117e-188
8.376242473613668e-153;0.04091034211987044;1.6150086567204656e-188
4.1814231508813645e-153;0.035253359446300765;7.136332916863177e-189
2.64313826439241e-153;0.04091034211987044;3.904905256104541e-189
1.3194555392261393e-153;0.035253359446300765;1.7254832536290354e-189
8.340469974099681e-154;0.04091034211987044;9.441611966413202e-190
4.163565506704528e-154;0.035253359446300765;4.1720201302813227e-190
2.6318501883157886e-154;0.04091034211987044;2.282873224259616e-190
1.3138205277297094e-154;0.035253359446300765;1.0087465022256689e-190
8.304850248544374e-155;0.04091034211987044;5.5197249967277675e-191
4.145784127340904e-155;0.035253359446300765;2.439033067857964e-191
2.6206103203345384e-155;0.04091034211987044;1.33460604451141e-191
1.3082095817312248e-155;0.035253359446300765;5.897301545015706e-192
8.269382644494511e-156;0.04091034211987044;3.226923977376258e-192
4.1280786870856185e-156;0.035253359446300765;1.4258997129295963e-192
2.609418454565869e-156;0.04091034211987044;7.802331181242298e-193
1.3026225984539268e-156;0.035253359446300765;3.4476615716744576e-193
8.234066512283334e-157;0.04091034211987044;1.886513977043953e-193
4.1104488616247854e-157;0.035253359446300765;8.336049306286431e-194
2.598274386006273e-157;0.04091034211987044;4.5613739059658074e-194
1.2970594755599933e-157;0.035253359446300765;2.015560883578512e-194
8.198901205018574e-158;0.04091034211987044;1.1028877688267948e-194
4.092894328029572e-158;0.035253359446300765;4.8733944895793375e-195
2.5871779105277588e-158;0.04091034211987044;2.66665582717714e-195
1.2915201111486575e-158;0.035253359446300765;1.1783307586767372e-195
8.163886078570687e-159;0.04091034211987044;6.447667207500411e-196
4.0754147647502825e-159;0.035253359446300765;2.8490683030331594e-196
2.576128824874074e-159;0.04091034211987044;1.5589718026222986e-196
1.286004403754333e-159;0.035253359446300765;6.888719602349881e-197
8.129020491561029e-160;0.04091034211987044;3.7694145853933125e-197
4.058009851610468e-160;0.035253359446300765;1.665613200963937e-197
2.5651269266570603e-160;0.04091034211987044;9.114011101853263e-198
1.280512252344773e-160;0.035253359446300765;4.027261226134057e-198
8.09430380535005e-161;0.04091034211987044;2.203663101601687e-198
4.0406792698010475e-161;0.035253359446300765;9.737454634807478e-199
2.5541720143528634e-161;0.04091034211987044;5.328204026845327e-199
1.2750435563192045e-161;0.035253359446300765;2.354404580205331e-199
8.059735384025693e-162;0.04091034211987044;1.2882984758902715e-199
4.023422701874507e-162;0.035253359446300765;5.692679591519796e-200
2.5432638872982925e-162;0.04091034211987044;3.114957600382773e-200
1.2695982155064937e-162;0.035253359446300765;1.3764244770913502e-200
8.025314594391661e-163;0.04091034211987044;7.531609354328568e-201
4.0062398317390354e-163;0.035253359446300765;3.3280361395333734e-201
2.5324023456871364e-163;0.04091034211987044;1.8210565517565655e-201
1.26417613016331e-163;0.035253359446300765;8.046808764579313e-202
7.991040805955892e-164;0.04091034211987044;4.4031053771921905e-202
3.9891303446527634e-164;0.035253359446300765;1.9456258459617999e-202
2.5215871905664902e-164;0.04091034211987044;1.0646202581659558e-202
1.2587772009722885e-164;0.035253359446300765;4.704299608979793e-203
7.956913390918919e-165;0.04091034211987044;2.5741293859746566e-203
3.972093927218e-165;0.035253359446300765;1.1374455606138145e-203
2.510818223833118e-165;0.04091034211987044;6.2239489103403435e-204
1.2534013290402332e-165;0.035253359446300765;2.750212594645206e-204
7.9229317241625e-166;0.04091034211987044;1.504879290434716e-204
3.955130267375479e-166;0.035253359446300765;6.649697864804556e-205
2.5000952482298347e-166;0.04091034211987044;3.6386251098829336e-205
1.2480484158962854e-166;0.035253359446300765;1.6078204928332383e-205
7.88909518323801e-167;0.04091034211987044;8.797777186797513e-206
3.938239054398644e-167;0.035253359446300765;3.8875251022408575e-206
2.489418067341874e-167;0.04091034211987044;2.1272013766492437e-206
1.2427183634901247e-167;0.035253359446300765;9.399588752548817e-207
7.855403148355167e-168;0.04091034211987044;5.143328366634373e-207
3.921419978887972e-168;0.035253359446300765;2.272712494283677e-207
2.478786485593301e-168;0.04091034211987044;1.2435976667472706e-207
1.2374110741901776e-168;0.035253359446300765;5.495157519814376e-208
7.821855002370636e-169;0.04091034211987044;3.0068761830799756e-208
3.90467273276529e-169;0.035253359446300765;1.3286659110434484e-208
2.4682003082434338e-169;0.04091034211987044;7.270280913297206e-209
1.232126450781829e-169;0.035253359446300765;3.2125614175816246e-209
7.788450130776694e-170;0.04091034211987044;1.7578703391807658e-209
3.887997009268135e-170;0.035253359446300765;7.767604162907238e-210
2.4576593413832756e-170;0.04091034211987044;4.250328379636266e-210
1.2268643964656372e-170;0.035253359446300765;1.8781173832634124e-210
7.755187921690038e-171;0.04091034211987044;1.0276805366179937e-210
3.871392502944147e-171;0.035253359446300765;4.541071907552001e-211
2.4471633919319417e-171;0.04091034211987044;2.4848133861925964e-211
1.2216248148555616e-171;0.035253359446300765;1.0979789790202768e-211
7.722067765840521e-172;0.04091034211987044;6.007993091433822e-212
3.854858909645454e-172;0.035253359446300765;2.6547869377833807e-212
2.4367122676331547e-172;0.04091034211987044;1.4526636562444371e-212
1.2164076099771987e-172;0.035253359446300765;6.418969597500005e-213
7.689089056560004e-173;0.04091034211987044;3.512373709587349e-213
3.8383959265231076e-173;0.035253359446300765;1.5520330504576027e-213
2.4263057770517037e-173;0.04091034211987044;8.492515815873412e-214
1.2112126862660256e-173;0.035253359446300765;3.7526374804001054e-214
7.656251189771264e-174;0.04091034211987044;2.0533926867176486e-214
3.822003252021559e-174;0.035253359446300765;9.073445990825806e-215
2.4159437295699403e-174;0.04091034211987044;4.964867440087181e-215
1.2060399485656467e-174;0.035253359446300765;2.1938549241280583e-215
7.623553563976907e-175;0.04091034211987044;1.2004478664546493e-215
3.805680585873091e-175;0.035253359446300765;5.30448898134994e-216
2.405625935384288e-175;0.04091034211987044;2.902544926859546e-216
1.200889302126051e-175;0.035253359446300765;1.2825644505388688e-216
7.590995580248364e-176;0.04091034211987044;7.018019930610931e-217
3.7894276290923685e-176;0.035253359446300765;3.1010933863179397e-217
2.3953522055017737e-176;0.04091034211987044;1.6968765337851917e-217
1.1957606526018776e-176;0.035253359446300765;7.498087278673907e-218
7.558576642214941e-177;0.04091034211987044;4.1028523705833833e-218
3.7732440839709085e-177;0.035253359446300765;1.8129512992630438e-218
2.3851223517365474e-177;0.04091034211987044;9.920225331451615e-219
1.1906539060506904e-177;0.035253359446300765;4.3835078085152017e-219
7.526296156052827e-178;0.04091034211987044;2.3985964333584192e-219
3.7571296540716903e-178;0.035253359446300765;1.059881791371044e-219
2.3749361867064616e-178;0.04091034211987044;5.799530411753118e-220
1.1855689689312508e-178;0.035253359446300765;2.5626723180411e-220
7.49415353047429e-179;0.04091034211987044;1.402259776971131e-220
3.7410840442236434e-179;0.035253359446300765;6.196247037284063e-221
2.3647935238296054e-179;0.04091034211987044;3.390502924385443e-221
1.1805057481018067e-179;0.035253359446300765;1.4981812960152238e-221
7.462148176716773e-180;0.04091034211987044;8.197846268611129e-222
3.72510696051632e-180;0.035253359446300765;3.6224301294379646e-222
2.354694177320909e-180;0.04091034211987044;1.9821449779744033e-222
1.1754641508183866e-180;0.035253359446300765;8.758619586001447e-223
7.430279508532243e-181;0.04091034211987044;4.792598671620098e-223
3.709198110294474e-181;0.035253359446300765;2.1177335189675715e-223
2.3446379621887483e-181;0.04091034211987044;1.1587952587952095e-223
1.1704440847331087e-181;0.035253359446300765;5.120436175269726e-224
7.398546942176258e-182;0.04091034211987044;2.801833710295484e-224
3.6933572021526924e-182;0.035253359446300765;1.238062598064412e-224
2.334624694231539e-182;0.04091034211987044;6.774511787621607e-225
1.1654454578924751e-182;0.035253359446300765;2.993493023365848e-225
7.366949896397453e-183;0.04091034211987044;1.6379990643978653e-225
3.6775839459300878e-183;0.035253359446300765;7.237921971756225e-226
2.3246541900343633e-183;0.04091034211987044;3.960493418685518e-226
1.1604681787356977e-183;0.035253359446300765;1.7500463191435024e-226
7.335487792426772e-184;0.04091034211987044;9.57601775262146e-227
3.661878052704956e-184;0.035253359446300765;4.231410798705513e-227
2.3147262669656195e-184;0.04091034211987044;2.315370998115597e-227
1.1555121560930172e-184;0.035253359446300765;1.023106483042376e-227
7.304160053966951e-185;0.04091034211987044;5.598300877676675e-228
3.646239234789484e-185;0.035253359446300765;2.473753850520877e-228
2.304840743173672e-185;0.04091034211987044;1.353604789146222e-228
1.1505772991840327e-185;0.035253359446300765;5.981252405682798e-229
7.272966107181912e-186;0.04091034211987044;3.272860757637555e-229
3.6306672057245153e-186;0.035253359446300765;1.4461980658646889e-229
2.2949974375835204e-186;0.04091034211987044;7.913401034610833e-230
1.1456635176160427e-186;0.035253359446300765;3.496740655391237e-230
7.241905380686236e-187;0.04091034211987044;1.913369390630051e-230
3.6151616802742477e-187;0.035253359446300765;8.454716888142999e-231
2.2851961698934838e-187;0.04091034211987044;4.626307208478347e-231
1.1407707213823837e-187;0.035253359446300765;2.0442533405627304e-231
7.210977305534755e-188;0.04091034211987044;1.118587894842984e-231
3.5997223744210615e-188;0.035253359446300765;4.942769551825595e-232
2.2754367605718964e-188;0.04091034211987044;2.7046169268573225e-232
1.1358988208607879e-188;0.035253359446300765;1.1951048511300926e-232
7.1801813152121125e-189;0.04091034211987044;6.539452782179399e-233
3.5843490053602847e-189;0.035253359446300765;2.8896261300856154e-233
2.2657190308538174e-189;0.04091034211987044;1.5811644993305877e-233
1.1310477268117344e-189;0.035253359446300765;6.98678376527204e-234
7.14951684562233e-190;0.04091034211987044;3.82307397456297e-234
3.569041291495015e-190;0.035253359446300765;1.6893239881251527e-234
2.2560428027377715e-190;0.04091034211987044;9.243753335701996e-235
1.126217350376824e-190;0.035253359446300765;4.0845911834856346e-235
7.118983335078579e-191;0.04091034211987044;2.235033282113501e-235
3.5537989524309877e-191;0.035253359446300765;9.876071880518724e-236
2.2464078989824558e-191;0.04091034211987044;5.404053516726263e-236
1.1214076030771369e-191;0.035253359446300765;2.3879206365504253e-236
7.088580224292767e-192;0.04091034211987044;1.3066380105098779e-236
3.538621708971396e-192;0.035253359446300765;5.77371756245651e-237
2.2368141431035286e-192;0.04091034211987044;3.15930048661599e-237
1.1166183968116287e-192;0.035253359446300765;1.3960185267788256e-237
7.058306956365397e-193;0.04091034211987044;7.638825355185516e-238
3.5235092831118163e-193;0.035253359446300765;3.375412298970412e-238
2.227261359370362e-193;0.04091034211987044;1.8469801481126988e-238
1.1118496438555056e-193;0.035253359446300765;8.161358871310903e-239
7.028162976775319e-194;0.04091034211987044;4.465785652772733e-239
3.508461398035102e-194;0.035253359446300765;1.9733227447989773e-239
2.2177493728028044e-194;0.04091034211987044;1.079775628172798e-239
1.1071012568586235e-194;0.035253359446300765;4.771267526084781e-240
6.998147733369608e-195;0.04091034211987044;2.610773328254266e-240
3.493477778106317e-195;0.035253359446300765;1.1536376330467023e-240
2.2082780091680245e-195;0.04091034211987044;6.312549749856976e-241
1.1023731488438838e-195;0.035253359446300765;2.7893631642024045e-241
6.968260676353371e-196;0.04091034211987044;1.5263019547953062e-241
3.4785581488676552e-196;0.035253359446300765;6.744359440894101e-242
2.1988470949772587e-196;0.04091034211987044;3.690422649365671e-242
1.0976652332056398e-196;0.035253359446300765;1.6307085736175105e-242
6.938501258279766e-197;0.04091034211987044;8.92301768215817e-243
3.463702237033478e-197;0.035253359446300765;3.942865850158672e-243
2.1894564574826816e-197;0.04091034211987044;2.1574830885506576e-243
1.0929774237081181e-197;0.035253359446300765;9.533396318546549e-244
6.908868934039947e-198;0.04091034211987044;5.216546064555446e-244
3.448909770485243e-198;0.035253359446300765;2.305065625370425e-244
2.1801059246742165e-198;0.04091034211987044;1.2613008643284174e-244
1.0883096344838264e-198;0.035253359446300765;5.57338367117669e-245
6.879363160853025e-199;0.04091034211987044;3.0496804795131956e-245
3.4341804782665564e-199;0.035253359446300765;1.347580095085027e-245
2.170795325276398e-199;0.04091034211987044;7.373776780907817e-246
1.0836617800319929e-199;0.035253359446300765;3.2582937400503294e-246
6.849983398256213e-200;0.04091034211987044;1.7828944500879144e-246
3.419514090578202e-200;0.035253359446300765;7.878179660839598e-247
2.1615244887452186e-200;0.04091034211987044;4.31083380281406e-247
1.0790337752169897e-200;0.035253359446300765;1.9048532673885935e-247
6.820729108094876e-201;0.04091034211987044;1.0423100523179016e-247
3.40491033877319e-201;0.035253359446300765;4.605716201570226e-248
2.1522932452650218e-201;0.04091034211987044;2.520185873214951e-248
1.0744255352667856e-201;0.035253359446300765;1.1136092261052403e-248
6.791599754512655e-202;0.04091034211987044;6.09351969831628e-249
3.3903689553518537e-202;0.035253359446300765;2.6925790782417656e-249
2.1431014257453867e-202;0.04091034211987044;1.4733430064982172e-249
1.0698369757713774e-202;0.035253359446300765;6.510346648205768e-250
6.762594803941703e-203;0.04091034211987044;3.562374001017851e-250
3.3758896739569336e-203;0.035253359446300765;1.5741269707659206e-250
2.133948861818015e-203;0.04091034211987044;8.613410772071493e-251
1.0652680126812578e-203;0.035253359446300765;3.806058039590857e-251
6.733713725092884e-204;0.04091034211987044;2.082623697209758e-251
3.361472229368706e-204;0.035253359446300765;9.20261076124357e-252
2.124835385833682e-204;0.04091034211987044;5.03554466279859e-252
1.0607185623058732e-204;0.035253359446300765;2.225085480621302e-252
6.7049559889460425e-205;0.04091034211987044;1.2175368063376762e-252
3.3471163575001273e-205;0.035253359446300765;5.3800008764063976e-253
2.1157608308591263e-205;0.04091034211987044;2.943864018799276e-253
1.0561885413120836e-205;0.035253359446300765;1.3008223586112092e-253
6.676321068740307e-206;0.04091034211987044;7.117924744508676e-254
3.3328217953919883e-206;0.035253359446300765;3.145238908944389e-254
2.1067250306740135e-206;0.04091034211987044;1.721032369190536e-254
1.0516778667226375e-206;0.035253359446300765;7.604826077020372e-255
6.647808439964454e-207;0.04091034211987044;4.1612584034225334e-255
3.318588281208103e-207;0.035253359446300765;1.8387595135384877e-255
2.097727819767897e-207;0.04091034211987044;1.006144440397656e-255
1.047186455914663e-207;0.035253359446300765;4.4459091034900005e-256
6.61941758034729e-208;0.04091034211987044;2.4327415815141377e-256
3.3044155542305094e-208;0.035253359446300765;1.0749697070748286e-256
2.088769033337167e-208;0.04091034211987044;5.8820894543619e-257
1.042714226618142e-208;0.035253359446300765;2.5991531635710635e-257
6.591147969848098e-209;0.04091034211987044;1.422221604301309e-257
3.2903033548547074e-209;0.035253359446300765;6.284453527611104e-258
2.0798485072820447e-209;0.04091034211987044;3.4387683278795353e-258
1.0382610969144088e-209;0.035253359446300765;1.5195086112755624e-258
6.562999090647108e-210;0.04091034211987044;8.314546465237194e-259
3.276251424584878e-210;0.035253359446300765;3.673997125758482e-259
2.0709660782035803e-210;0.04091034211987044;2.0103617438287072e-259
1.0338269852346485e-210;0.035253359446300765;8.883302654501164e-260
6.534970427135981e-211;0.04091034211987044;4.8608235674039335e-260
3.262259506029168e-211;0.035253359446300765;2.147880451462685e-260
2.0621215834006453e-211;0.04091034211987044;1.1752912542212944e-260
1.0294118103584018e-211;0.035253359446300765;5.193327992081804e-261
6.507061465908434e-212;0.04091034211987044;2.8417191307085284e-261
3.248327342894981e-212;0.035253359446300765;1.255687001340028e-261
2.0533148608669582e-212;0.04091034211987044;6.870950148595534e-262
1.0250154914120795e-212;0.035253359446300765;3.036106804227191e-262
6.479271695750764e-213;0.04091034211987044;1.6613167513396767e-262
3.234454679984254e-213;0.035253359446300765;7.340957194617424e-263
2.0445457492881343e-213;0.04091034211987044;4.016872904900884e-263
1.0206379478674822e-213;0.035253359446300765;1.7749590514462253e-263
6.451600607632506e-214;0.04091034211987044;9.712336868400018e-264
3.220641263188809e-214;0.035253359446300765;4.291646921222883e-264
2.0358140880386984e-214;0.04091034211987044;2.3483313930643274e-264
1.0162790995403169e-214;0.035253359446300765;1.0376708849387147e-264
6.424047694697154e-215;0.04091034211987044;5.677995323240786e-265
3.20688683948569e-215;0.035253359446300765;2.50896889985227e-265
2.0271197171791697e-215;0.04091034211987044;1.37287398984497e-265
1.0119388665887392e-215;0.035253359446300765;6.066398346328934e-266
6.396612452252794e-216;0.04091034211987044;3.319451469567409e-266
3.1931911569325344e-216;0.035253359446300765;1.4667853753990082e-266
2.018462477453126e-216;0.04091034211987044;8.026052019572098e-267
1.0076171695118858e-216;0.035253359446300765;3.5465184029439055e-267
6.369294377762927e-217;0.04091034211987044;1.9406071036571675e-267
3.179553964662933e-217;0.035253359446300765;8.575073758830127e-268
2.0098422102842663e-217;0.04091034211987044;4.692164867086713e-268
1.0033139291484199e-217;0.035253359446300765;2.073354248164601e-268
6.342092970837259e-218;0.04091034211987044;1.1345115195359176e-268
3.1659750128818903e-218;0.035253359446300765;5.013132200706194e-269
2.001258757773543e-218;0.04091034211987044;2.7431184206424662e-269
9.990290666750727e-219;0.035253359446300765;1.2121177306774552e-269
6.315007733222456e-219;0.04091034211987044;6.632544967675655e-270
3.1524540528611664e-219;0.035253359446300765;2.9307613168782804e-270
1.99271196269624e-219;0.04091034211987044;1.60367311951252e-270
9.947625036052177e-220;0.035253359446300765;7.086243917667568e-271
6.288038168793164e-220;0.04091034211987044;3.877497230370508e-271
3.1389908369348046e-220;0.035253359446300765;1.7133723094914867e-271
1.9842016684990947e-220;0.04091034211987044;9.37534251126019e-272
9.905141617874108e-221;0.035253359446300765;4.1427372597392287e-272
6.261183783542801e-221;0.04091034211987044;2.2668500318965717e-272
3.1255851184945404e-221;0.035253359446300765;1.0016662407906746e-272
1.9757277192974555e-221;0.04091034211987044;5.480982759763502e-273
9.862839634039773e-222;0.035253359446300765;2.421913809718353e-273
6.234444085574489e-222;0.04091034211987044;1.325238617028871e-273
3.1122366519853153e-222;0.035253359446300765;5.855909147017215e-274
1.9672899598723972e-222;0.04091034211987044;3.204274614686756e-274
9.820718309695756e-223;0.035253359446300765;1.4158915069776039e-274
6.207818585092176e-223;0.04091034211987044;7.747567626232464e-275
3.098945192900735e-223;0.035253359446300765;3.423462880315443e-275
1.9588882356678884e-223;0.04091034211987044;1.8732727790534053e-275
9.778776873297856e-224;0.035253359446300765;8.277539652678416e-276
6.181306794391567e-224;0.04091034211987044;4.529358211551251e-276
3.0857104977786563e-224;0.035253359446300765;2.0014139220154253e-276
1.9505223927879696e-224;0.04091034211987044;1.0951467419984262e-276
9.737014556596868e-225;0.035253359446300765;4.839188762981069e-277
6.154908227851176e-225;0.04091034211987044;2.647938914283855e-277
3.072532324196674e-225;0.035253359446300765;1.1700602072449152e-277
1.9421922779939178e-225;0.04091034211987044;6.402411863988212e-278
9.695430594624573e-226;0.035253359446300765;2.8290710605276084e-278
6.12862240192351e-226;0.04091034211987044;1.5480295808569728e-278
3.0594104307677025e-226;0.035253359446300765;6.8403685690333935e-279
1.933897738701455e-226;0.04091034211987044;3.742957551180471e-279
9.654024225679734e-227;0.035253359446300765;1.65392247699475e-279
6.102448835126139e-227;0.04091034211987044;9.050041034863999e-280
3.0463445771355488e-227;0.035253359446300765;3.9989943996467997e-280
1.9256386229779445e-227;0.04091034211987044;2.188195874860809e-280
9.612794691314074e-228;0.035253359446300765;9.669108698168572e-281
6.076387048032909e-228;0.04091034211987044;5.290806050836668e-281
3.033334523970507e-228;0.035253359446300765;2.3378793184920864e-281
1.9174147795396065e-228;0.04091034211987044;1.279256075251971e-281
9.571741236318433e-229;0.035253359446300765;5.652723408589113e-282
6.050436563265152e-229;0.04091034211987044;3.093094115234648e-282
3.0203800329649874e-229;0.035253359446300765;1.3667635314307393e-282
1.9092260577487483e-229;0.04091034211987044;7.478745960862269e-283
9.530863108708976e-230;0.035253359446300765;3.304677083634769e-283
6.024596905482967e-230;0.04091034211987044;1.808274790981286e-283
3.00748086682914e-230;0.035253359446300765;7.990329252982583e-284
1.9010723076110165e-230;0.04091034211987044;4.3722005491431513e-284
9.490159559713334e-231;0.035253359446300765;1.9319697493967074e-284
5.998867601376471e-231;0.04091034211987044;1.0571478260532536e-284
2.99463678928651e-231;0.035253359446300765;4.671280737512456e-285
1.8929533797726353e-231;0.04091034211987044;2.5560619042238025e-285
9.449629843756942e-232;0.035253359446300765;1.1294619771075016e-285
5.973248179657167e-232;0.04091034211987044;6.180263816666158e-286
2.9818475650697132e-232;0.035253359446300765;2.730909207591136e-286
1.88486912551767e-232;0.04091034211987044;1.494316737027216e-286
9.40927321844935e-233;0.035253359446300765;6.603024494197914e-287
5.947738171049274e-233;0.04091034211987044;3.6130860701092537e-287
2.969112959916119e-233;0.035253359446300765;1.5965354084193816e-287
1.876819396765322e-233;0.04091034211987044;8.736026724821278e-288
9.369088944570683e-234;0.035253359446300765;3.8602390655624305e-288
5.922337108281164e-234;0.04091034211987044;2.1122708248819543e-288
2.9564327405635757e-234;0.035253359446300765;9.333614252907303e-289
1.8688040460671898e-234;0.04091034211987044;5.107228009010887e-289
9.329076286057987e-235;0.035253359446300765;2.256760618772236e-289
5.897044526076796e-235;0.04091034211987044;1.2348690153159237e-289
2.943806674746102e-235;0.035253359446300765;5.456587718798055e-290
1.8608229266045807e-235;0.04091034211987044;2.985771307442851e-290
9.28923450999191e-236;0.035253359446300765;1.319340176590646e-290
5.871859961147172e-236;0.04091034211987044;7.219251750411975e-291
2.931234531189688e-236;0.035253359446300765;3.1900128638446213e-291
1.852875892185833e-236;0.04091034211987044;1.745532074272032e-291
9.24956288658311e-237;0.035253359446300765;7.713084352354674e-292
5.846782952181865e-237;0.04091034211987044;4.220495873604285e-292
2.918716079608006e-237;0.035253359446300765;1.8649351198803248e-292
1.8449627972436244e-237;0.04091034211987044;1.0204673796406418e-292
9.210060689159008e-238;0.035253359446300765;4.5091987102426416e-293
5.821813039840606e-238;0.04091034211987044;2.4673728019104256e-293
2.9062510906982245e-238;0.035253359446300765;1.0902724063536698e-293
1.8370834968322976e-238;0.04091034211987044;5.965823763765162e-294
9.170727194150402e-239;0.035253359446300765;2.6361533310920742e-294
5.796949766744796e-239;0.04091034211987044;1.4424675976304767e-294
2.893839336136793e-239;0.035253359446300765;6.37391567880658e-295
1.829237846625227e-239;0.04091034211987044;3.487720812088923e-295
9.131561681078292e-240;0.035253359446300765;1.5411395308976953e-295
5.772192677469183e-240;0.04091034211987044;8.432907944039899e-296
2.8814805885752737e-240;0.035253359446300765;3.726298202520729e-296
1.8214257029121643e-240;0.04091034211987044;2.0389801886137367e-296
9.092563432540571e-241;0.035253359446300765;9.009760645112531e-297
5.747541318533495e-241;0.04091034211987044;4.930019676661659e-297
2.8691746216361547e-241;0.035253359446300765;2.1784565397183036e-297
1.8136469225965943e-241;0.04091034211987044;1.192022077899428e-297
9.053731734198976e-242;0.035253359446300765;5.267257458183207e-298
5.722995238394165e-242;0.04091034211987044;2.8821723388370627e-298
2.8569212099087215e-242;0.035253359446300765;1.273562296284056e-298
1.8059013631931366e-242;0.04091034211987044;6.968761354987562e-299
9.015065874765993e-243;0.035253359446300765;3.079327212298001e-299
5.698553987436008e-243;0.04091034211987044;1.6849663765201188e-299
2.844720128944925e-243;0.035253359446300765;7.445459172327806e-300
1.7981888828249285e-243;0.04091034211987044;4.074054979614686e-300
8.976565145991789e-244;0.035253359446300765;1.8002264282083566e-300
5.674217117964025e-244;0.04091034211987044;9.85059655089504e-301
2.8325711552552706e-244;0.035253359446300765;4.3527405332700084e-301
1.790509340221001e-244;0.04091034211987044;2.3817609947346006e-301
8.938228842651261e-245;0.035253359446300765;1.05244261794488e-301
5.649984184195215e-245;0.04091034211987044;5.758824256713386e-302
2.8204740663047178e-245;0.035253359446300765;2.544685251970575e-302
1.7828625947137407e-245;0.04091034211987044;1.392417496676904e-302
8.900056262531121e-246;0.035253359446300765;6.152756379479587e-303
5.625854742250359e-246;0.04091034211987044;3.3667054221906125e-303
2.8084286405086154e-246;0.035253359446300765;1.487665754965618e-303
1.7752485062362658e-246;0.04091034211987044;8.1403066442778e-304
8.862046706417067e-247;0.035253359446300765;3.5970047601407082e-304
5.601828350145915e-247;0.04091034211987044;1.9682325583376103e-304
2.7964346572286268e-247;0.035253359446300765;8.697143966168631e-305
1.7676669353198795e-247;0.04091034211987044;4.758960040434579e-305
8.824199478080873e-248;0.035253359446300765;2.1028694208707259e-305
5.5779045677859555e-248;0.04091034211987044;1.1506618245143525e-305
2.784491896768704e-248;0.035253359446300765;5.084496494981263e-306
1.7601177430915273e-248;0.04091034211987044;2.7821680012967495e-306
8.786513884267747e-249;0.035253359446300765;1.2293727965653838e-306
5.554082956954042e-249;0.04091034211987044;6.726962364208522e-307
2.772600140371057e-249;0.035253359446300765;2.972482082398533e-307
1.752600791271227e-249;0.04091034211987044;1.6265021604873008e-307
8.748989234683537e-250;0.035253359446300765;7.187119932103022e-308
5.530363081305252e-250;0.04091034211987044;3.932695226816717e-308
2.760759170212142e-250;0.035253359446300765;1.737762970021061e-308
1.745115942169563e-250;0.04091034211987044;9.508804920611547e-309
8.711624841982233e-251;0.035253359446300765;4.201711072731174e-309
5.50674450635815e-251;0.04091034211987044;2.299119708074456e-309
2.7489687693986814e-251;0.035253359446300765;1.0159254307564e-309
1.7376630586851418e-251;0.04091034211987044;5.5590071267509e-310
8.674420021753178e-252;0.035253359446300765;2.45639089169143e-310
5.483226799486861e-252;0.04091034211987044;1.3441040119285e-310
