# ["m", "w0", "wp"] [calculated @ 2025-10-13T19:22:51.709]
0.2387050400232219;0.37195279237817613;0.43599304596764044
0.04080215950732064;-0.018491353304445426;0.04398944407990877
0.019221771416458974;0.02625169879065324;0.019359559846716928
0.012805281482227872;0.04898084277319067;0.010231195762003634
0.0032225500116473556;0.022646015352269316;0.0022075087965755793
0.002865817153909298;0.05914893897853334;0.0014876687778638425
0.0002334393773866039;0.0076908355551705285;0.00010858425905799043
0.0005083513281559458;0.07531519598253587;0.0001716650160114689
7.556840664816026e-14;1.3825307276414584e-11;2.3323695629391704e-14
6.403718663964434e-5;0.07887513358520144;1.4697884781039861e-5
8.119706720444082e-17;1.1661639667593392e-13;1.7054908524740915e-17
7.910266770681377e-6;0.07806189401616453;1.2403813741096762e-6
3.75162950934083e-17;4.373991419373111e-13;5.384145083869074e-18
9.828020189917274e-7;0.07828593805092092;1.0518359603167701e-7
3.241335585306269e-18;3.0393527738764236e-13;3.174876577766441e-19
1.2191116660772378e-7;0.0782238914498286;8.90761119994957e-9
4.446483018922339e-19;3.361916947909947e-13;2.973437028855086e-20
1.5129128233911428e-8;0.07824106224882178;7.546314485459843e-10
5.366479829653222e-20;3.269372482229424e-13;2.4498186285898195e-21
1.877287986508074e-9;0.07823630918349345;6.392402987205052e-11
6.710521878202291e-21;3.294739455816004e-13;2.0912847718933544e-22
2.3294998340474687e-10;0.07823762479679923;5.4150900322810515e-12
8.309243771385953e-22;3.287702967429197e-13;1.767779347881352e-23
2.8906158121867685e-11;0.07823726063796808;4.587159230263257e-13
1.0316788006102201e-22;3.289640607896825e-13;1.4983785896564811e-24
3.5868994052692504e-12;0.07823736143580225;3.8858218979461505e-14
1.279979359352625e-23;3.289106428643187e-13;1.269083648777288e-25
4.450898663140047e-13;0.0782373335352901;3.29171105746176e-15
1.588370150029653e-24;3.289259885368303e-13;1.0751010509134585e-26
5.523016017573943e-14;0.07823734125805802;2.7884354379429687e-16
1.970942830592612e-25;3.2892124304644026e-13;9.107138025258479e-28
6.853380980243512e-15;0.07823733912042151;2.362106423779646e-17
2.445701503617824e-26;3.2892189356774376e-13;7.714746174678223e-29
8.5041997760098e-16;0.0782373397121122;2.0009596608735354e-18
3.0348116710322976e-27;3.2892167672730926e-13;6.535220253768967e-30
1.055266207033402e-16;0.07823733954833419;1.6950292798117888e-19
3.7658291000086433e-28;3.2892189356774376e-13;5.536042126997466e-31
1.3094550908299163e-17;0.07823733959366738;1.435873155467135e-20
4.672929024040704e-29;3.2892189356774376e-13;4.6896265294833747e-32
1.6248721156000367e-18;0.07823733958111939;1.2163398842665385e-21
5.798528045903982e-30;3.2892189356774376e-13;3.9726209576206045e-33
2.0162657053160267e-19;0.07823733958459253;1.0303714562354546e-22
7.195257477900192e-31;3.2892189356774376e-13;3.3652396786193425e-34
2.5019368326295274e-20;0.07823733958363124;8.728360810457235e-24
8.928426276701017e-32;3.2892189356774376e-13;2.8507220333802875e-35
3.1045947456266717e-21;0.07823733958389735;7.3938657730589e-25
1.1079074796725609e-32;3.2892189356774376e-13;2.4148699313484697e-36
3.852418817634297e-22;0.07823733958382366;6.263404121015173e-26
1.3747764112851368e-33;3.2892189356774376e-13;2.0456560538104775e-37
4.7803761722449723e-23;0.07823733958384399;5.305780817135011e-27
1.7059278104938962e-34;3.2892189356774376e-13;1.732891960834434e-38
5.931856693140428e-24;0.07823733958383841;4.494570290462391e-28
2.1168458163283365e-35;3.2892189356774376e-13;1.4679469416818233e-39
7.360701869499903e-25;0.07823733958383995;3.807387223887623e-29
2.62674433381195e-36;3.2892189356774376e-13;1.243509850755792e-40
9.133722342670909e-26;0.07823733958383954;3.225268832347315e-30
3.2594654471248707e-37;3.2892189356774376e-13;1.0533873568720805e-41
1.1333821870804006e-26;0.07823733958383963;2.732151585645506e-31
4.0445942394337245e-38;3.2892189356774376e-13;8.923330385710508e-43
1.4063873783309234e-27;0.07823733958383963;2.3144279360776767e-32
5.018842146674773e-39;3.2892189356774376e-13;7.559026093590557e-44
1.7451531182289699e-28;0.07823733958383963;1.960570818778788e-33
6.227763528824523e-40;3.2892189356774376e-13;6.403312778274243e-45
2.1655195808701796e-29;0.07823733958383963;1.6608155628993984e-34
7.727885722935868e-41;3.2892189356774376e-13;5.424298584069847e-46
2.6871424668404878e-30;0.07823733958383963;1.4068904359634136e-35
9.589352176001483e-42;3.2892189356774376e-13;4.594967659392061e-47
3.3344120740741777e-31;0.07823733958383963;1.1917883857915317e-36
1.1899202246542773e-42;3.2892189356774376e-13;3.8924346555822084e-48
4.1375937513296175e-32;0.07823733958383963;1.0095736812191392e-37
1.4765441033491008e-43;3.2892189356774376e-13;3.297313206766282e-49
5.13424306016385e-33;0.07823733958383963;8.552181158683059e-39
1.8322089531409016e-44;3.2892189356774376e-13;2.793180963981814e-50
6.370961816241565e-34;0.07823733958383963;7.24462255024434e-40
2.2735451249680597e-45;3.2892189356774376e-13;2.3661264212148536e-51
7.905577119816495e-35;0.07823733958383963;6.136978967315366e-41
2.8211888313311355e-46;3.2892189356774376e-13;2.0043650280324107e-52
9.809845263557995e-36;0.07823733958383963;5.1986850362550596e-42
3.500747064406458e-47;3.2892189356774376e-13;1.6979139954561921e-53
1.2172806948366733e-36;0.07823733958383963;4.4038485792635805e-43
4.343994940306064e-48;3.2892189356774376e-13;1.438316821360642e-54
1.5104950692001224e-37;0.07823733958383963;3.7305361209288625e-44
5.39036145549239e-49;3.2892189356774376e-13;1.2184099336863936e-55
1.87433791052113e-38;0.07823733958383963;3.1601676349830724e-45
6.6887731270724635e-50;3.2892189356774376e-13;1.0321250119993238e-56
2.3258219602643846e-39;0.07823733958383963;2.6770038293337693e-46
8.299941722806038e-51;3.2892189356774376e-13;8.74321532467739e-58
2.886057930367559e-40;0.07823733958383963;2.267711821023714e-47
1.0299203051625668e-51;3.2892189356774376e-13;7.406449153440697e-59
3.5812416082315517e-41;0.07823733958383963;1.9209972159399235e-48
1.2780039552224034e-52;3.2892189356774376e-13;6.27406360537352e-60
4.443878732155428e-42;0.07823733958383963;1.627292440528466e-49
1.5858451390627725e-53;3.2892189356774376e-13;5.3148105534466336e-61
5.514304910540535e-43;0.07823733958383963;1.378492725043029e-50
1.9678380452675292e-54;3.2892189356774376e-13;4.502219453885515e-62
6.842571653989038e-44;0.07823733958383963;1.1677324527971424e-51
2.441844084909135e-55;3.2892189356774376e-13;3.8138668927343354e-63
8.490786708307832e-45;0.07823733958383963;9.891957037880394e-53
3.0300270641403784e-56;3.2892189356774376e-13;3.2307578127809624e-64
1.0536018118852797e-45;0.07823733958383963;8.37955764652111e-54
3.75988953027884e-57;3.2892189356774376e-13;2.736801345828275e-65
1.3073897815873615e-46;0.07823733958383963;7.098391762366192e-55
4.665558749360895e-58;3.2892189356774376e-13;2.318366785927592e-66
1.6223093219064822e-47;0.07823733958383963;6.013105671866482e-56
5.789382445532572e-59;3.2892189356774376e-13;1.963907450675993e-67
2.0130855946794772e-48;0.07823733958383963;5.0937509553544234e-57
7.183908916639814e-60;3.2892189356774376e-13;1.6636420510473679e-68
2.497990707927178e-49;0.07823733958383963;4.3149580617831324e-58
8.914344113231155e-61;3.2892189356774376e-13;1.4092847771723816e-69
3.0996980920148306e-50;0.07823733958383963;3.65523623713396e-59
1.1061600570273942e-61;3.2892189356774376e-13;1.1938166517968475e-70
3.846342674994644e-51;0.07823733958383963;3.096380488049515e-60
1.3726080755024117e-62;3.2892189356774376e-13;1.0112918419277757e-71
4.77283642932738e-52;0.07823733958383963;2.6229692158806383e-61
1.7032371734679035e-63;3.2892189356774376e-13;8.56673583845865e-73
5.922500802959847e-53;0.07823733958383963;2.2219386583821747e-62
2.113507067937864e-64;3.2892189356774376e-13;7.256951938426988e-74
7.349092364768764e-54;0.07823733958383963;1.8822223957956822e-63
2.6226013592272484e-65;3.2892189356774376e-13;6.147423292803957e-75
9.119316380490947e-55;0.07823733958383963;1.5944459735060277e-64
3.254324527114767e-66;3.2892189356774376e-13;5.207532509730285e-76
1.1315945850152238e-55;0.07823733958383963;1.3506682143981613e-65
4.0382149923468804e-67;3.2892189356774376e-13;4.411343346348379e-77
1.4041691848472064e-56;0.07823733958383963;1.1441620824404938e-66
5.010926288556959e-68;3.2892189356774376e-13;3.7368849993756464e-78
1.7424006139512818e-57;0.07823733958383963;9.692290504355197e-68
6.217940926111626e-69;3.2892189356774376e-13;3.165545821800086e-79
2.162104062857751e-58;0.07823733958383963;8.210418494243309e-69
7.715697085567799e-70;3.2892189356774376e-13;2.6815597353384508e-80
2.6829042306321706e-59;0.07823733958383963;6.955112604221037e-70
9.57422758171288e-71;3.2892189356774376e-13;2.2715711662323672e-81
3.3291529461491883e-60;0.07823733958383963;5.891732726085909e-71
1.188043449215919e-71;3.2892189356774376e-13;1.9242664988057833e-82
4.13106782281315e-61;0.07823733958383963;4.990934941091358e-72
1.4742152567177057e-72;3.2892189356774376e-13;1.6300618767615964e-83
5.126145188499666e-62;0.07823733958383963;4.227861775860778e-73
1.829319141967056e-73;3.2892189356774376e-13;1.3808387371086918e-84
6.360913357187168e-63;0.07823733958383963;3.581456261554869e-74
2.269959226048005e-74;3.2892189356774376e-13;1.1697197787902065e-85
7.893108222610517e-64;0.07823733958383963;3.033880867786675e-75
2.8167391734499494e-75;3.2892189356774376e-13;9.908791838777272e-87
9.794372901408579e-65;0.07823733958383963;2.5700252767922822e-76
3.495225588285406e-76;3.2892189356774376e-13;8.393818543939384e-88
1.215360765699974e-65;0.07823733958383963;2.1770894149083234e-77
4.337143470065108e-77;3.2892189356774376e-13;7.110472285113094e-89
1.5081126741563997e-66;0.07823733958383963;1.8442302351289068e-78
5.38185962673618e-78;3.2892189356774376e-13;6.02333918141066e-90
1.8713816523781286e-67;0.07823733958383963;1.5622625037230503e-79
6.678223407135304e-79;3.2892189356774376e-13;5.102419844920293e-91
2.3221536088584833e-68;0.07823733958383963;1.3234053341330341e-80
8.286850822725145e-80;3.2892189356774376e-13;4.3223015489788825e-92
2.8815059591301863e-69;0.07823733958383963;1.1210674737683174e-81
1.0282958860694646e-80;3.2892189356774376e-13;3.6614569651504373e-93
3.575593173866038e-70;0.07823733958383963;9.496654186939662e-83
1.2759882516621207e-81;3.2892189356774376e-13;3.101650117589733e-94
4.43686972240608e-71;0.07823733958383963;8.044693370968032e-84
1.583343899782723e-82;3.2892189356774376e-13;2.6274331621289875e-95
5.505607594702631e-72;0.07823733958383963;6.814725497944284e-85
1.9647343160985423e-83;3.2892189356774376e-13;2.2257201037297227e-96
6.831779358716339e-73;0.07823733958383963;5.7728096610776875e-86
2.4379927401652503e-84;3.2892189356774376e-13;1.885425689052579e-97
8.47739480218141e-74;0.07823733958383963;4.890194240851634e-87
3.025248020761066e-85;3.2892189356774376e-13;1.5971595094021187e-98
1.0519400416578413e-74;0.07823733958383963;4.142523505407615e-88
3.753959327417203e-86;3.2892189356774376e-13;1.3529668728314833e-99
1.3053277298803578e-75;0.07823733958383963;3.5091655152467046e-89
4.658200099692112e-87;3.2892189356774376e-13;1.1461092947846156e-100
1.6197505702980174e-76;0.07823733958383963;2.9726427858096078e-90
5.780251269717644e-88;3.2892189356774376e-13;9.708785499253669e-102
2.0099104998108227e-77;0.07823733958383963;2.5181499970954376e-91
7.172578254695583e-89;3.2892189356774376e-13;8.224391539223353e-103
2.4940508071600895e-78;0.07823733958383963;2.1331454415383903e-92
8.900284160526628e-90;3.2892189356774376e-13;6.966949284815095e-104
3.094809161542946e-79;0.07823733958383963;1.8070049361652737e-93
1.1044153904666366e-90;3.2892189356774376e-13;5.901759674949677e-105
3.840276115816662e-80;0.07823733958383963;1.5307286487558032e-94
1.3704431596792964e-91;3.2892189356774376e-13;4.999428851416784e-106
4.76530857830318e-81;0.07823733958383963;1.2966927478871337e-95
1.700550780189903e-92;3.2892189356774376e-13;4.2350570367119574e-107
5.913159669150736e-82;0.07823733958383963;1.098439023656979e-96
2.1101735855146533e-93;3.2892189356774376e-13;3.587551425823509e-108
7.337501170873024e-83;0.07823733958383963;9.304966736788731e-98
2.618464919057876e-94;3.2892189356774376e-13;3.039044131249961e-109
9.104933139797228e-84;0.07823733958383963;7.882313365423796e-99
3.249191715507407e-95;3.2892189356774376e-13;2.5743991194676102e-110
1.1298098024059918e-84;0.07823733958383963;6.677172068234687e-100
4.031845806786853e-96;3.2892189356774376e-13;2.1807945327828096e-111
1.4019544899602573e-85;0.07823733958383963;5.656287026647078e-101
5.003022915551833e-97;3.2892189356774376e-13;1.8473688707596061e-112
1.739652451000279e-86;0.07823733958383963;4.791486964971171e-102
6.208133815882311e-98;3.2892189356774376e-13;1.5649212676155892e-113
2.158693931895801e-87;0.07823733958383963;4.0589077653468763e-103
7.703527672459282e-99;3.2892189356774376e-13;1.3256575947545362e-114
2.678672679088472e-88;0.07823733958383963;3.4383339385109456e-104
9.559126842357158e-100;3.2892189356774376e-13;1.1229753821468708e-115
3.323902113067767e-89;0.07823733958383963;2.9126407783020565e-105
1.1861696338802413e-100;3.2892189356774376e-13;9.5128162347338e-117
4.1245521871735425e-90;0.07823733958383963;2.4673218061832506e-106
1.471890083208309e-101;3.2892189356774376e-13;8.058384373735037e-118
5.118060089025013e-91;0.07823733958383963;2.090088465635037e-107
1.826433888684166e-102;3.2892189356774376e-13;6.826323258274762e-119
6.350880746843267e-92;0.07823733958383963;1.7705310200043574e-108
2.2663789829079634e-103;3.2892189356774376e-13;5.782634218633659e-120
7.880658991697764e-93;0.07823733958383963;1.4998312963012407e-109
2.8122965336935586e-104;3.2892189356774376e-13;4.898516703846224e-121
9.778924942701272e-94;0.07823733958383963;1.2705193481214026e-110
3.489712820790831e-105;3.2892189356774376e-13;4.149573531823731e-122
1.2134438647291807e-94;0.07823733958383963;1.0762673228193665e-111
4.3303028061545437e-106;3.2892189356774376e-13;3.5151376502385075e-123
1.5057340366927407e-95;0.07823733958383963;9.117148447062298e-113
5.373371207301956e-107;3.2892189356774376e-13;2.9777018301670555e-124
1.868430056928113e-96;0.07823733958383963;7.723210957294975e-114
6.667690326511355e-108;3.2892189356774376e-13;2.522435554914505e-125
2.3184910432789596e-97;0.07823733958383963;6.542395118081115e-115
8.273780569977804e-109;3.2892189356774376e-13;2.1367757725896554e-126
2.87696116738909e-98;0.07823733958383963;5.542116370738512e-116
1.026674029055565e-109;3.2892189356774376e-13;1.810080219266841e-127
3.569953648369093e-99;0.07823733958383963;4.694772069317719e-117
1.2739757273258385e-110;3.2892189356774376e-13;1.5333337462031804e-128
4.429871767462816e-100;0.07823733958383963;3.976979786858699e-118
1.5808466055271766e-111;3.2892189356774376e-13;1.2988995472243637e-129
5.4969239965143875e-101;0.07823733958383963;3.368932078396149e-119
1.961635482217961e-112;3.2892189356774376e-13;1.1003084214101042e-130
6.8210040853534284e-102;0.07823733958383963;2.85384989542815e-120
2.4341474698699563e-113;3.2892189356774376e-13;9.32080255792767e-132
8.46402401814369e-103;0.07823733958383963;2.417519568845867e-121
3.0204765150225657e-114;3.2892189356774376e-13;7.895728018925193e-133
1.0502808924208609e-103;0.07823733958383963;2.0479005833892617e-122
3.748038477837286e-115;3.2892189356774376e-13;6.688535730843865e-134
1.3032689304989524e-104;0.07823733958383963;1.7347933201832456e-123
4.650853056291312e-116;3.2892189356774376e-13;5.665913278110226e-135
1.6171958544241226e-105;0.07823733958383963;1.4695575987246863e-124
5.771134495848483e-117;3.2892189356774376e-13;4.799641441253917e-136
2.0067404127905518e-106;0.07823733958383963;1.2448742514995076e-125
7.161265463788117e-118;3.2892189356774376e-13;4.06581548884656e-137
2.490117120514632e-107;0.07823733958383963;1.0545431518923337e-126
8.886246383572561e-119;3.2892189356774376e-13;3.4441855275393017e-138
3.0899279420288745e-108;0.07823733958383963;8.933121219781751e-128
1.1026734756427509e-119;3.2892189356774376e-13;2.9175977071887323e-139
3.8342191249854037e-109;0.07823733958383963;7.56731998914564e-129
1.3682816584219413e-120;3.2892189356774376e-13;2.471520861152509e-140
4.757792600416068e-110;0.07823733958383963;6.410338604978901e-130
1.6978686239664823e-121;3.2892189356774376e-13;2.0936455194153052e-141
5.9038332684390074e-111;0.07823733958383963;5.430250219288302e-131
2.1068453607531117e-122;3.2892189356774376e-13;1.7735442293308235e-142
7.325928258932319e-112;0.07823733958383963;4.600009338223981e-132
2.6143350029975758e-123;3.2892189356774376e-13;1.5023838105464485e-143
9.090572584752799e-113;0.07823733958383963;3.8967055029226834e-133
3.2440669995139995e-124;3.2892189356774376e-13;1.2726816037983532e-144
1.128027834805784e-113;0.07823733958383963;3.300931076450906e-134
4.025486666884339e-125;3.2892189356774376e-13;1.0780989872738452e-145
1.3997432881519933e-114;0.07823733958383963;2.796245690957865e-135
4.99513200796754e-126;3.2892189356774376e-13;9.132664626344742e-147
1.7369086225287064e-115;0.07823733958383963;2.368722576482039e-136
6.198342173701387e-127;3.2892189356774376e-13;7.736354839567518e-148
2.1552891794877276e-116;0.07823733958383963;2.0065642523757237e-137
7.691377453289292e-128;3.2892189356774376e-13;6.5535294081695104e-149
2.6744478016661538e-117;0.07823733958383963;1.699776976370065e-138
9.544049920309672e-129;3.2892189356774376e-13;5.551548318864817e-150
3.31865956174706e-118;0.07823733958383963;1.4398949677175633e-139
1.1842987739784912e-129;3.2892189356774376e-13;4.702761949655928e-151
4.118046828176604e-119;0.07823733958383963;1.21974679436238e-140
1.4695685770275707e-130;3.2892189356774376e-13;3.983748079788656e-152
5.1099877415952716e-120;0.07823733958383963;1.0332574776031378e-141
1.8235531861034097e-131;3.2892189356774376e-13;3.3746655546494176e-153
6.340863960212853e-121;0.07823733958383963;8.75280853335544e-143
2.262804386627482e-132;3.2892189356774376e-13;2.8587067700178042e-154
7.868229396060014e-122;0.07823733958383963;7.414575638910149e-144
2.8078609009927787e-133;3.2892189356774376e-13;2.421633867002445e-155
9.763501348946253e-123;0.07823733958383963;6.280947617626522e-145
3.48420874818726e-134;3.2892189356774376e-13;2.0513858389808543e-156
1.2115299871481821e-123;0.07823733958383963;5.320642056484147e-146
4.3234729315303204e-135;3.2892189356774376e-13;1.737745708677324e-157
1.5033591508825761e-124;0.07823733958383963;4.5071593677652034e-147
5.364896176040132e-136;3.2892189356774376e-13;1.4720585911457318e-158
1.865483116816948e-125;0.07823733958383963;3.8180515341521306e-148
6.657173858956593e-137;3.2892189356774376e-13;1.2469928626181602e-159
2.3148342544002537e-126;0.07823733958383963;3.2343026567239966e-149
8.260730931998451e-138;3.2892189356774376e-13;1.0563378446848051e-160
2.872423543820569e-127;0.07823733958383963;2.7398042121018314e-150
1.025054730079882e-138;3.2892189356774376e-13;8.948324209093892e-162
3.5643230176894054e-128;0.07823733958383963;2.3209105384881468e-151
1.2719663771991959e-139;3.2892189356774376e-13;7.580198565634846e-163
4.4228848498897116e-129;0.07823733958383963;1.966062284258272e-152
1.5783532500739407e-140;3.2892189356774376e-13;6.4212481523700995e-164
5.488254094339931e-130;0.07823733958383963;1.665467428184797e-153
1.9585415359047937e-141;3.2892189356774376e-13;5.4394917860391365e-165
6.810245807052859e-131;0.07823733958383963;1.4108310690629698e-154
2.4303082644424564e-142;3.2892189356774376e-13;4.607837944943186e-166
8.450674322880294e-132;0.07823733958383963;1.1951265282940769e-155
3.015712535036289e-143;3.2892189356774376e-13;3.903337179651995e-167
1.0486243600404294e-132;0.07823733958383963;1.0124014490132427e-156
3.742126966786821e-144;3.2892189356774376e-13;3.30654882400415e-168
1.3012133783134756e-133;0.07823733958383963;8.576135410759703e-158
4.64351760085271e-145;3.2892189356774376e-13;2.801004530819958e-169
1.6146451679195124e-134;0.07823733958383963;7.264914392939038e-159
5.762032101209894e-146;3.2892189356774376e-13;2.372753828619735e-170
2.00357532572014e-135;0.07823733958383963;6.154168353092447e-160
7.14997051573068e-147;3.2892189356774376e-13;2.0099791590060443e-171
2.486189638189706e-136;0.07823733958383963;5.213246305423105e-161
8.872230747392674e-148;3.2892189356774376e-13;1.7026697716841442e-172
3.0850544213106556e-137;0.07823733958383963;4.4161835493744383e-162
1.100934308215614e-148;3.2892189356774376e-13;1.4423454782688204e-173
3.828171687409392e-138;0.07823733958383963;3.74098517491446e-163
1.366123566344785e-149;3.2892189356774376e-13;1.221822641876578e-174
4.750288476939363e-139;0.07823733958383963;3.169019114006756e-164
1.6951906981148283e-150;3.2892189356774376e-13;1.0350159449968e-175
5.894521577587161e-140;0.07823733958383963;2.6845019895513974e-165
2.1035223853606896e-151;3.2892189356774376e-13;8.767704654353841e-177
7.314373600111825e-141;0.07823733958383963;2.2740635738210447e-166
2.6102116007563264e-152;3.2892189356774376e-13;7.427194264742995e-178
9.07623467957721e-142;0.07823733958383963;1.9263778376427743e-167
3.2389503663659054e-153;3.2892189356774376e-13;6.291636958692316e-179
1.1262486777746836e-142;0.07823733958383963;1.6318504091448407e-168
4.0191375567950335e-154;3.2892189356774376e-13;5.329697084657163e-180
1.397535573913026e-143;0.07823733958383963;1.382353817506905e-169
4.987253546143254e-155;3.2892189356774376e-13;4.514829956130687e-181
1.7341691217000893e-144;0.07823733958383963;1.1710032157771781e-170
6.1885659751722e-156;3.2892189356774376e-13;3.824549352242641e-182
2.1518897971503212e-145;0.07823733958383963;9.91966393837983e-172
7.679246397784598e-157;3.2892189356774376e-13;3.2398070115303783e-183
2.6702295878385944e-146;0.07823733958383963;8.403028388362434e-173
9.528996778005053e-158;3.2892189356774376e-13;2.744466996041392e-184
3.3134252791248337e-147;0.07823733958383963;7.11827401958918e-174
1.1824308648492708e-158;3.2892189356774376e-13;2.3248604208688787e-185
4.111551729613707e-148;0.07823733958383963;6.029948094443224e-175
1.467250732391268e-159;3.2892189356774376e-13;1.9694082619024886e-186
5.1019281260975065e-149;0.07823733958383963;5.1080183091599976e-176
1.8206770270472766e-160;3.2892189356774376e-13;1.6683018331914433e-187
6.330862972338279e-150;0.07823733958383963;4.327044053788486e-177
2.2592354283001643e-161;3.2892189356774376e-13;1.4132321167076199e-188
7.855819404727889e-151;0.07823733958383963;3.665474379731677e-178
2.8034322642958656e-162;3.2892189356774376e-13;1.1971604753758686e-189
9.748102081714403e-152;0.07823733958383963;3.105053302312894e-179
3.478713356760836e-163;3.2892189356774376e-13;1.0141244222081904e-190
1.209619128188399e-152;0.07823733958383963;2.630316027719717e-180
4.3166538291752586e-164;3.2892189356774376e-13;8.590730857500116e-192
1.5009880108086967e-153;0.07823733958383963;2.2281622027311784e-181
5.356434511834512e-165;3.2892189356774376e-13;7.277278315150757e-193
1.8625408247020955e-154;0.07823733958383963;1.887494411074201e-182
6.646673978268402e-166;3.2892189356774376e-13;6.164641932639281e-194
2.311183233111176e-155;0.07823733958383963;1.5989119407327871e-183
8.24770187627287e-167;3.2892189356774376e-13;5.222118560250139e-195
2.8678930771187766e-156;0.07823733958383963;1.3544513717330337e-184
1.023437985107808e-167;3.2892189356774376e-13;4.423699308944874e-196
3.558701267797818e-157;0.07823733958383963;1.1473668259358434e-185
1.2699601962757398e-168;3.2892189356774376e-13;3.747351836267385e-197
4.415908952278308e-158;0.07823733958383963;9.71943814840454e-187
1.5758638272106208e-169;3.2892189356774376e-13;3.174412364868881e-198
5.479597866577542e-159;0.07823733958383963;8.233415485375369e-188
1.9554524694502407e-170;3.2892189356774376e-13;2.6890706564318047e-199
6.799504497009558e-160;0.07823733958383963;6.974593543346579e-189
2.4264751143170775e-171;3.2892189356774376e-13;2.277933728871808e-200
8.437345683129434e-161;0.07823733958383963;5.908235188822628e-190
3.010956068932417e-172;3.2892189356774376e-13;1.929656277614223e-201
1.0469704403891749e-161;0.07823733958383963;5.004914312138203e-191
3.736224779536833e-173;3.2892189356774376e-13;1.6346276024369502e-202
1.299161068202365e-162;0.07823733958383963;4.239703815317737e-192
4.636193715099474e-174;3.2892189356774376e-13;1.38470640064062e-203
1.6120985044289512e-163;0.07823733958383963;3.5914877499551903e-193
5.752944063122558e-175;3.2892189356774376e-13;1.172996108175691e-204
2.0004152307135253e-164;0.07823733958383963;3.0423786235906005e-194
7.13869338238104e-176;3.2892189356774376e-13;9.936545892752152e-206
2.4822683503996747e-165;0.07823733958383963;2.5772237951797365e-195
8.85823721706592e-177;3.2892189356774376e-13;8.4173292298751e-207
3.080188587245534e-166;0.07823733958383963;2.1831873386625616e-196
1.0991978838519549e-177;3.2892189356774376e-13;7.1303883793048805e-208
3.82213378802095e-167;0.07823733958383963;1.849395836174996e-197
1.3639688780707724e-178;3.2892189356774376e-13;6.040210267560191e-209
4.742796189175955e-168;0.07823733958383963;1.5666383265838693e-198
1.6925169959626757e-179;3.2892189356774376e-13;5.1167114798726125e-210
5.8852245733944e-169;0.07823733958383963;1.3271121294388339e-199
2.100204651057939e-180;3.2892189356774376e-13;4.334408109742067e-211
7.302837165622174e-170;0.07823733958383963;1.1242075303647869e-200
2.6060947020603387e-181;3.2892189356774376e-13;3.6717125317109987e-212
9.061919388546396e-171;0.07823733958383963;9.523253862982226e-202
3.2338418033146216e-182;3.2892189356774376e-13;3.110337691834434e-213
1.124472326879782e-171;0.07823733958383963;8.067226173923403e-203
4.012798460699616e-183;3.2892189356774376e-13;2.634792477268867e-214
1.395331341742665e-172;0.07823733958383963;6.833813219471897e-204
4.979387510449172e-184;3.2892189356774376e-13;2.2319542397270157e-215
1.731433941688751e-173;0.07823733958383963;5.788979025973716e-205
6.178805195936587e-185;3.2892189356774376e-13;1.8907066766029208e-216
2.1484957764137535e-174;0.07823733958383963;4.9038914419954546e-206
7.66713447571971e-186;3.2892189356774376e-13;1.6016330771136607e-217
2.6660180270957894e-175;0.07823733958383963;4.1541265164337556e-207
9.513967377937238e-187;3.2892189356774376e-13;1.356756468599131e-218
3.308199252159455e-176;0.07823733958383963;3.518994520709872e-208
1.180565901838539e-187;3.2892189356774376e-13;1.1493194923289837e-219
4.105066875301802e-177;0.07823733958383963;2.9809690166627333e-209
1.4649365435243102e-188;3.2892189356774376e-13;9.735979344997988e-221
5.093881222450581e-178;0.07823733958383963;2.525203215295322e-210
1.8178054043496002e-189;3.2892189356774376e-13;8.247427668188796e-222
6.320877758301304e-179;0.07823733958383963;2.139120280316309e-211
2.255672099033671e-190;3.2892189356774376e-13;6.986463377919168e-223
7.843428986780966e-180;0.07823733958383963;1.8120662709220363e-212
2.7990106125685345e-191;3.2892189356774376e-13;5.918290222692549e-224
9.732727102637217e-181;0.07823733958383963;1.5350161467908437e-213
3.4732266328193523e-192;3.2892189356774376e-13;5.013432013501846e-225
1.2077112830887714e-181;0.07823733958383963;1.3003247225112072e-214
4.3098454820990025e-193;3.2892189356774376e-13;4.246919229751828e-226
1.498620610563208e-182;0.07823733958383963;1.1015156990425021e-215
5.347986193602157e-194;3.2892189356774376e-13;3.597599986488612e-227
1.8596031732525946e-183;0.07823733958383963;9.331029505413679e-217
6.636190658285472e-195;3.2892189356774376e-13;3.0475563491089024e-228
2.307537970314916e-184;0.07823733958383963;7.904391349717929e-218
8.234693370338115e-196;3.2892189356774376e-13;2.5816098887800524e-229
2.8633697559956794e-185;0.07823733958383963;6.695874509157485e-219
1.0218237901110857e-196;3.2892189356774376e-13;2.1869028343957285e-230
3.5530883846872695e-186;0.07823733958383963;5.6721300171941605e-220
1.2679571795569039e-197;3.2892189356774376e-13;1.852543262974592e-231
4.408944057247569e-187;0.07823733958383963;4.804907691736778e-221
1.5733783307346128e-198;3.2892189356774376e-13;1.5693045375474284e-232
5.47095529165948e-188;0.07823733958383963;4.0702765726678124e-222
1.9523682751576241e-199;3.2892189356774376e-13;1.3293706985350588e-233
6.788780128460644e-189;0.07823733958383963;3.447964548101466e-223
2.4226480099431995e-200;3.2892189356774376e-13;1.1261207827038355e-234
8.424038065681675e-190;0.07823733958383963;2.9207989463901135e-224
3.0062071048598092e-201;3.2892189356774376e-13;9.53946117990242e-236
1.0453191293462186e-190;0.07823733958383963;2.474232657041387e-225
3.7303319013815313e-202;3.2892189356774376e-13;8.080955524537033e-237
1.2971119950521176e-191;0.07823733958383963;2.095942703874299e-226
4.628881380783525e-203;3.2892189356774376e-13;6.845443464576661e-238
1.6095558576072202e-192;0.07823733958383963;1.7754901930592447e-227
5.743870358942878e-204;3.2892189356774376e-13;5.798831101647458e-239
1.9972601198970662e-193;0.07823733958383963;1.5040322523237305e-228
7.127434035641262e-205;3.2892189356774376e-13;4.912237215812494e-240
2.4783532473743434e-194;0.07823733958383963;1.2740780122993981e-229
8.844265757726297e-206;3.2892189356774376e-13;4.161196289638077e-241
3.0753304277098916e-195;0.07823733958383963;1.0792818963269057e-230
1.0974641982253338e-206;3.2892189356774376e-13;3.5249833833673407e-242
3.8161054117761736e-196;0.07823733958383963;9.142685145603724e-232
1.3618175882313256e-207;3.2892189356774376e-13;2.9860422311624683e-243
4.7353157184581973e-197;0.07823733958383963;7.744843303322185e-233
1.6898475108482822e-208;3.2892189356774376e-13;2.5295007767577194e-244
5.875942232696499e-198;0.07823733958383963;6.560720055186106e-234
2.0968921495784605e-209;3.2892189356774376e-13;2.1427607797519344e-245
7.291318926719434e-199;0.07823733958383963;5.5576395747164676e-235
2.601984296652043e-210;3.2892189356774376e-13;1.8151501677450964e-246
9.047626675992716e-200;0.07823733958383963;4.707921902267238e-236
3.2287412976317633e-211;3.2892189356774376e-13;1.537628540992092e-247
1.1226987776951592e-200;0.07823733958383963;3.988119117814221e-237
4.0064693628037386e-212;3.2892189356774376e-13;1.3025377029882724e-248
1.3931305861488894e-201;0.07823733958383963;3.378368296682169e-238
4.971533881286427e-213;3.2892189356774376e-13;1.103390332889696e-249
1.7287030756797776e-202;0.07823733958383963;2.861843393053548e-239
6.169059811674798e-214;3.2892189356774376e-13;9.346909681933379e-251
2.1451071088215524e-203;0.07823733958383963;2.4242909260093525e-240
7.655041656916834e-215;3.2892189356774376e-13;7.917843577024854e-252
2.6618131089442984e-204;0.07823733958383963;2.0536366553798077e-241
9.498961682659262e-216;3.2892189356774376e-13;6.707270000844395e-253
3.3029814678298757e-205;0.07823733958383963;1.7396523936431563e-242
1.1787038802995912e-216;3.2892189356774376e-13;5.681783231329159e-254
4.0985922490833703e-206;0.07823733958383963;1.4736737595622314e-243
1.462626004660716e-217;3.2892189356774376e-13;4.813085008319194e-255
5.085847010604994e-207;0.07823733958383963;1.2483610849833657e-244
1.814938310855501e-218;3.2892189356774376e-13;4.077203644372007e-256
6.310908293222999e-208;0.07823733958383963;1.0574968770318486e-245
2.2521143899496934e-219;3.2892189356774376e-13;3.4538325271519685e-257
7.83105811134754e-209;0.07823733958383963;8.958142466824947e-247
2.7945959347938906e-220;3.2892189356774376e-13;2.9257697593984994e-258
9.717376373406784e-210;0.07823733958383963;7.588515691996286e-248
3.467748562692235e-221;3.2892189356774376e-13;2.4784434733636124e-259
1.2058064470957653e-210;0.07823733958383963;6.428293658080665e-249
4.303047873338073e-222;3.2892189356774376e-13;2.099509720792778e-260
1.496256944247562e-211;0.07823733958383963;5.445460091504324e-250
5.33955120029347e-223;3.2892189356774376e-13;1.7785118422415094e-261
1.8566701551490788e-212;0.07823733958383963;4.612893745277335e-251
6.62572387288787e-224;3.2892189356774376e-13;1.506591916039757e-262
2.3038984569290314e-213;0.07823733958383963;3.9076199894324164e-252
8.221705381782545e-225;3.2892189356774376e-13;1.276246324351503e-263
2.8588535691810986e-214;0.07823733958383963;3.3101768271694225e-253
1.0202121410678344e-225;3.2892189356774376e-13;1.0811186911862741e-264
3.54748435437286e-215;0.07823733958383963;2.8040778419502845e-254
1.2659573220520263e-226;3.2892189356774376e-13;9.158244784965261e-266
4.4019901474439695e-216;0.07823733958383963;2.3753572555941594e-255
1.5708967544531273e-227;3.2892189356774376e-13;7.758024000982893e-267
5.462326348052193e-217;0.07823733958383963;2.012184543271984e-256
1.949288945342467e-228;3.2892189356774376e-13;6.571885531890696e-268
6.77807267468559e-218;0.07823733958383963;1.7045379707188115e-257
2.4188269417853224e-229;3.2892189356774376e-13;5.567097941280193e-269
8.410751437380158e-219;0.07823733958383963;1.443928044938514e-258
3.0014656309860896e-230;3.2892189356774376e-13;4.715934161879689e-270
1.0436704227971965e-219;0.07823733958383963;1.2231632470356383e-259
3.724448317638373e-231;3.2892189356774376e-13;3.9949063684102666e-271
1.2950661537573221e-220;0.07823733958383963;1.0361515825828243e-260
4.621580579685671e-232;3.2892189356774376e-13;3.3841178321293225e-272
1.6070172211191382e-221;0.07823733958383963;8.777324733152399e-262
5.734810966063088e-233;3.2892189356774376e-13;2.86671387151758e-273
1.9941099854095966e-222;0.07823733958383963;7.435343512111134e-263
7.116192447457953e-234;3.2892189356774376e-13;2.428416748119091e-274
2.474444319358954e-223;0.07823733958383963;6.2985402527357155e-264
8.830316334562932e-235;3.2892189356774376e-13;2.0571316730062948e-275
3.0704799305992743e-224;0.07823733958383963;5.335544921456906e-265
1.095733247016146e-235;3.2892189356774376e-13;1.7426130516367788e-276
3.810086543654936e-225;0.07823733958383963;4.519783706473846e-266
1.3596696914663544e-236;3.2892189356774376e-13;1.476181757143922e-277
4.727847046147971e-226;0.07823733958383963;3.828745714641715e-267
1.687182236120438e-237;3.2892189356774376e-13;1.2504856302308484e-278
5.866674532365804e-227;0.07823733958383963;3.2433617844124365e-268
2.093584872668906e-238;3.2892189356774376e-13;1.0592965966733476e-279
7.279818854705044e-228;0.07823733958383963;2.7474782732003444e-269
2.5978803742900465e-239;3.2892189356774376e-13;8.973388038986015e-281
9.033356506304776e-229;0.07823733958383963;2.3274112983591965e-270
3.223648836609038e-240;3.2892189356774376e-13;7.601430340764858e-282
1.1209280258018859e-229;0.07823733958383963;1.9715691310709928e-271
4.00015024733798e-241;3.2892189356774376e-13;6.439233762594508e-283
1.3909333016483518e-230;0.07823733958383963;1.670132323123285e-272
4.9636926390871225e-242;3.2892189356774376e-13;5.454727543443474e-284
1.7259765168690023e-231;0.07823733958383963;1.414782739688139e-273
6.159329798105462e-243;3.2892189356774376e-13;4.620744279551103e-285
2.1417237859306e-232;0.07823733958383963;1.1984740207747744e-274
7.642967911245797e-244;3.2892189356774376e-13;3.914270241172401e-286
2.6576148229072554e-233;0.07823733958383963;1.0152371372502491e-275
9.483979654783339e-245;3.2892189356774376e-13;3.315810309766e-287
3.297771913135596e-234;0.07823733958383963;8.600156757555454e-277
1.1768447955930662e-245;3.2892189356774376e-13;2.8088500110961784e-288
4.092127834826396e-235;0.07823733958383963;7.285263072118626e-278
1.4603191100436047e-246;3.2892189356774376e-13;2.3793997990770954e-289
5.077825470542923e-236;0.07823733958383963;6.171405885520345e-279
1.81207573942141e-247;3.2892189356774376e-13;2.015609014893131e-290
6.300954552263712e-237;0.07823733958383963;5.227848360012534e-280
2.2485622921839366e-248;3.2892189356774376e-13;1.7074388686147905e-291
7.818706747604668e-238;0.07823733958383963;4.428553069149062e-281
2.790188219972445e-249;3.2892189356774376e-13;1.4463854192531144e-292
9.7020498557756e-239;0.07823733958383963;3.751463496202585e-282
3.4622791327304574e-250;3.2892189356774376e-13;1.2252449088998589e-293
1.203904615463331e-239;0.07823733958383963;3.1778953856015847e-283
4.296260985955688e-251;3.2892189356774376e-13;1.037914975359906e-294
1.4938970059725009e-240;0.07823733958383963;2.692021151758653e-284
5.331129510892018e-252;3.2892189356774376e-13;8.79226257747626e-296
1.8537417630837006e-241;0.07823733958383963;2.28043311757543e-285
6.61527359599677e-253;3.2892189356774376e-13;7.447997482113956e-297
2.300264683885392e-242;0.07823733958383963;1.9317735302107372e-286
8.208737878245566e-254;3.2892189356774376e-13;6.309259534136747e-298
2.8543445054225974e-243;0.07823733958383963;1.6364211444142156e-287
1.0186030339625022e-254;3.2892189356774376e-13;5.344625312332572e-299
3.541889162891703e-244;0.07823733958383963;1.3862257247068686e-288
1.2639606187783046e-255;3.2892189356774376e-13;4.5274757797920167e-300
4.395047205541278e-245;0.07823733958383963;1.1742831400085333e-289
1.568419092183113e-256;3.2892189356774376e-13;3.835261732811218e-301
5.453711014255938e-246;0.07823733958383963;9.947448444587874e-291
1.94621447233236e-257;3.2892189356774376e-13;3.248881556654477e-302
6.76738210900591e-247;0.07823733958383963;8.426564870633713e-292
2.415011900322946e-258;3.2892189356774376e-13;2.7521541173756395e-303
8.397485765120167e-248;0.07823733958383963;7.138211966067656e-293
2.9967316354974877e-259;3.2892189356774376e-13;2.331372244172341e-304
1.0420243166342278e-248;0.07823733958383963;6.046837691843388e-294
3.718574013647951e-260;3.2892189356774376e-13;1.9749244806392215e-305
1.2930235392206003e-249;0.07823733958383963;5.122325625144008e-295
4.61429129361537e-261;3.2892189356774376e-13;1.672974667163353e-306
1.6044825886394786e-250;0.07823733958383963;4.339163898081773e-296
5.725765861910954e-262;3.2892189356774376e-13;1.41719051255288e-307
1.9909648194022798e-251;0.07823733958383963;3.6757411988791485e-297
7.104968589821688e-263;3.2892189356774376e-13;1.200513664845462e-308
2.4705415566140727e-252;0.07823733958383963;3.1137504087159277e-298
8.816388912819624e-264;3.2892189356774376e-13;1.016964936411053e-309
3.0656370838282685e-253;0.07823733958383963;2.637683417628813e-299
1.0940050259115827e-264;3.2892189356774376e-13;8.614793085447e-311
3.804077168660712e-254;0.07823733958383963;2.234403178931469e-300
1.3575251824241895e-265;3.2892189356774376e-13;7.297661625087e-312
4.72039015363645e-255;0.07823733958383963;1.892781193016404e-301
1.6845211651383824e-266;3.2892189356774376e-13;6.1819088011e-313
5.857421449311112e-256;0.07823733958383963;1.6033904169210314e-302
2.0902828120889323e-267;3.2892189356774376e-13;5.2367454654e-314
7.26833692092568e-257;0.07823733958383963;1.3582451255114088e-303
2.593782924749108e-268;3.2892189356774376e-13;4.43608988e-315
9.019108843927314e-258;0.07823733958383963;1.1505805457650808e-304
3.218564407558174e-269;3.2892189356774376e-13;3.757848e-316
1.11916006678799e-258;0.07823733958383963;9.746661831711835e-306
3.99384109855774e-270;3.2892189356774376e-13;3.183304e-317
1.3887394827663458e-259;0.07823733958383963;8.256476889984235e-307
4.955863764314189e-271;3.2892189356774376e-13;2.6966e-318
1.723254258462996e-260;0.07823733958383963;6.994129047654769e-308
6.149615130985498e-272;3.2892189356774376e-13;2.2843e-319
2.1383457993110766e-261;0.07823733958383963;5.92478387417149e-309
7.630913208623906e-273;3.2892189356774376e-13;1.9353e-320
2.6534231585242945e-262;0.07823733958383963;5.0189328387375e-310
9.469021256980525e-274;3.2892189356774376e-13;1.64e-321
3.2925705750965905e-263;0.07823733958383963;4.2515790237634e-311
1.1749886430869016e-274;3.2892189356774376e-13;1.4e-322
4.08567361642428e-264;0.07823733958383963;3.601547336077e-312
1.4580158539251617e-275;3.2892189356774376e-13;1.0e-323
5.069816582278036e-265;0.07823733958383963;3.0509001812e-313
1.8092176829149937e-276;3.2892189356774376e-13;0.0
6.291016510622863e-266;0.07823733958383963;2.584442476e-314
2.2450157968860557e-277;3.2892189356774376e-13;0.0
7.806374864777906e-267;0.07823733958383963;2.18930234e-315
2.785787457122011e-278;3.2892189356774376e-13;0.0
9.686747511556401e-268;0.07823733958383963;1.8545759e-316
3.4568183293064825e-279;3.2892189356774376e-13;0.0
1.2020057834529005e-268;0.07823733958383963;1.5710265e-317
4.2894848030417678e-280;3.2892189356774376e-13;0.0
1.4915407898580403e-269;0.07823733958383963;1.33083e-318
5.322721104414448e-281;3.2892189356774376e-13;0.0
1.8508179897601288e-270;0.07823733958383963;1.12736e-319
6.604839801574442e-282;3.2892189356774376e-13;0.0
2.296636642130152e-271;0.07823733958383963;9.55e-321
8.195790827417576e-283;3.2892189356774376e-13;0.0
2.849842553485475e-272;0.07823733958383963;8.1e-322
1.0169964647858689e-283;3.2892189356774376e-13;0.0
3.5363027963029275e-273;0.07823733958383963;7.0e-323
1.2619670647607896e-284;3.2892189356774376e-13;0.0
4.3881152142405966e-274;0.07823733958383963;5.0e-324
1.5659453377512776e-285;3.2892189356774376e-13;0.0
5.445109268804909e-275;0.07823733958383963;0.0
1.943144848467007e-286;3.2892189356774376e-13;0.0
6.756708404785178e-276;0.07823733958383963;0.0
2.4112028760505766e-287;3.2892189356774376e-13;0.0
8.384241015849183e-277;0.07823733958383963;0.0
2.9920051065988717e-288;3.2892189356774376e-13;0.0
1.0403808067559005e-277;0.07823733958383963;0.0
3.71270897477394e-289;3.2892189356774376e-13;0.0
1.2909841463526087e-278;0.07823733958383963;0.0
4.607013504410772e-290;3.2892189356774376e-13;0.0
1.6019519538529963e-279;0.07823733958383963;0.0
5.716735023949866e-291;3.2892189356774376e-13;0.0
1.9878246140386836e-280;0.07823733958383963;0.0
7.093762434767366e-292;3.2892189356774376e-13;0.0
2.466644949415662e-281;0.07823733958383963;0.0
8.802483457795115e-293;3.2892189356774376e-13;0.0
3.0608018753305298e-282;0.07823733958383963;0.0
1.0922795306056456e-293;3.2892189356774376e-13;0.0
3.798077271820672e-283;0.07823733958383963;0.0
1.3553840557616165e-294;3.2892189356774376e-13;0.0
4.7129450223441954e-284;0.07823733958383963;0.0
1.6818642912718494e-295;3.2892189356774376e-13;0.0
5.848182960477595e-285;0.07823733958383963;0.0
2.086985959611184e-296;3.2892189356774376e-13;0.0
7.256873096773145e-286;0.07823733958383963;0.0
2.589691937820097e-297;3.2892189356774376e-13;0.0
9.004883653361132e-287;0.07823733958383963;0.0
3.213487997810899e-298;3.2892189356774376e-13;0.0
1.1173948962484596e-287;0.07823733958383963;0.0
3.9875419007432877e-299;3.2892189356774376e-13;0.0
1.3865491240367861e-288;0.07823733958383963;0.0
4.948047237461334e-300;3.2892189356774376e-13;0.0
1.7205362936790224e-289;0.07823733958383963;0.0
6.139915786109992e-301;3.2892189356774376e-13;0.0
2.1349731405464508e-290;0.07823733958383963;0.0
7.618877519015864e-302;3.2892189356774376e-13;0.0
2.6492381053515363e-291;0.07823733958383963;0.0
9.454086451980755e-303;3.2892189356774376e-13;0.0
3.287377440753289e-292;0.07823733958383963;0.0
1.1731354181563394e-303;3.2892189356774376e-13;0.0
4.079229577795783e-293;0.07823733958383963;0.0
1.455716230566634e-304;3.2892189356774376e-13;0.0
5.061820325855547e-294;0.07823733958383963;0.0
1.8063641342151726e-305;3.2892189356774376e-13;0.0
6.281094143539033e-295;0.07823733958383963;0.0
2.241474895219674e-306;3.2892189356774376e-13;0.0
7.794062432141398e-296;0.07823733958383963;0.0
2.781393635277736e-307;3.2892189356774376e-13;0.0
9.671469302622192e-297;0.07823733958383963;0.0
3.45136613881429e-308;3.2892189356774376e-13;0.0
1.2001099463333945e-297;0.07823733958383963;0.0
4.28271930771295e-309;3.2892189356774376e-13;0.0
1.4891882900334992e-298;0.07823733958383963;0.0
5.31432595991064e-310;3.2892189356774376e-13;0.0
1.8478988278935758e-299;0.07823733958383963;0.0
6.5944224636243e-311;3.2892189356774376e-13;0.0
2.293014322623788e-300;0.07823733958383963;0.0
8.18286419704e-312;3.2892189356774376e-13;0.0
2.8453477021527964e-301;0.07823733958383963;0.0
1.015392429535e-312;3.2892189356774376e-13;0.0
3.530725240687697e-302;0.07823733958383963;0.0
1.259976655e-313;3.2892189356774376e-13;0.0
4.381194156270375e-303;0.07823733958383963;0.0
1.563475485e-314;3.2892189356774376e-13;0.0
5.436521090267285e-304;0.07823733958383963;0.0
1.940080066e-315;3.2892189356774376e-13;0.0
6.746051535429149e-305;0.07823733958383963;0.0
2.4073999e-316;3.2892189356774376e-13;0.0
8.371017156567048e-306;0.07823733958383963;0.0
2.987286e-317;3.2892189356774376e-13;0.0
1.0387398890673026e-306;0.07823733958383963;0.0
3.70685e-318;3.2892189356774376e-13;0.0
1.2889479700720654e-307;0.07823733958383963;0.0
4.59975e-319;3.2892189356774376e-13;0.0
1.5994253104544544e-308;0.07823733958383963;0.0
5.708e-320;3.2892189356774376e-13;0.0
1.98468936149479e-309;0.07823733958383963;0.0
7.085e-321;3.2892189356774376e-13;0.0
2.46275448805513e-310;0.07823733958383963;0.0
8.8e-322;3.2892189356774376e-13;0.0
3.055974293059e-311;0.07823733958383963;0.0
1.1e-322;3.2892189356774376e-13;0.0
3.79208683818e-312;0.07823733958383963;0.0
1.5e-323;3.2892189356774376e-13;0.0
4.70551163373e-313;0.07823733958383963;0.0
0.0;3.2892189356774376e-13;0.0
5.8389590426e-314;0.07823733958383963;0.0
0.0;3.2892189356774376e-13;0.0
7.24542735e-315;0.07823733958383963;0.0
0.0;3.2892189356774376e-13;0.0
8.9906809e-316;0.07823733958383963;0.0
0.0;3.2892189356774376e-13;0.0
1.1156325e-316;0.07823733958383963;0.0
0.0;3.2892189356774376e-13;0.0
1.384362e-317;0.07823733958383963;0.0
0.0;3.2892189356774376e-13;0.0
1.71782e-318;0.07823733958383963;0.0
0.0;3.2892189356774376e-13;0.0
2.1316e-319;0.07823733958383963;0.0
0.0;3.2892189356774376e-13;0.0
2.645e-320;0.07823733958383963;0.0
0.0;3.2892189356774376e-13;0.0
3.286e-321;0.07823733958383963;0.0
0.0;3.2892189356774376e-13;0.0
4.1e-322;0.07823733958383963;0.0
0.0;3.2892189356774376e-13;0.0
5.0e-323;0.07823733958383963;0.0
0.0;3.2892189356774376e-13;0.0
5.0e-324;0.07823733958383963;0.0
0.0;3.2892189356774376e-13;0.0
0.0;0.07823733958383963;0.0
0.0;3.2892189356774376e-13;0.0
0.0;0.07823733958383963;0.0
0.0;3.2892189356774376e-13;0.0
0.0;0.07823733958383963;0.0
0.0;3.2892189356774376e-13;0.0
0.0;0.07823733958383963;0.0
0.0;3.2892189356774376e-13;0.0
0.0;0.07823733958383963;0.0
0.0;3.2892189356774376e-13;0.0
0.0;0.07823733958383963;0.0
0.0;3.2892189356774376e-13;0.0
0.0;0.07823733958383963;0.0
0.0;3.2892189356774376e-13;0.0
0.0;0.07823733958383963;0.0
0.0;3.2892189356774376e-13;0.0
0.0;0.07823733958383963;0.0
0.0;3.2892189356774376e-13;0.0
0.0;0.07823733958383963;0.0
0.0;3.2892189356774376e-13;0.0
0.0;0.07823733958383963;0.0
0.0;3.2892189356774376e-13;0.0
0.0;0.07823733958383963;0.0
0.0;3.2892189356774376e-13;0.0
0.0;0.07823733958383963;0.0
0.0;3.2892189356774376e-13;0.0
0.0;0.07823733958383963;0.0
0.0;3.2892189356774376e-13;0.0
0.0;0.07823733958383963;0.0
0.0;3.2892189356774376e-13;0.0
0.0;0.07823733958383963;0.0
0.0;3.2892189356774376e-13;0.0
0.0;0.07823733958383963;0.0
0.0;3.2892189356774376e-13;0.0
0.0;0.07823733958383963;0.0
0.0;3.2892189356774376e-13;0.0
0.0;0.07823733958383963;0.0
0.0;3.2892189356774376e-13;0.0
0.0;0.07823733958383963;0.0
0.0;3.2892189356774376e-13;0.0
0.0;0.07823733958383963;0.0
0.0;3.2892189356774376e-13;0.0
0.0;0.07823733958383963;0.0
0.0;3.2892189356774376e-13;0.0
0.0;0.07823733958383963;0.0
0.0;3.2892189356774376e-13;0.0
0.0;0.07823733958383963;0.0
0.0;3.2892189356774376e-13;0.0
0.0;0.07823733958383963;0.0
0.0;3.2892189356774376e-13;0.0
0.0;0.07823733958383963;0.0
0.0;3.2892189356774376e-13;0.0
0.0;0.07823733958383963;0.0
0.0;3.2892189356774376e-13;0.0
0.0;0.07823733958383963;0.0
0.0;3.2892189356774376e-13;0.0
0.0;0.07823733958383963;0.0
0.0;3.2892189356774376e-13;0.0
0.0;0.07823733958383963;0.0
0.0;3.2892189356774376e-13;0.0
0.0;0.07823733958383963;0.0
0.0;3.2892189356774376e-13;0.0
0.0;0.07823733958383963;0.0
0.0;3.2892189356774376e-13;0.0
0.0;0.07823733958383963;0.0
0.0;3.2892189356774376e-13;0.0
0.0;0.07823733958383963;0.0
0.0;3.2892189356774376e-13;0.0
0.0;0.07823733958383963;0.0
0.0;3.2892189356774376e-13;0.0
0.0;0.07823733958383963;0.0
0.0;3.2892189356774376e-13;0.0
0.0;0.07823733958383963;0.0
0.0;3.2892189356774376e-13;0.0
0.0;0.07823733958383963;0.0
0.0;3.2892189356774376e-13;0.0
0.0;0.07823733958383963;0.0
0.0;3.2892189356774376e-13;0.0
0.0;0.07823733958383963;0.0
0.0;3.2892189356774376e-13;0.0
0.0;0.07823733958383963;0.0
0.0;3.2892189356774376e-13;0.0
0.0;0.07823733958383963;0.0
0.0;3.2892189356774376e-13;0.0
0.0;0.07823733958383963;0.0
0.0;3.2892189356774376e-13;0.0
0.0;0.07823733958383963;0.0
0.0;3.2892189356774376e-13;0.0
0.0;0.07823733958383963;0.0
0.0;3.2892189356774376e-13;0.0
0.0;0.07823733958383963;0.0
0.0;3.2892189356774376e-13;0.0
0.0;0.07823733958383963;0.0
0.0;3.2892189356774376e-13;0.0
0.0;0.07823733958383963;0.0
0.0;3.2892189356774376e-13;0.0
0.0;0.07823733958383963;0.0
0.0;3.2892189356774376e-13;0.0
0.0;0.07823733958383963;0.0
0.0;3.2892189356774376e-13;0.0
0.0;0.07823733958383963;0.0
0.0;3.2892189356774376e-13;0.0
0.0;0.07823733958383963;0.0
0.0;3.2892189356774376e-13;0.0
0.0;0.07823733958383963;0.0
0.0;3.2892189356774376e-13;0.0
0.0;0.07823733958383963;0.0
0.0;3.2892189356774376e-13;0.0
0.0;0.07823733958383963;0.0
0.0;3.2892189356774376e-13;0.0
0.0;0.07823733958383963;0.0
0.0;3.2892189356774376e-13;0.0
0.0;0.07823733958383963;0.0
0.0;3.2892189356774376e-13;0.0
0.0;0.07823733958383963;0.0
0.0;3.2892189356774376e-13;0.0
0.0;0.07823733958383963;0.0
0.0;3.2892189356774376e-13;0.0
0.0;0.07823733958383963;0.0
0.0;3.2892189356774376e-13;0.0
0.0;0.07823733958383963;0.0
0.0;3.2892189356774376e-13;0.0
0.0;0.07823733958383963;0.0
0.0;3.2892189356774376e-13;0.0
0.0;0.07823733958383963;0.0
0.0;3.2892189356774376e-13;0.0
0.0;0.07823733958383963;0.0
0.0;3.2892189356774376e-13;0.0
0.0;0.07823733958383963;0.0
0.0;3.2892189356774376e-13;0.0
0.0;0.07823733958383963;0.0
0.0;3.2892189356774376e-13;0.0
0.0;0.07823733958383963;0.0
0.0;3.2892189356774376e-13;0.0
0.0;0.07823733958383963;0.0
0.0;3.2892189356774376e-13;0.0
0.0;0.07823733958383963;0.0
0.0;3.2892189356774376e-13;0.0
0.0;0.07823733958383963;0.0
0.0;3.2892189356774376e-13;0.0
0.0;0.07823733958383963;0.0
0.0;3.2892189356774376e-13;0.0
0.0;0.07823733958383963;0.0
0.0;3.2892189356774376e-13;0.0
0.0;0.07823733958383963;0.0
0.0;3.2892189356774376e-13;0.0
0.0;0.07823733958383963;0.0
0.0;3.2892189356774376e-13;0.0
0.0;0.07823733958383963;0.0
0.0;3.2892189356774376e-13;0.0
0.0;0.07823733958383963;0.0
0.0;3.2892189356774376e-13;0.0
0.0;0.07823733958383963;0.0
0.0;3.2892189356774376e-13;0.0
0.0;0.07823733958383963;0.0
0.0;3.2892189356774376e-13;0.0
0.0;0.07823733958383963;0.0
0.0;3.2892189356774376e-13;0.0
0.0;0.07823733958383963;0.0
0.0;3.2892189356774376e-13;0.0
0.0;0.07823733958383963;0.0
0.0;3.2892189356774376e-13;0.0
0.0;0.07823733958383963;0.0
0.0;3.2892189356774376e-13;0.0
0.0;0.07823733958383963;0.0
0.0;3.2892189356774376e-13;0.0
0.0;0.07823733958383963;0.0
0.0;3.2892189356774376e-13;0.0
0.0;0.07823733958383963;0.0
0.0;3.2892189356774376e-13;0.0
0.0;0.07823733958383963;0.0
0.0;3.2892189356774376e-13;0.0
0.0;0.07823733958383963;0.0
0.0;3.2892189356774376e-13;0.0
0.0;0.07823733958383963;0.0
0.0;3.2892189356774376e-13;0.0
0.0;0.07823733958383963;0.0
0.0;3.2892189356774376e-13;0.0
0.0;0.07823733958383963;0.0
0.0;3.2892189356774376e-13;0.0
0.0;0.07823733958383963;0.0
0.0;3.2892189356774376e-13;0.0
0.0;0.07823733958383963;0.0
0.0;3.2892189356774376e-13;0.0
0.0;0.07823733958383963;0.0
0.0;3.2892189356774376e-13;0.0
0.0;0.07823733958383963;0.0
0.0;3.2892189356774376e-13;0.0
0.0;0.07823733958383963;0.0
0.0;3.2892189356774376e-13;0.0
0.0;0.07823733958383963;0.0
0.0;3.2892189356774376e-13;0.0
0.0;0.07823733958383963;0.0
0.0;3.2892189356774376e-13;0.0
0.0;0.07823733958383963;0.0
0.0;3.2892189356774376e-13;0.0
0.0;0.07823733958383963;0.0
0.0;3.2892189356774376e-13;0.0
0.0;0.07823733958383963;0.0
0.0;3.2892189356774376e-13;0.0
0.0;0.07823733958383963;0.0
0.0;3.2892189356774376e-13;0.0
0.0;0.07823733958383963;0.0
0.0;3.2892189356774376e-13;0.0
0.0;0.07823733958383963;0.0
0.0;3.2892189356774376e-13;0.0
0.0;0.07823733958383963;0.0
0.0;3.2892189356774376e-13;0.0
0.0;0.07823733958383963;0.0
0.0;3.2892189356774376e-13;0.0
0.0;0.07823733958383963;0.0
0.0;3.2892189356774376e-13;0.0
0.0;0.07823733958383963;0.0
0.0;3.2892189356774376e-13;0.0
0.0;0.07823733958383963;0.0
0.0;3.2892189356774376e-13;0.0
0.0;0.07823733958383963;0.0
0.0;3.2892189356774376e-13;0.0
0.0;0.07823733958383963;0.0
0.0;3.2892189356774376e-13;0.0
0.0;0.07823733958383963;0.0
0.0;3.2892189356774376e-13;0.0
0.0;0.07823733958383963;0.0
0.0;3.2892189356774376e-13;0.0
0.0;0.07823733958383963;0.0
0.0;3.2892189356774376e-13;0.0
0.0;0.07823733958383963;0.0
0.0;3.2892189356774376e-13;0.0
0.0;0.07823733958383963;0.0
0.0;3.2892189356774376e-13;0.0
0.0;0.07823733958383963;0.0
0.0;3.2892189356774376e-13;0.0
0.0;0.07823733958383963;0.0
0.0;3.2892189356774376e-13;0.0
0.0;0.07823733958383963;0.0
0.0;3.2892189356774376e-13;0.0
0.0;0.07823733958383963;0.0
0.0;3.2892189356774376e-13;0.0
0.0;0.07823733958383963;0.0
0.0;3.2892189356774376e-13;0.0
0.0;0.07823733958383963;0.0
0.0;3.2892189356774376e-13;0.0
0.0;0.07823733958383963;0.0
0.0;3.2892189356774376e-13;0.0
0.0;0.07823733958383963;0.0
0.0;3.2892189356774376e-13;0.0
0.0;0.07823733958383963;0.0
0.0;3.2892189356774376e-13;0.0
0.0;0.07823733958383963;0.0
0.0;3.2892189356774376e-13;0.0
0.0;0.07823733958383963;0.0
0.0;3.2892189356774376e-13;0.0
0.0;0.07823733958383963;0.0
0.0;3.2892189356774376e-13;0.0
0.0;0.07823733958383963;0.0
0.0;3.2892189356774376e-13;0.0
0.0;0.07823733958383963;0.0
0.0;3.2892189356774376e-13;0.0
0.0;0.07823733958383963;0.0
0.0;3.2892189356774376e-13;0.0
0.0;0.07823733958383963;0.0
0.0;3.2892189356774376e-13;0.0
0.0;0.07823733958383963;0.0
0.0;3.2892189356774376e-13;0.0
0.0;0.07823733958383963;0.0
0.0;3.2892189356774376e-13;0.0
0.0;0.07823733958383963;0.0
0.0;3.2892189356774376e-13;0.0
0.0;0.07823733958383963;0.0
0.0;3.2892189356774376e-13;0.0
0.0;0.07823733958383963;0.0
0.0;3.2892189356774376e-13;0.0
0.0;0.07823733958383963;0.0
0.0;3.2892189356774376e-13;0.0
0.0;0.07823733958383963;0.0
0.0;3.2892189356774376e-13;0.0
0.0;0.07823733958383963;0.0
0.0;3.2892189356774376e-13;0.0
0.0;0.07823733958383963;0.0
0.0;3.2892189356774376e-13;0.0
0.0;0.07823733958383963;0.0
0.0;3.2892189356774376e-13;0.0
0.0;0.07823733958383963;0.0
0.0;3.2892189356774376e-13;0.0
0.0;0.07823733958383963;0.0
0.0;3.2892189356774376e-13;0.0
