# ["m", "w0", "wp"] [calculated @ 2025-10-13T19:21:24.388]
0.19873259058586734;0.5181191769437494;0.46857053158439754
0.048897173448135454;-0.04247926205389529;0.06041930102876861
0.010944769777493769;0.0005142679376966622;0.016625112851985913
0.002472612745358448;0.004504757951385106;0.003873066598536903
0.009757719819226102;0.04772377528196306;0.012816733843187657
0.00446386872145484;0.03277807625871767;0.005459479382048939
0.003204099574583324;0.04054708630074388;0.0034809668878376283
0.0018431044425490843;0.03705851364581218;0.0018110840320288276
0.0012092964148072186;0.03986824653684271;0.001060970375341946
0.00068740911931762;0.03643275753229066;0.0005460667905052318
0.0004615909992525079;0.040326303397465166;0.00032666108638755917
0.0002573995713461757;0.03601402923673709;0.00016524595449643809
0.00017500682241252243;0.04052500037438306;9.998240835846604e-5
9.70159276924974e-5;0.03590610276011637;5.030868008456744e-5
6.615607297854073e-5;0.040566439636194655;3.052166225288564e-5
3.663890612868213e-5;0.03589177446010957;1.534445399358282e-5
2.499402974889071e-5;0.04057169775802525;9.312575941627106e-6
1.384075001837146e-5;0.035890179177217596;4.681319355945221e-6
9.442174396738128e-6;0.04057228308514227;2.841212395934905e-6
5.228653264761154e-6;0.03589000065382382;1.4282266755092845e-6
3.567009975210516e-6;0.04057234902663646;8.668310969399945e-7
1.975247493454958e-6;0.03588997998383559;4.3573992203279324e-7
1.3475231749224125e-6;0.040572356721411226;2.6446299736741695e-7
7.461967684937892e-7;0.03588997749804091;1.3294062512946847e-7
5.090589962449287e-7;0.04057235765399078;8.068546529905041e-8
2.8189360823192006e-7;0.035889977187995976;4.0559080465524376e-8
1.9230916632574187e-7;0.0405723577711334;2.4616465444377068e-8
1.0649202753710731e-7;0.03588997714805384;1.2374238614144776e-8
7.264937004688956e-8;0.040572357786315585;7.510279179212363e-9
4.0229900948988376e-8;0.03588997714276804;3.77527743789062e-9
2.744503066575814e-8;0.04057235778833445;2.291323807903927e-9
1.5197803703744938e-8;0.03588997714205358;1.1518057941780122e-9
1.036801430951803e-8;0.04057235778860837;6.990638653045307e-10
5.7413324908123685e-9;0.035889977141955326;3.514063825357372e-10
3.916764460244704e-9;0.04057235778864609;2.1327857987034168e-10
2.1689251560733486e-9;0.035889977141941753;1.0721116902800674e-10
1.4796511057035006e-9;0.04057235778865135;6.506952352868774e-11
8.19363160063796e-10;0.035889977141939845;3.2709237326346787e-11
5.589734631304971e-10;0.04057235778865207;1.985217125331652e-11
3.095339579560162e-10;0.03588997714193958;9.979316671678343e-12
2.1116554522867944e-10;0.040572357788652195;6.056732585374619e-12
1.1693382836550417e-10;0.035889977141939464;3.0446066424612685e-12
7.97728164804048e-11;0.040572357788652216;1.8478588131567833e-12
4.4174540029485866e-11;0.035889977141939464;9.288842024250855e-13
3.013608229659259e-11;0.04057235778865224;5.637663781964699e-13
1.66879851116917e-11;0.035889977141939464;2.83394856163546e-13
1.1384623186898324e-11;0.040572357788652216;1.7200044014282507e-13
6.30428402654916e-12;0.035889977141939464;8.646141713927372e-14
4.300812687995535e-12;0.04057235778865224;5.24759058955723e-14
2.3815935130214087e-12;0.035889977141939464;2.637866034314104e-14
1.62473447505141e-12;0.040572357788652216;1.600996309820096e-14
8.997036994810655e-13;0.035889977141939464;8.047910206906971e-15
6.137821630290279e-13;0.04057235778865224;4.884506785186994e-15
3.3988451112002923e-13;0.035889977141939464;2.4553505695856376e-15
2.318708376275889e-13;0.040572357788652216;1.4902224563664831e-15
1.2839947303310222e-13;0.035889977141939464;7.491070681169436e-16
8.759473406133666e-14;0.04057235778865224;4.54654495760709e-16
4.850596051244067e-14;0.035889977141939464;2.28546345460341e-16
3.3090998047800065e-14;0.040572357788652216;1.3871131094040436e-16
1.832428241062858e-14;0.035889977141939464;6.97275920177585e-17
1.2500913023295937e-14;0.04057235778865224;4.2319669028264183e-17
6.922434321826333e-15;0.035889977141939464;2.127330926601342e-17
4.722517773270937e-15;0.040572357788652216;1.2911379573301584e-17
2.615114516692029e-15;0.035889977141939464;6.490309991089253e-18
1.7840436196379375e-15;0.04057235778865224;3.939154684185563e-18
9.879218230862315e-16;0.035889977141939464;1.980139678960581e-18
6.739649885036499e-16;0.040572357788652216;1.2018033811063313e-18
3.732110094224842e-16;0.035889977141939464;6.041241718157231e-19
2.546063340205262e-16;0.04057235778865224;3.666602310991073e-19
1.4098935188922515e-16;0.035889977141939464;1.8431326782139558e-19
9.618360957784489e-17;0.040572357788652216;1.118649915478613e-19
5.326208724898946e-17;0.035889977141939464;5.62324473673995e-20
3.633565043467242e-17;0.04057235778865224;3.4129079929098207e-20
2.0121022616997836e-17;0.035889977141939464;1.715605270474342e-20
1.3726657777821907e-17;0.040572357788652216;1.041249885857649e-20
7.601195748509079e-18;0.035889977141939464;5.2341692063463526e-21
5.18557206202211e-18;0.04057235778865224;3.176766930286297e-21
2.8715328195269083e-18;0.035889977141939464;1.5969015572614555e-21
1.9589734111292943e-18;0.040572357788652216;9.69205208704366e-22
1.0847899470603016e-18;0.035889977141939464;4.872014035182725e-22
7.400488855640513e-19;0.04057235778865224;2.956964603301937e-22
4.098052514813211e-19;0.035889977141939464;1.486411022087263e-22
2.7957110081901304e-19;0.040572357788652216;9.021453441082e-23
1.548136988149408e-19;0.035889977141939464;4.534916588144929e-23
1.0561464511034674e-19;0.04057235778865224;2.752370525461435e-23
5.84845637144199e-20;0.035889977141939464;1.3835653904499016e-23
3.9898448835044515e-20;0.040572357788652216;8.397253900276482e-24
2.2093937545893296e-20;0.035889977141939464;4.22114310692061e-24
1.5072589769907948e-20;0.04057235778865224;2.561932429278829e-24
8.346511374615546e-21;0.035889977141939464;1.2878357070864137e-24
5.694029943650052e-21;0.040572357788652216;7.816243083913918e-25
3.153093557084649e-21;0.035889977141939464;3.929079792930026e-25
2.1510554917319582e-21;0.04057235778865224;2.3846708542594053e-25
1.191156224858875e-21;0.035889977141939464;1.1987296154520417e-25
8.1261246855055e-22;0.040572357788652216;7.275432739365033e-26
4.4998764747466615e-22;0.035889977141939464;3.657224507243266e-26
3.069837233776505e-22;0.04057235778865224;2.2196741093421614e-26
1.6999355638994757e-22;0.035889977141939464;1.1157888254339103e-26
1.1597041648511624e-22;0.040572357788652216;6.772041372914834e-27
6.421911662748302e-23;0.035889977141939464;3.4041790447850486e-27
4.381058823495417e-23;0.04057235778865224;2.0660935838938038e-27
2.4260301554924954e-23;0.035889977141939464;1.0385867562750595e-27
1.6550493648861213e-23;0.040572357788652216;6.303479943994766e-28
9.164907000355939e-24;0.035889977141939464;3.1686419430916272e-28
6.2523433502417586e-24;0.04057235778865224;1.9231393831377618e-28
3.462262005895057e-24;0.035889977141939464;9.667263425859066e-29
2.3619716848749166e-24;0.040572357788652216;5.86733854923893e-29
1.3079519734350697e-24;0.035889977141939464;2.949401788634025e-29
8.922910863388725e-25;0.04057235778865224;1.7900762655703517e-29
4.941100245734982e-25;0.035889977141939464;8.998379921590433e-30
3.3708421987368973e-25;0.040572357788652216;5.4613740278783706e-30
1.8666183571161746e-25;0.035889977141939464;2.745330986280527e-30
1.2734159628789736e-25;0.04057235778865224;1.6662198614694804e-30
7.051595632229097e-26;0.035889977141939464;8.375776850839943e-31
4.810632236426307e-26;0.040572357788652216;5.083498424725003e-31
2.663908279424342e-26;0.035889977141939464;2.5553799598536874e-31
1.817330957735402e-26;0.04057235778865224;1.5509331530468594e-31
1.0063548296433312e-26;0.035889977141939464;7.7962520438531e-32
6.865400736592074e-27;0.040572357788652216;4.731768251408458e-32
3.801745168813796e-27;0.035889977141939464;2.3785717539541116e-32
2.593568720841737e-27;0.04057235778865224;1.4436231981405473e-32
1.436199827621586e-27;0.035889977141939464;7.256824890838452e-33
9.797823852985554e-28;0.040572357788652216;4.404374490634031e-33
5.425587074537827e-28;0.035889977141939464;2.2139970092871332e-33
3.701361428471316e-28;0.04057235778865224;1.3437380805970674e-33
2.0496448013185564e-28;0.035889977141939464;6.754721012106456e-34
1.398277477707516e-28;0.040572357788652216;4.099633292051781e-34
7.743021637764529e-29;0.035889977141939464;2.0608092856495452e-34
5.28232636138859e-29;0.04057235778865224;1.2507640716583271e-34
2.9251109286994624e-29;0.035889977141939464;6.287357988890483e-35
1.9955246532303348e-29;0.040572357788652216;3.8159773118838226e-35
1.1050303544892735e-29;0.035889977141939464;1.9182207085215665e-35
7.538569882310832e-30;0.04057235778865224;1.1642229877538342e-35
4.17451547687321e-30;0.035889977141939464;5.8523320814603534e-36
2.8478744062864814e-30;0.040572357788652216;3.551947651767716e-36
1.5770226940696379e-30;0.035889977141939464;1.7854979168735755e-36
1.0758524177128794e-30;0.04057235778865224;1.0836697311087487e-36
5.957579008602605e-31;0.035889977141939464;5.447405866217281e-37
4.064288868019028e-31;0.040572357788652216;3.306186355355965e-37
2.2506174310117526e-31;0.035889977141939464;1.6619582913464502e-37
1.5353819660339174e-31;0.04057235778865224;1.0086900005187093e-37
8.502243635308567e-32;0.035889977141939464;5.070496728185282e-38
5.80027123606298e-32;0.040572357788652216;3.077429424080025e-38
3.21192512943652e-32;0.035889977141939464;1.5469664434062628e-38
2.1911906715176515e-32;0.04057235778865224;9.388981605174416e-39
1.2133812531862795e-32;0.035889977141939464;4.7196661497137164e-39
8.277744890780245e-33;0.040572357788652216;2.8645003161577286e-39
4.583836815157014e-33;0.035889977141939464;1.4399309474163948e-39
3.127115379209771e-33;0.04057235778865224;8.739352579778875e-40
1.7316535831432615e-33;0.035889977141939464;4.393109740300681e-40
1.1813423491441425e-33;0.040572357788652216;2.666303895407987e-40
6.541734038388064e-34;0.035889977141939464;1.3403012988194206e-40
4.462802220729269e-34;0.04057235778865224;8.13467175945851e-41
2.4712959130847417e-34;0.035889977141939464;4.089147956258599e-41
1.685929881018423e-34;0.040572357788652216;2.4818207987505614e-41
9.335909185837591e-35;0.035889977141939464;1.2475650827841714e-41
6.369001858312984e-35;0.04057235778865224;7.571829152109361e-42
3.5268621561961013e-35;0.035889977141939464;3.8062174624914746e-42
2.4060422161027485e-35;0.040572357788652216;2.310102193421723e-42
1.3323562195396667e-35;0.035889977141939464;1.1612453387557119e-42
9.089397796473598e-36;0.04057235778865224;7.047929947765903e-43
5.033293100574836e-36;0.035889977141939464;3.5428630919557914e-43
3.4337366048531174e-36;0.040572357788652216;2.1502648969411747e-43
1.9014464048546436e-36;0.035889977141939464;1.0808981073536157e-43
1.2971758234723283e-36;0.04057235778865224;6.560279630025382e-44
7.183166881582431e-37;0.035889977141939464;3.297730361450855e-44
4.9003907714496665e-37;0.040572357788652216;2.0014868347312905e-44
2.713612454020604e-37;0.035889977141939464;1.0061101470017682e-44
1.8512393831568586e-37;0.04057235778865224;6.106370117621311e-45
1.0251317659758336e-37;0.035889977141939464;3.069558505245928e-45
6.993497893510172e-38;0.040572357788652216;1.863002812026217e-45
3.8726795200828356e-38;0.035889977141939464;9.364968085458589e-46
2.64196047423798e-38;0.04057235778865224;5.68386686486933e-46
1.4629969690767124e-38;0.035889977141939464;2.8571739907147136e-46
9.9806352324965e-39;0.040572357788652216;1.7341005783250946e-46
5.5268196617567386e-39;0.035889977141939464;8.717000569273032e-47
3.770422783212981e-39;0.04057235778865224;5.290596854640727e-47
2.087887823366998e-39;0.035889977141939464;2.6594844826267915e-47
1.4243670500936214e-39;0.040572357788652216;1.6141171641479596e-47
7.887493766312884e-40;0.035889977141939464;8.113866297386906e-48
5.380885937845786e-40;0.04057235778865224;4.924537422109013e-48
2.9796887178209843e-40;0.035889977141939464;2.475473225053212e-48
2.0327578817695463e-40;0.040572357788652216;1.502435471253626e-48
1.1256484148398983e-40;0.035889977141939464;7.552463231898296e-49
7.679227275258844e-41;0.04057235778865224;4.583805851787755e-49
4.2524051128340034e-41;0.035889977141939464;2.304193811991223e-49
2.9010110881353313e-41;0.040572357788652216;1.3984810987823595e-49
1.6064473600514701e-41;0.035889977141939464;7.02990396668792e-50
1.0959260654517431e-41;0.04057235778865224;4.2666496943555015e-50
6.068737695822334e-42;0.035889977141939464;2.14476531981255e-50
4.140121855613228e-42;0.040572357788652216;1.3017193889995466e-50
2.2926102738601435e-42;0.035889977141939464;6.54350087692292e-51
1.5640296840883054e-42;0.04057235778865224;3.97143775346505e-51
8.660881605456935e-43;0.035889977141939464;1.9963677765002823e-51
5.908494817351314e-43;0.040572357788652216;1.2116526774460615e-51
3.271854402774007e-43;0.035889977141939464;6.090752296074967e-52
2.232074708161119e-43;0.04057235778865224;3.6966516961805575e-52
1.2360209642176338e-43;0.035889977141939464;1.858237944371931e-52
8.432194081276968e-44;0.040572357788652216;1.1278177333522969e-52
4.66936371829445e-44;0.035889977141939464;5.669329649358504e-53
3.1854622412212773e-44;0.04057235778865224;3.4408782438933517e-53
1.7639634087861273e-44;0.035889977141939464;1.7296653945982623e-53
1.2033842665905277e-44;0.040572357788652216;1.0497833771514423e-53
6.663792103719265e-45;0.035889977141939464;5.277065477413694e-54
4.5460708161538976e-45;0.04057235778865224;3.2028019035527506e-54
2.5174062557311965e-45;0.035889977141939464;1.6099888533284424e-54
1.7173865771105647e-45;0.040572357788652216;9.77148262838354e-55
9.510101992613941e-46;0.035889977141939464;4.9119422886376816e-55
6.487837023477854e-46;0.04057235778865224;2.981198201827183e-55
3.592667639719125e-46;0.035889977141939464;1.4985928006288583e-55
2.450935031414311e-46;0.040572357788652216;9.095388137683107e-56
1.3572158089902189e-46;0.035889977141939464;4.572082182829379e-56
9.258991103623207e-47;0.04057235778865224;2.7749273873975777e-56
5.127206123405783e-47;0.035889977141939464;1.3949043047433466e-56
3.4978045177926984e-47;0.040572357788652216;8.466073012790253e-57
1.936924287040868e-47;0.035889977141939464;4.2557371927803174e-57
1.3213790042311825e-47;0.04057235778865224;2.582928568992719e-57
7.317193035408347e-48;0.035889977141939464;1.298390075392738e-57
4.99182405403501e-48;0.040572357788652216;7.880300562539055e-58
2.7642440272782114e-48;0.035889977141939464;3.961280294136301e-58
1.8857804843766774e-48;0.04057235778865224;2.404214259017262e-58
1.0442590492512347e-48;0.035889977141939464;1.2085537209583263e-58
7.12398513401408e-49;0.040572357788652216;7.335058044282908e-59
3.944937390411301e-49;0.035889977141939464;3.687197037291911e-59
2.6912551386610096e-49;0.04057235778865224;2.237865294709285e-59
1.4902941013940862e-49;0.035889977141939464;1.1249331954423744e-59
1.0166857573561782e-49;0.040572357788652216;6.827541168767772e-60
5.629941083598398e-50;0.035889977141939464;3.4320777582790345e-60
3.840772709960094e-50;0.04057235778865224;2.0830261107058482e-60
2.1268443977023828e-50;0.035889977141939464;1.047098422074882e-60
1.4509434112595987e-50;0.040572357788652216;6.355139677122494e-61
8.034661508654398e-51;0.035889977141939464;3.194610328588505e-61
5.481284474913676e-51;0.04057235778865224;1.938900338702471e-61
3.035284839285453e-51;0.035889977141939464;9.746490813443795e-62
2.0706858214992243e-51;0.040572357788652216;5.915423915785146e-62
1.1466511744984597e-51;0.035889977141939464;2.9735734066356755e-62
7.82250910526851e-52;0.04057235778865224;1.8047467115746692e-62
4.331748042098814e-52;0.035889977141939464;9.072125520761306e-63
2.955139213620757e-52;0.040572357788652216;5.506132340318109e-63
1.636421042208779e-52;0.035889977141939464;2.767830156161078e-63
1.1163742546489986e-52;0.04057235778865224;1.679875250895708e-63
6.1819704224675785e-53;0.035889977141939464;8.444419949683175e-64
4.217369762814319e-53;0.040572357788652216;5.1251598838412245e-64
2.3353866345228817e-53;0.035889977141939464;2.5763223992584214e-64
1.5932119217396906e-53;0.04057235778865224;1.563643718242153e-64
8.822479500850008e-54;0.035889977141939464;7.860145687294587e-65
6.018737673785603e-54;0.040572357788652216;4.770547130259815e-65
3.332901858403427e-54;0.035889977141939464;2.398065173958012e-65
2.273721574107381e-54;0.04057235778865224;1.4554543120356594e-65
1.259083095254436e-54;0.035889977141939464;7.316297696423025e-66
8.589525041236256e-55;0.040572357788652216;4.440470236603298e-66
4.756486413659046e-55;0.035889977141939464;2.2321416683741117e-66
3.2448977603156732e-55;0.04057235778865224;1.3547505929321566e-66
1.7968760829682362e-55;0.035889977141939464;6.810078860142489e-67
1.225837450191101e-55;0.040572357788652216;4.13323155264287e-67
6.788127573057575e-56;0.035889977141939464;2.0776985053614726e-67
4.630893067474761e-56;0.04057235778865224;1.2610146219451129e-67
2.5643769420085846e-56;0.035889977141939464;6.3388855956522425e-68
1.7494302037388874e-56;0.040572357788652216;3.847250889543303e-68
9.687544952463608e-57;0.035889977141939464;1.933941353429271e-68
6.608889458600245e-57;0.04057235778865224;1.173764296583707e-68
3.659700946012058e-57;0.035889977141939464;5.900294463539688e-69
2.4966654732866657e-57;0.040572357788652216;3.58105739264171e-69
1.3825392377493444e-57;0.035889977141939464;1.8001308413383762e-69
9.431748744700534e-58;0.04057235778865224;1.0925508713051322e-69
5.222871409751095e-58;0.035889977141939464;5.492049703555975e-70
3.563067833274987e-58;0.040572357788652216;3.333281976553428e-70
1.973064128523556e-58;0.035889977141939464;1.675578755370011e-70
1.3460337767852624e-58;0.04057235778865224;1.0169566495282112e-70
7.4537198982119865e-59;0.035889977141939464;5.112051632798374e-71
5.0849633322346285e-59;0.040572357788652216;3.1026502836972495e-71
2.815820302940452e-59;0.035889977141939464;1.5596444997075464e-71
1.9209660660911995e-59;0.04057235778865224;9.465928353379238e-72
1.0637432163708788e-59;0.035889977141939464;4.758345846629161e-72
7.256907053157167e-60;0.040572357788652216;2.887976130024334e-72
4.018543474501662e-60;0.035889977141939464;1.4517318017265276e-72
2.741469560954853e-60;0.04057235778865224;8.810975338317334e-73
1.5181005535860051e-60;0.035889977141939464;4.429113166789104e-73
1.0356554519149138e-60;0.040572357788652216;2.6881554042408977e-73
5.734986582629748e-61;0.035889977141939464;1.3512856452475804e-73
3.912435251360233e-61;0.04057235778865224;8.201338898230948e-74
2.166527838044154e-61;0.035889977141939464;4.122660285006699e-74
1.4780156438884673e-61;0.040572357788652216;2.502160389147213e-74
8.18457516053671e-62;0.035889977141939464;1.2577894159792894e-74
5.583556284591658e-62;0.04057235778865224;7.633883553291298e-75
3.0919182935100257e-62;0.035889977141939464;3.8374110539814945e-75
2.109321434594748e-62;0.040572357788652216;2.329034475886378e-75
1.1680458113252939e-62;0.035889977141939464;1.170762244469535e-75
7.968464340046008e-63;0.04057235778865224;7.105690769318379e-76
4.4125713807454527e-63;0.035889977141939464;3.5718983809492927e-76
3.0102772814606203e-63;0.040572357788652216;2.1678872439172762e-76
1.6669539842860946e-63;0.035889977141939464;1.0897565328995528e-76
1.1372039736361078e-63;0.04057235778865224;6.614043947186971e-77
6.297315886724196e-64;0.035889977141939464;3.3247566821361725e-77
4.2960589897096214e-64;0.040572357788652216;2.0178898814070313e-77
2.378961132161813e-64;0.035889977141939464;1.014355653000524e-77
1.622938652250136e-64;0.04057235778865224;6.156414450824303e-78
8.987092548855139e-65;0.035889977141939464;3.094714859293206e-78
6.131037481739794e-65;0.040572357788652216;1.8782709224891135e-78
3.3950883597788016e-65;0.035889977141939464;9.44171803252644e-79
2.3161455025044768e-65;0.04057235778865224;5.730448601938645e-79
1.2825755279635886e-65;0.035889977141939464;2.8805897621887706e-79
8.749791539766315e-66;0.040572357788652216;1.7483122794630235e-79
4.845234676125633e-66;0.035889977141939464;8.788440143458121e-80
3.305442249054827e-66;0.04057235778865224;5.333955574589979e-80
1.830402853858037e-66;0.035889977141939464;2.68128010343476e-80
1.2487095735001298e-66;0.040572357788652216;1.6273455495283668e-80
6.914782939039561e-67;0.035889977141939464;8.180362926436497e-81
4.717297963371592e-67;0.04057235778865224;4.964896127342332e-81
2.6122240245229117e-67;0.035889977141939464;2.495760794349436e-81
1.7820717120679213e-67;0.040572357788652216;1.5147485770580776e-81
9.868298707930894e-68;0.035889977141939464;7.614358921022962e-82
6.732200534313638e-68;0.04057235778865224;4.62137211504499e-82
3.727984984241027e-68;0.035889977141939464;2.3230776727252446e-82
2.5432491704624203e-68;0.040572357788652216;1.4099422537299758e-82
1.4083351603004458e-68;0.035889977141939464;7.087517057561457e-83
9.607729761004848e-69;0.04057235778865224;4.301616726299502e-83
5.32032165398403e-69;0.035889977141939464;2.1623425953853473e-83
3.629548855557655e-69;0.040572357788652216;1.3123875400590288e-83
2.009878280381268e-69;0.035889977141939464;6.59712768497601e-84
1.371148567099382e-69;0.04057235778865224;4.0039853964020216e-84
7.592794129135722e-70;0.035889977141939464;2.0127288702889767e-84
5.17984043713838e-70;0.040572357788652216;1.2215826930115137e-84
2.868358907610154e-70;0.035889977141939464;6.140668634503594e-85
1.9568081532531157e-70;0.04057235778865224;3.726947349024331e-85
1.083590926204005e-70;0.035889977141939464;1.873467004692108e-85
7.392309078063517e-71;0.040572357788652216;1.1370606854421562e-85
4.093522927819183e-71;0.035889977141939464;5.715792247685353e-86
2.79262090229813e-71;0.04057235778865224;3.4690777231308446e-86
1.546425828728892e-71;0.035889977141939464;1.7438407474952612e-86
1.054979089969998e-71;0.040572357788652216;1.0583868040818737e-86
5.841992058986375e-72;0.035889977141939464;5.320313301898423e-87
3.985434898657457e-72;0.04057235778865224;3.2290502446387305e-87
2.2069517065239848e-72;0.035889977141939464;1.623183405423565e-87
1.5055930001312644e-72;0.040572357788652216;9.851564137221483e-88
8.337285956143887e-73;0.035889977141939464;4.952197771327319e-88
5.687736319084925e-73;0.04057235778865224;3.005630405130068e-88
3.1496084354285694e-73;0.035889977141939464;1.5108744140924537e-88
2.148677925084492e-73;0.040572357788652216;9.169928760967505e-89
1.1898396371078707e-73;0.035889977141939464;4.609552365569971e-89
8.11714286095488e-74;0.04057235778865224;2.7976691125328246e-89
4.494902750793375e-74;0.035889977141939464;1.4063361463232424e-89
3.0664441355285827e-74;0.040572357788652216;8.535456127572343e-90
1.6980566211594582e-74;0.035889977141939464;4.290614792073755e-90
1.1584223411353761e-74;0.04057235778865224;2.604096781114873e-90
6.414813508822933e-75;0.035889977141939464;1.309030941293233e-90
4.3762164289689386e-75;0.040572357788652216;7.944883019791912e-91
2.4233486587084236e-75;0.035889977141939464;3.993744692319125e-91
1.6532200349664693e-75;0.04057235778865224;2.4239178303947054e-91
9.154777007292118e-76;0.035889977141939464;1.2184583392406056e-91
6.245432620567337e-76;0.040572357788652216;7.395172004255951e-92
3.458435159632072e-76;0.035889977141939464;3.717415205133851e-92
2.3593609920676876e-76;0.04057235778865224;2.2562055646756676e-92
1.3065062910710046e-76;0.035889977141939464;1.1341525075016556e-92
8.913048349219007e-77;0.040572357788652216;6.883495809352185e-93
4.935638836119476e-77;0.035889977141939464;3.4602051137464393e-93
3.3671163989998003e-77;0.04057235778865224;2.100097406868173e-93
1.8645551794964075e-77;0.035889977141939464;1.0556798446420172e-93
1.2720084532478519e-77;0.040572357788652216;6.407222784013716e-94
7.043801487144951e-78;0.035889977141939464;3.220791536189435e-94
4.805315033405506e-78;0.04057235778865224;1.9547904620864793e-94
2.6609638553955757e-78;0.035889977141939464;9.826367503594013e-95
1.815322257593018e-78;0.040572357788652216;5.9639033626212e-95
1.0052425033050876e-78;0.035889977141939464;2.997943121457872e-95
6.857812393159962e-79;0.04057235778865224;1.8195373882027384e-95
3.7975430910197664e-79;0.035889977141939464;9.146475496880518e-96
2.5907020432909804e-79;0.040572357788652216;5.551257466406271e-96
1.4346123926054416e-79;0.035889977141939464;2.7905137164294686e-96
9.786994295449687e-80;0.04057235778865224;1.6936425521198304e-96
5.419590160501477e-80;0.035889977141939464;8.513625608286855e-97
3.697270305059403e-80;0.040572357788652216;5.167162776558998e-97
2.047379324143519e-80;0.035889977141939464;2.5974364709742387e-97
1.3967319583531007e-80;0.04057235778865224;1.576458451993821e-97
7.734463257905289e-81;0.035889977141939464;7.924562966663847e-98
5.276487793752315e-81;0.040572357788652216;4.8096438187258984e-98
2.9218777967737994e-81;0.035889977141939464;2.4177183509349056e-98
1.993318995181093e-81;0.04057235778865224;1.4673823870049537e-98
1.1038089618634826e-81;0.035889977141939464;7.376257907265059e-99
7.530237483453321e-82;0.040572357788652216;4.47686180275767e-99
4.169901375189053e-82;0.035889977141939464;2.2504350307574426e-99
2.84472664406902e-82;0.04057235778865224;1.3658533575490591e-99
1.5752796072110597e-82;0.035889977141939464;6.865890389586488e-100
1.0746632755286004e-82;0.040572357788652216;4.1671051654506943e-100
5.950994082641888e-83;0.035889977141939464;2.0947261395033355e-100
4.0597966000624925e-83;0.04057235778865224;1.2713491799065345e-100
2.2481298183208042e-83;0.035889977141939464;6.390835493344963e-101
1.533684904769069e-83;0.040572357788652216;3.87878076764162e-101
8.492846085606298e-84;0.035889977141939464;1.9497908357930646e-101
5.793860182749801e-84;0.04057235778865224;1.1833838005490002e-101
3.208374981106432e-84;0.035889977141939464;5.948649917998143e-102
2.1887687433624514e-84;0.040572357788652216;3.610405700380087e-102
1.212040100059679e-84;0.035889977141939464;1.814883688921744e-102
8.268595480063431e-85;0.04057235778865224;1.1015047962706401e-102
4.578770289643844e-85;0.035889977141939464;5.537059416370292e-103
3.1236589712942354e-85;0.040572357788652216;3.3605996580370267e-103
1.729739582402665e-85;0.035889977141939464;1.6893108449627466e-103
1.1800366086928366e-85;0.04057235778865224;1.0252910472868932e-103
6.534503444511703e-86;0.035889977141939464;5.1539470977529734e-104
4.4578694750353544e-86;0.040572357788652216;3.1280778391219705e-104
2.468564383953331e-86;0.035889977141939464;1.572426458140809e-104
1.684066418792336e-86;0.04057235778865224;9.543505713327501e-105
9.325590183659698e-87;0.035889977141939464;4.7973425403206536e-105
6.361962185717761e-87;0.040572357788652216;2.9116443382968912e-105
3.522963907236467e-87;0.035889977141939464;1.4636293691205044e-105
2.403382812034667e-87;0.04057235778865224;8.883185076210824e-106
1.3308835631055176e-87;0.035889977141939464;4.4654116568647205e-106
9.079351263908808e-88;0.040572357788652216;2.710185995600407e-106
5.027729789982058e-88;0.035889977141939464;1.362360013125812e-106
3.4299412877823895e-88;0.04057235778865224;8.268552402919968e-107
1.8993447317125557e-88;0.035889977141939464;4.1564472617230597e-107
1.2957420520119298e-88;0.040572357788652216;2.5226666712476814e-107
7.175227310489805e-89;0.035889977141939464;1.2680975419886874e-107
4.894974358110962e-89;0.04057235778865224;7.696446517018523e-108
2.7106130918518443e-89;0.035889977141939464;3.8688602903892444e-108
1.849193203952852e-89;0.040572357788652216;2.3481219165602067e-108
1.0239986854461125e-89;0.035889977141939464;1.180357145324732e-108
6.985767963992044e-90;0.04057235778865224;7.163924965681785e-109
3.8683990383850663e-90;0.035889977141939464;3.6011716266419557e-109
2.639040309169439e-90;0.040572357788652216;2.1856540136170096e-109
1.4613799151176797e-90;0.035889977141939464;1.098687557058273e-109
9.969603613116882e-91;0.04057235778865224;6.668248886084635e-110
5.520710855105866e-91;0.035889977141939464;3.3520044951600723e-110
3.7662553261247556e-91;0.040572357788652216;2.034427358115274e-110
2.0855800760905772e-91;0.035889977141939464;1.0226687344723801e-110
1.4227926938740555e-91;0.04057235778865224;6.206868918892603e-111
7.878775701073331e-92;0.035889977141939464;3.120077380497051e-111
5.3749384320799946e-92;0.040572357788652216;1.8936641616934107e-111
2.9763952609378247e-92;0.035889977141939464;9.519096978467637e-112
2.030511069746037e-92;0.04057235778865224;5.777412096406569e-112
1.1244042330239591e-92;0.035889977141939464;2.904197435995521e-112
7.670739407457163e-93;0.040572357788652216;1.7626404516129308e-112
4.247704919553719e-93;0.035889977141939464;8.860465195723545e-113
2.8978045938196004e-93;0.04057235778865224;5.377669637924324e-113
1.604671750041017e-93;0.035889977141939464;2.703254348742883e-113
1.0947147358178432e-93;0.040572357788652216;1.6406823472245915e-113
6.062029905905608e-94;0.035889977141939464;8.247404524002056e-114
4.135545769278796e-94;0.04057235778865224;5.005585589548023e-114
2.2900762463821432e-94;0.035889977141939464;2.516214629014148e-114
1.5623009584339374e-94;0.040572357788652216;1.5271625940679996e-114
8.651308712836594e-95;0.035889977141939464;7.676761871979244e-115
5.901964144261558e-95;0.04057235778865224;4.659246250009867e-115
3.2682380144784554e-95;0.035889977141939464;2.342116294831496e-115
2.2296075907849474e-95;0.040572357788652216;1.4214973377788478e-115
1.2346547873656733e-95;0.035889977141939464;7.14560231252937e-116
8.422873957510006e-96;0.04057235778865224;4.3368703281310133e-116
4.664202659695936e-96;0.035889977141939464;2.1800639243022078e-116
3.1819413423831988e-96;0.040572357788652216;1.3231431212113436e-116
1.7620136959199592e-96;0.035889977141939464;6.6511939878188e-117
1.2020541631565057e-96;0.04057235778865224;4.036799781291527e-117
6.656426598778874e-97;0.035889977141939464;2.0292240502881937e-117
4.5410460334874163e-97;0.040572357788652216;1.2315940893315077e-117
2.514623760730606e-97;0.035889977141939464;6.190994058825227e-118
1.715488345724984e-97;0.04057235778865224;3.757491287791869e-118
9.4995904547208e-98;0.035889977141939464;1.8888208737209525e-118
6.480666002097669e-98;0.040572357788652216;1.146379387505444e-118
3.5886966558052095e-98;0.035889977141939464;5.76263562701749e-119
2.4482260072128537e-98;0.04057235778865224;3.497508309246553e-119
1.3557156751939182e-98;0.035889977141939464;1.7581322735147468e-119
9.24875711918081e-99;0.040572357788652216;1.0670607398016016e-119
5.121539010530025e-99;0.035889977141939464;5.363915560932184e-120
3.493938386308505e-99;0.04057235778865224;3.255513702185397e-120
1.934783400112926e-99;0.035889977141939464;1.6364860925561675e-120
1.3199184809386923e-99;0.040572357788652216;9.932301948516445e-121
7.309105324895584e-100;0.035889977141939464;4.992783165036128e-121
4.986306579276e-100;0.04057235778865224;3.0302628408622744e-121
2.7611887019135433e-100;0.035889977141939464;1.5232566806682248e-121
1.883696126812997e-100;0.040572357788652216;9.245080276765293e-122
1.0431048272907362e-100;0.035889977141939464;4.647329632596996e-122
7.116110976644966e-101;0.04057235778865224;2.8205972159006954e-122
3.9405770419210814e-101;0.035889977141939464;1.4178616767687214e-122
2.688280488085008e-101;0.040572357788652216;8.605407866864254e-123
1.488646875851091e-101;0.035889977141939464;4.3257782283156253e-123
1.0155620122194649e-101;0.04057235778865224;2.6254384758527822e-123
5.623718296599661e-102;0.035889977141939464;1.319759013672939e-123
3.836527494933904e-102;0.040572357788652216;8.009994758098426e-124
2.124493591633572e-102;0.035889977141939464;4.026475150227885e-124
1.4493396801261061e-102;0.04057235778865224;2.443782881026158e-124
8.025780778566295e-103;0.035889977141939464;1.2284441301357479e-124
5.475225998410914e-103;0.040572357788652216;7.455778624022827e-125
3.0319299318796916e-103;0.035889977141939464;3.7478810238765995e-125
2.0683970876355537e-103;0.04057235778865224;2.2746961410538077e-125
1.1453837782833298e-103;0.035889977141939464;1.1434473757941354e-125
7.813862867726243e-104;0.040572357788652216;6.939909022316552e-126
4.3269601508939334e-104;0.035889977141939464;3.488562985006706e-126
2.9518728913618034e-104;0.04057235778865224;2.1173086096553692e-126
1.634612302217595e-104;0.035889977141939464;1.064331595663215e-126
1.1151403235839296e-104;0.040572357788652216;6.4597327343987545e-127
6.1751374761542336e-105;0.035889977141939464;3.247187310063227e-127
4.2127082941880505e-105;0.04057235778865224;1.970810811875688e-127
2.3328053262337682e-105;0.035889977141939464;9.9068988176239e-128
1.5914509408900469e-105;0.040572357788652216;6.012780119404774e-128
8.812727993699345e-106;0.035889977141939464;3.022512556589373e-128
6.012085149009747e-106;0.04057235778865224;1.8344492807963005e-128
3.329217994212924e-106;0.035889977141939464;9.221434803077493e-129
2.271208424353234e-106;0.040572357788652216;5.596752412338663e-129
1.257691427775302e-106;0.035889977141939464;2.8133831782443595e-129
8.580031019192644e-107;0.04057235778865224;1.7075226823072313e-129
4.7512290581423464e-107;0.035889977141939464;8.58339843707054e-130
3.24131116725985e-107;0.040572357788652216;5.209509901073772e-130
1.7948899916466058e-107;0.035889977141939464;2.618723581601863e-130
1.224482529200926e-107;0.04057235778865224;1.589378208008052e-130
6.78062463983319e-108;0.035889977141939464;7.989508173382876e-131
4.625774530576251e-108;0.040572357788652216;4.849060921393391e-131
2.561542530199001e-108;0.035889977141939464;2.4375325941619944e-131
1.747496554458124e-108;0.04057235778865224;1.4794082176861878e-131
9.676837286453458e-109;0.035889977141939464;7.436709517860532e-132
6.60158463768143e-109;0.040572357788652216;4.513551613470982e-132
3.655655870028498e-109;0.035889977141939464;2.26887831512468e-132
2.493905903121247e-109;0.04057235778865224;1.377047114104096e-132
1.3810111139082288e-109;0.035889977141939464;6.922159318552985e-133
9.42132381083489e-110;0.040572357788652216;4.201256387105259e-133
5.217098557811413e-110;0.035889977141939464;2.1118933224410018e-133
3.5591295660961125e-110;0.04057235778865224;1.2817684340216722e-133
1.9708832961446138e-110;0.035889977141939464;6.443211142824768e-134
1.3445460025152175e-110;0.040572357788652216;3.910569046671258e-134
7.445481284239629e-111;0.035889977141939464;1.9657702114913999e-134
5.07934291041439e-111;0.04057235778865224;1.1930821404925263e-134
2.81270797019811e-111;0.035889977141939464;5.997401666233177e-135
1.918842817822061e-111;0.040572357788652216;3.6399945301410576e-135
1.0625674585150615e-111;0.035889977141939464;1.829757442445293e-135
7.248885976881055e-112;0.04057235778865224;1.1105321025078086e-135
4.014101769035173e-112;0.035889977141939464;5.582438003167375e-136
2.7384394082608856e-112;0.040572357788652216;3.388141219686448e-136
1.5164225935066065e-112;0.035889977141939464;1.7031554749442748e-136
1.0345107395305982e-112;0.04057235778865224;1.0336937490249325e-136
5.728647688596134e-113;0.035889977141939464;5.196185914087771e-137
3.9081108275600366e-113;0.040572357788652216;3.15371378431536e-137
2.1641331697762564e-113;0.035889977141939464;1.5853131702287831e-137
1.476381989753163e-113;0.04057235778865224;9.621718853154096e-138
8.175528730539826e-114;0.035889977141939464;4.836658828713303e-138
5.577384766819337e-114;0.040572357788652216;2.935506517730439e-138
3.0885007890153324e-114;0.035889977141939464;1.4756244422037058e-138
2.10698999669789e-114;0.04057235778865224;8.95598660400797e-139
1.1667547675682233e-114;0.035889977141939464;4.502007628700717e-139
7.959656777842618e-115;0.040572357788652216;2.7323971371449604e-139
4.407694155316015e-115;0.035889977141939464;1.3735251402186744e-139
3.006950014966792e-115;0.04057235778865224;8.336316751229612e-140
1.6651114961628812e-115;0.035889977141939464;4.190511137266088e-140
1.1359470194341039e-115;0.040572357788652216;2.543341011162265e-140
6.290355448800417e-116;0.035889977141939464;1.2784901475305676e-140
4.291310545697501e-116;0.04057235778865224;7.759522211180111e-141
2.3763316608789142e-116;0.035889977141939464;3.9005672668349255e-141
1.6211448143759874e-116;0.040572357788652216;2.367365787031542e-141
8.977159094518921e-117;0.035889977141939464;1.1900306805250786e-141
6.124260831724517e-117;0.04057235778865224;7.222636416366562e-142
3.391335760703407e-117;0.035889977141939464;3.630684779191407e-142
2.313585461483409e-117;0.040572357788652216;2.203566389646793e-142
1.2811578942438363e-117;0.035889977141939464;1.1076917748066721e-142
8.740120374788403e-118;0.04057235778865224;6.7228980578033025e-143
4.83987922694761e-118;0.035889977141939464;3.3794756157476686e-143
3.3017887360345124e-118;0.040572357788652216;2.051100366568033e-143
1.828379705318412e-118;0.035889977141939464;1.0310499452274425e-143
1.247329371898764e-118;0.04057235778865224;6.257736883058069e-144
6.907140013344026e-119;0.035889977141939464;3.1456477584861097e-144
4.7120839229403065e-119;0.040572357788652216;1.909183555123042e-144
2.6093367272215327e-119;0.035889977141939464;9.597110078198885e-145
1.7801019840519416e-119;0.04057235778865224;5.824760476939414e-145
9.857391254373658e-120;0.035889977141939464;2.9279985848572326e-145
6.72475941737551e-120;0.040572357788652216;1.7770860493049233e-145
3.723864433750894e-120;0.035889977141939464;8.93308052431437e-146
2.5404381112279655e-120;0.04057235778865224;5.42174195683589e-146
1.4067785241660289e-120;0.035889977141939464;2.7254086824558875e-146
9.59711031491184e-121;0.040572357788652216;1.6541284457222615e-146
5.314441090062337e-121;0.035889977141939464;8.314995556335305e-147
3.625537106749942e-121;0.04057235778865224;5.046608519421945e-147
2.0076567572344933e-121;0.035889977141939464;2.536836091663658e-147
1.3696330333930806e-121;0.040572357788652216;1.5396783492941924e-147
7.584401796091871e-122;0.035889977141939464;7.739676241996318e-148
5.174115147433021e-122;0.04057235778865224;4.6974307798236414e-148
2.8651885038256497e-122;0.035889977141939464;2.3613109466460755e-148
1.954645288641518e-122;0.040572357788652216;1.4331471207184155e-148
1.082393230628263e-122;0.035889977141939464;7.204163601179766e-149
7.384138341613804e-123;0.04057235778865224;4.372412848413698e-149
4.088998347388246e-123;0.035889977141939464;2.197930487142342e-149
2.7895342119073887e-123;0.040572357788652216;1.3339868489837673e-149
1.5447165606568782e-123;0.035889977141939464;6.705703387300439e-150
1.0538130191235167e-123;0.04057235778865224;4.0698830941987696e-150
5.835534891550427e-124;0.035889977141939464;2.0458544153921827e-150
3.981029788177013e-124;0.040572357788652216;1.2416875333563738e-150
2.2045123576600704e-124;0.035889977141939464;6.241731921674947e-151
1.5039288646798503e-124;0.04057235778865224;3.788285547293256e-151
8.328070734548814e-125;0.035889977141939464;1.90430057431959e-151
5.681449650877748e-125;0.040572357788652216;1.1557744603458199e-151
3.146127165885591e-125;0.035889977141939464;5.809862908019275e-152
2.1463029863669931e-125;0.04057235778865224;3.5261718962608804e-152
1.18852450458438e-125;0.035889977141939464;1.7725409247454963e-152
8.108170964035895e-126;0.040572357788652216;1.0758057621605234e-152
4.4899345243087915e-126;0.035889977141939464;5.407875159258736e-153
3.063054787680079e-126;0.04057235778865224;3.2821940391647884e-153
1.6961797552192366e-126;0.035889977141939464;1.6498978009394483e-153
1.1571419342223337e-126;0.040572357788652216;1.0013701440949734e-153
6.4077232005036725e-127;0.035889977141939464;5.033701173527008e-154
4.3713793867524235e-127;0.04057235778865224;3.055097150014794e-154
2.4206701257890016e-127;0.035889977141939464;1.5357404252517793e-154
1.651392727009443e-127;0.040572357788652216;9.320847691603709e-155
9.144658210933254e-128;0.035889977141939464;4.685416500598424e-155
6.238529529338562e-128;0.04057235778865224;2.843713224951076e-155
3.454612543191196e-128;0.035889977141939464;1.4294816639003855e-155
2.3567531848653103e-128;0.040572357788652216;8.675932890788713e-156
1.305062206623028e-128;0.035889977141939464;4.3612298440628075e-156
8.903196736109188e-129;0.04057235778865224;2.6469550749711854e-156
4.930183463012751e-129;0.035889977141939464;1.3305750072265034e-156
3.363394717397841e-129;0.040572357788652216;8.075640115144764e-157
1.862494282311674e-129;0.035889977141939464;4.0594738483366035e-157
1.2706024993404113e-129;0.04057235778865224;2.463810734303651e-157
7.0360159569475634e-130;0.035889977141939464;1.2385117588882777e-157
4.8000037075016055e-130;0.040572357788652216;7.516881941142667e-158
2.6580226858455594e-130;0.035889977141939464;3.7785965231259365e-158
1.8133157776715885e-130;0.04057235778865224;2.2933382556694786e-158
1.0041314064237422e-130;0.035889977141939464;1.1528184195356806e-158
6.850232437141539e-131;0.040572357788652216;6.996784565858994e-159
3.793345657792122e-131;0.035889977141939464;3.5171532612360094e-159
2.5878385342856086e-131;0.04057235778865224;2.1346608656624753e-159
1.4330267121849232e-131;0.035889977141939464;1.0730542515104438e-159
9.776176707849013e-132;0.040572357788652216;6.512673026443849e-160
5.413599874868206e-132;0.035889977141939464;3.2737994086728913e-160
3.693183703575747e-132;0.04057235778865224;1.986962455331576e-160
2.0451163510056848e-132;0.035889977141939464;9.988090120458049e-161
1.3951881472648314e-132;0.040572357788652216;6.062057442261987e-161
7.725914337643275e-133;0.035889977141939464;3.0472833488241256e-161
5.270655679498472e-133;0.04057235778865224;1.849483382772398e-161
2.918648238436387e-133;0.035889977141939464;9.297008433074615e-162
1.9911157750508366e-133;0.040572357788652216;5.642620208948195e-162
1.102588919245811e-133;0.035889977141939464;2.8364400651489683e-162
7.521914294415699e-134;0.04057235778865224;1.7215165661398572e-162
4.1652923734822435e-134;0.035889977141939464;8.653743084238093e-163
2.8415823610804734e-134;0.040572357788652216;5.2522040785133505e-163
1.573538446990452e-134;0.035889977141939464;2.6401851492696946e-163
1.0734754477059505e-134;0.04057235778865224;1.6024038469875073e-163
5.944416435015181e-135;0.035889977141939464;8.054985634043633e-164
4.0553092974202e-135;0.040572357788652216;4.888801064194668e-164
2.2456449551939658e-135;0.035889977141939464;2.4575092236465586e-164
1.531989719269998e-135;0.04057235778865224;1.4915326052295251e-164
8.483458923037626e-136;0.035889977141939464;7.497656555442091e-165
5.7874562155888125e-136;0.040572357788652216;4.550542112985826e-165
3.204828756763577e-136;0.035889977141939464;2.287472750151051e-165
2.186349492170091e-136;0.04057235778865224;1.3883326083153858e-165
1.210700429312755e-136;0.035889977141939464;6.978889395628081e-166
8.259456182211626e-137;0.040572357788652216;4.2356874927306253e-166
4.573709364173129e-137;0.035889977141939464;2.1292011978369553e-166
3.120206383754437e-137;0.04057235778865224;1.2922730784119838e-166
1.7278276972115542e-137;0.035889977141939464;6.496016033310865e-167
1.1787323114794973e-137;0.040572357788652216;3.94261784433913e-167
6.527280842627613e-138;0.035889977141939464;1.9818805450560915e-167
4.452942181516753e-138;0.04057235778865224;1.202859962509082e-167
2.4658358739874328e-138;0.035889977141939464;6.046552956042951e-168
1.6822050162553887e-138;0.040572357788652216;3.6698258531061834e-168
9.31528258709896e-139;0.035889977141939464;1.8447530927852726e-168
6.354930294089081e-139;0.04057235778865224;1.119633391407758e-168
3.5190699670205e-139;0.035889977141939464;5.628188487028357e-169
2.400726347412098e-139;0.040572357788652216;3.4159084962960645e-169
1.3294125344019585e-139;0.035889977141939464;1.7171135676315488e-169
9.06931583579986e-140;0.04057235778865224;1.0421653145228632e-169
5.02217262852944e-140;0.035889977141939464;5.238770895715196e-170
3.4261501656844627e-140;0.040572357788652216;3.1795598271213204e-170
1.8972453815546928e-140;0.035889977141939464;1.598305494472777e-170
1.2943098653024692e-140;0.04057235778865224;9.70057298334887e-171
7.167296515023622e-141;0.035889977141939464;4.876297331023329e-171
4.889563931546539e-141;0.040572357788652216;2.959564258002165e-171
2.707617044885077e-141;0.035889977141939464;1.4877178200772446e-171
1.847149286395483e-141;0.04057235778865224;9.029384771681903e-172
1.0228668573129406e-141;0.035889977141939464;4.53890352028823e-172
6.97804657838302e-142;0.040572357788652216;2.7547903085610685e-172
3.864123287913699e-142;0.035889977141939464;1.3847817703370135e-172
2.6361233717661566e-142;0.04057235778865224;8.40463645756056e-173
1.4597646484921555e-142;0.035889977141939464;4.224854180940904e-173
9.958584187011883e-143;0.040572357788652216;2.5641847861971416e-173
5.514608800533212e-143;0.035889977141939464;1.2889679249510825e-173
3.7620924753365677e-143;0.04057235778865224;7.823114837822826e-174
2.083274879572605e-143;0.035889977141939464;3.9325340956091527e-174
1.4212200777940887e-143;0.040572357788652216;2.3867673693099586e-174
7.870067271931603e-144;0.035889977141939464;1.1997834945128981e-174
5.368997500106195e-144;0.04057235778865224;7.281829032677425e-175
2.97310544432024e-144;0.035889977141939464;3.660439804737673e-175
2.0282667411290978e-144;0.040572357788652216;2.2216255653132212e-175
1.1231614264050826e-144;0.035889977141939464;1.1167697859977481e-175
7.662260921315544e-145;0.04057235778865224;6.777995103022259e-176
4.2430099214080145e-145;0.035889977141939464;3.407171874000624e-176
2.8946016436495136e-145;0.040572357788652216;2.0679100175063256e-176
1.6028981026164495e-145;0.035889977141939464;1.0394998436145322e-176
1.0935047450694119e-145;0.04057235778865224;6.309021732099331e-177
6.055329530124706e-146;0.035889977141939464;3.1714276967362626e-177
4.130974740903252e-146;0.040572357788652216;1.9248301366662235e-177
2.2875450197706184e-146;0.035889977141939464;9.675762528883616e-178
1.5605741435440667e-146;0.04057235778865224;5.872496897844233e-178
8.641746401156799e-147;0.035889977141939464;2.951994794385303e-178
5.895440689539998e-147;0.040572357788652216;1.7916500348918955e-178
3.2646256233853177e-147;0.035889977141939464;9.006290966799268e-179
2.2271432003193617e-147;0.04057235778865224;5.4661754673834126e-179
1.2332901205521736e-147;0.035889977141939464;2.747744580475808e-179
8.413564135297567e-148;0.040572357788652216;1.6676847407885132e-179
4.65904730562753e-148;0.035889977141939464;8.383140526290802e-180
3.1784243352028216e-148;0.04057235778865224;5.087967649875255e-180
1.76006613807597e-148;0.035889977141939464;2.5576265560814913e-180
1.2007255298889123e-148;0.040572357788652216;1.552296676525147e-180
6.649069234948267e-149;0.035889977141939464;7.803106222373673e-181
4.536026804724947e-149;0.04057235778865224;4.735928248305775e-181
2.5118443412282316e-149;0.035889977141939464;2.3806629068996384e-181
1.7135922124589783e-149;0.040572357788652216;1.4448923786468758e-181
9.489090535255017e-150;0.035889977141939464;7.263204824813715e-182
6.473502906864145e-150;0.04057235778865224;4.408246654958688e-182
3.584730061029082e-150;0.035889977141939464;2.2159434741602904e-182
2.4455199773021583e-150;0.040572357788652216;1.3449194457758093e-182
1.354217199499003e-150;0.035889977141939464;6.760659514788666e-183
9.238534446385287e-151;0.04057235778865224;4.103237539104667e-183
5.1158781615273444e-151;0.035889977141939464;2.0626210735010986e-183
3.490076528068452e-151;0.040572357788652216;1.2518636975023924e-183
1.9326448795123014e-151;0.035889977141939464;6.292885603164135e-184
1.3184595719660024e-151;0.04057235778865224;3.8193321790147244e-184
7.301026553748099e-152;0.035889977141939464;1.9199071377319269e-184
4.980795202994702e-152;0.040572357788652216;1.1652465298546965e-184
2.7581367536071247e-152;0.035889977141939464;5.857477236930248e-185
1.8816140730945922e-152;0.04057235778865224;3.555070393716544e-185
1.0419518810944616e-152;0.035889977141939464;1.7870676610790656e-185
7.108245522600314e-153;0.040572357788652216;1.084622453744264e-185
3.9362215129342033e-153;0.035889977141939464;5.4521950254275146e-186
2.685309125397225e-153;0.04057235778865224;3.3090930329972756e-186
1.4870014709903285e-153;0.035889977141939464;1.6634194240495177e-186
1.0144395091608684e-153;0.040572357788652216;1.0095768037283263e-186
5.617502387661897e-154;0.035889977141939464;5.07495452272136e-187
3.832286972153779e-154;0.04057235778865224;3.080134987027254e-187
2.12214538391619e-154;0.035889977141939464;1.5483264794990923e-187
1.4477377216003726e-154;0.040572357788652216;9.397236053040686e-188
8.016909864369852e-155;0.035889977141939464;4.723815506887613e-188
5.469174218356356e-155;0.04057235778865224;2.8670186796519806e-188
3.0285787326609018e-155;0.035889977141939464;1.4411968818314662e-188
2.0661108835147562e-155;0.040572357788652216;8.747035897660232e-189
1.1441177829241887e-155;0.035889977141939464;4.396972001070489e-189
7.805226186890467e-156;0.04057235778865224;2.6686480118868377e-189
4.3221775517563405e-156;0.035889977141939464;1.341479642505821e-189
2.9486101793764433e-156;0.040572357788652216;8.141823464166375e-190
1.6328055614309372e-156;0.035889977141939464;4.0927429849892757e-190
1.1139077563857425e-156;0.04057235778865224;2.484002724465001e-190
6.168312082312356e-157;0.035889977141939464;1.2486618961946875e-190
4.208051977893911e-157;0.040572357788652216;7.578486026264272e-191
2.330226871070712e-157;0.035889977141939464;3.809563749121172e-191
1.589691906456638e-157;0.04057235778865224;2.3121331504438183e-191
8.802987264912242e-158;0.035889977141939464;1.1622662630169153e-191
6.0054399772850185e-158;0.040572357788652216;7.054126228977803e-192
3.3255382018060833e-158;0.035889977141939464;3.545977847093226e-192
2.2686980523893655e-158;0.04057235778865224;2.1521553308813927e-192
1.2563012985094762e-158;0.035889977141939464;1.0818483932793e-192
8.570547490913708e-159;0.040572357788652216;6.566047186984325e-193
4.745977513592935e-159;0.035889977141939464;3.3006296048928336e-193
3.237728538473686e-159;0.04057235778865224;2.003246468462304e-193
1.7929060955563356e-159;0.035889977141939464;1.006994682098907e-193
1.2231291058080773e-159;0.040572357788652216;6.111738614004384e-194
6.77312999961839e-160;0.035889977141939464;3.072257148370344e-194
4.6206616512084955e-160;0.04057235778865224;1.8646406956895704e-194
2.5587112512713955e-160;0.035889977141939464;9.373201421520117e-195
1.745565042444418e-160;0.040572357788652216;5.688863911906796e-195
9.66614145565153e-161;0.035889977141939464;2.8596859131726574e-195
6.594287890798219e-161;0.04057235778865224;1.7356251358778377e-195
3.651615265076842e-161;0.035889977141939464;8.724664236087536e-196
2.49114938311516e-161;0.040572357788652216;5.295248153125986e-196
1.3794846791059579e-161;0.035889977141939464;2.661822603728335e-196
9.410910399672954e-162;0.04057235778865224;1.6155362366887142e-196
5.211332086618441e-162;0.035889977141939464;8.120999710696506e-197
3.555195651893125e-162;0.040572357788652216;4.9288668945827904e-197
1.9687048742447778e-162;0.035889977141939464;2.4776495702139395e-197
1.3430598726855407e-162;0.04057235778865224;1.503756357350911e-197
7.437251776426506e-163;0.035889977141939464;7.559103080247285e-198
5.0737287008594816e-163;0.040572357788652216;4.587835765576476e-198
2.8095990775244e-163;0.035889977141939464;2.3062195745813267e-198
1.9167219163841833e-163;0.04057235778865224;1.3997105920125459e-198
1.061393000227141e-163;0.035889977141939464;7.03608440011918e-199
7.240873766319258e-164;0.040572357788652216;4.270400776096505e-199
4.009664972996088e-164;0.035889977141939464;2.1466509187265007e-199
2.7354126048017478e-164;0.04057235778865224;1.302863812887557e-199
1.5147464880803946e-164;0.035889977141939464;6.549253682618243e-200
1.0333672923995514e-164;0.040572357788652216;3.974929295707727e-200
5.72231580095688e-165;0.035889977141939464;1.9981229097432712e-200
3.903791183555552e-165;0.04057235778865224;1.2127179179884969e-200
2.1617411483407863e-165;0.035889977141939464;6.0961070618428184e-201
1.474750141299588e-165;0.040572357788652216;3.699901656611738e-201
8.166492299583143e-166;0.035889977141939464;1.859871638938604e-201
5.571220070440007e-166;0.04057235778865224;1.1288092692902839e-201
3.085087061896334e-166;0.035889977141939464;5.674313915809897e-202
2.1046611357447785e-166;0.040572357788652216;3.443903337697223e-202
1.1654651508048301e-166;0.035889977141939464;1.7311860529003283e-202
7.950858950658297e-167;0.04057235778865224;1.05070630814886e-202
4.402822320695229e-167;0.035889977141939464;5.281704879608963e-203
3.003626426108378e-167;0.040572357788652216;3.2056176893802984e-203
1.6632710445460886e-167;0.035889977141939464;1.6114042964099154e-203
1.1346914545465124e-167;0.04057235778865224;9.780073357104109e-204
6.283402704264916e-168;0.035889977141939464;4.916260687932593e-204
4.28656735015162e-168;0.040572357788652216;2.9838191618174024e-204
2.37370509595676e-168;0.035889977141939464;1.4999103083912315e-204
1.6193529592350255e-168;0.04057235778865224;9.103384468953453e-205
8.967236619652946e-169;0.035889977141939464;4.576101789598844e-205
6.117491671956305e-169;0.040572357788652216;2.777367001661963e-205
3.3875873093845276e-169;0.035889977141939464;1.3961306533875519e-205
2.311028250081658e-169;0.04057235778865224;8.47351607331109e-206
1.2797418274379433e-169;0.035889977141939464;4.259478680650639e-206
8.730459899371697e-170;0.040572357788652216;2.5851993849461053e-206
4.834529697160058e-170;0.035889977141939464;1.2995315722704743e-206
3.2981392612506662e-170;0.04057235778865224;7.887228633431046e-207
1.8263587929695885e-170;0.035889977141939464;3.964762906313712e-207
1.2459506958374455e-170;0.040572357788652216;2.406327955911661e-207
6.899505535392089e-171;0.035889977141939464;1.2096162370120128e-207
4.706875645600062e-171;0.04057235778865224;7.341506757973994e-208
2.6064526212565915e-171;0.035889977141939464;3.69043868553417e-208
1.7781344331809297e-171;0.040572357788652216;2.2398327437025567e-208
9.846495856850244e-172;0.035889977141939464;1.1259221954005504e-208
6.717326525121285e-172;0.04057235778865224;6.833543692257806e-209
3.7197484377148265e-172;0.035889977141939464;3.435095115019103e-209
2.5376301590638275e-172;0.040572357788652216;2.0848574307742013e-209
1.4052236085851548e-172;0.035889977141939464;1.048018992558387e-209
9.586502606517324e-173;0.04057235778865224;6.360726882567538e-210
5.3085670259416385e-173;0.035889977141939464;3.1974189126841296e-210
3.6215297921375296e-173;0.040572357788652216;1.9406049486843382e-210
2.005437689542426e-173;0.035889977141939464;9.755059570278343e-211
1.3681191748097195e-173;0.04057235778865224;5.920624539279075e-211
7.576018739113281e-174;0.035889977141939464;2.976187663185943e-211
5.168396185903708e-174;0.040572357788652216;1.8063333786136543e-211
2.862021604295835e-174;0.035889977141939464;9.080101400393049e-212
1.9524848146492215e-174;0.04057235778865224;5.510973129687961e-212
1.0811968588682277e-174;0.035889977141939464;2.770263530800365e-212
7.375976636298117e-175;0.040572357788652216;1.6813521355317082e-212
4.084478767986585e-175;0.035889977141939464;8.451843973626003e-213
2.786450933242725e-175;0.04057235778865224;5.129665736216541e-213
1.543009181842845e-175;0.035889977141939464;2.5785874073099508e-213
1.0526482371378567e-175;0.040572357788652216;1.5650184163826368e-213
5.829084861236679e-176;0.035889977141939464;7.867056038760329e-214
3.976629546675445e-176;0.04057235778865224;4.774741220123477e-214
2.202075705014137e-176;0.035889977141939464;2.4001734648026205e-214
1.5022665686012248e-176;0.040572357788652216;1.4567338940228946e-214
8.31886569855963e-177;0.035889977141939464;7.322729916705159e-215
5.675169931339569e-177;0.04057235778865224;4.444374134982397e-215
3.1426497441979538e-177;0.035889977141939464;2.2341040853652788e-215
2.143930672674792e-177;0.040572357788652216;1.355941639907369e-215
1.1872108256799335e-177;0.035889977141939464;6.816066031411974e-216
8.099208983775472e-178;0.04057235778865224;4.13686533805276e-216
4.4849717892165104e-178;0.035889977141939464;2.0795251415948322e-216
3.0596691860856473e-178;0.040572357788652216;1.2621232596965933e-216
1.694304963783312e-178;0.035889977141939464;6.344458511105686e-217
1.1558629425460356e-178;0.04057235778865224;3.850633251255327e-217
6.400640729118726e-179;0.035889977141939464;1.9356416036533765e-217
4.366547690929951e-179;0.040572357788652216;1.1747962270529392e-217
2.4179945534582593e-179;0.035889977141939464;5.905481785774727e-218
1.6495674387801647e-179;0.04057235778865224;3.5842057268058105e-218
9.134550598903596e-180;0.035889977141939464;1.8017134502737369e-218
6.2316340681126035e-180;0.040572357788652216;1.0935114019129966e-218
3.4507941518971836e-180;0.035889977141939464;5.496878111988683e-219
2.354148260078312e-180;0.04057235778865224;3.3362124756699547e-219
1.3036197183249581e-180;0.035889977141939464;1.677051862684909e-219
8.893356012010314e-181;0.040572357788652216;1.0178507204720879e-219
4.924734119742656e-181;0.035889977141939464;5.116545960880698e-220
3.3596771493792393e-181;0.04057235778865224;3.1053780198981553e-220
1.8604356630414057e-181;0.035889977141939464;1.5610156818819414e-220
1.2691980994370998e-181;0.040572357788652216;9.474250450001057e-221
7.02823903211485e-182;0.035889977141939464;4.762529209572281e-221
4.794698252218622e-182;0.04057235778865224;2.890515132592107e-221
2.6550847671771043e-182;0.035889977141939464;1.4530081110193866e-221
1.8113115155170955e-182;0.040572357788652216;8.818721624298033e-222
1.0030215376403703e-182;0.035889977141939464;4.433007080449447e-222
6.842660859266182e-183;0.04057235778865224;2.6905187317639323e-222
3.789152863997218e-183;0.035889977141939464;1.3524736459680223e-222
2.584978190323418e-183;0.040572357788652216;8.208549214239213e-223
1.4314427844206701e-183;0.035889977141939464;4.12628477654625e-223
9.765371076953123e-184;0.04057235778865224;2.5043601966826673e-223
5.407616210311605e-184;0.035889977141939464;1.258895218248115e-223
3.6891016190222323e-184;0.040572357788652216;7.6405949833971125e-224
2.042855879137334e-184;0.035889977141939464;3.8407847648714076e-224
1.393646042554554e-184;0.04057235778865224;2.331082077476028e-224
7.717374866522751e-185;0.035889977141939464;1.1717915356447841e-224
5.264830011494101e-185;0.040572357788652216;7.111937831723622e-225
2.915422249737331e-185;0.035889977141939464;3.575038662846633e-225
1.9889149901449237e-185;0.04057235778865224;2.1697931707778677e-225
1.1013702251440879e-185;0.035889977141939464;1.090714606827697e-225
7.513600305018324e-186;0.040572357788652216;6.619858771759337e-226
4.160688466115757e-186;0.035889977141939464;3.3276796861268925e-226
2.8384415534752392e-186;0.04057235778865224;2.019663936094364e-226
1.5717992112782906e-186;0.035889977141939464;1.0152474372437623e-226
1.0722889327921587e-186;0.040572357788652216;6.161826944347503e-227
5.937846057677705e-187;0.035889977141939464;3.0974356189603586e-227
4.050826954603964e-187;0.04057235778865224;1.8799222293145353e-227
2.2431628385921227e-187;0.035889977141939464;9.450018844323149e-228
1.5302964074634029e-187;0.040572357788652216;5.73548660192886e-228
8.474082136121599e-188;0.035889977141939464;2.88312227093317e-228
5.781059326747628e-188;0.04057235778865224;1.7498493314215476e-228
3.201286452070745e-188;0.035889977141939464;8.796166617322975e-229
2.1839329149816987e-188;0.040572357788652216;5.338644992469673e-229
1.2093622393070264e-188;0.035889977141939464;2.6836373864457798e-229
8.250326986047008e-189;0.04057235778865224;1.6287762519798022e-229
4.56865403255512e-189;0.035889977141939464;8.187554801140594e-230
3.116757612367678e-189;0.040572357788652216;4.9692610817077765e-230
1.7259179252315943e-189;0.035889977141939464;2.497954975596129e-230
1.1774294559089059e-189;0.04057235778865224;1.516080288385845e-230
6.520066223902201e-190;0.035889977141939464;7.621053185789004e-231
4.448020334147152e-190;0.040572357788652216;4.625435055712932e-231
2.4631103798499543e-190;0.035889977141939464;2.325120037312288e-231
1.6803456711310023e-190;0.04057235778865224;1.411181823186735e-231
9.304986383548712e-191;0.035889977141939464;7.093748142306646e-232
6.347906174826583e-191;0.040572357788652216;4.3053985497709964e-232
3.5151803307857197e-191;0.035889977141939464;2.16424364759454e-232
2.3980728189860653e-191;0.04057235778865224;1.3135413429937129e-232
1.3279431316298494e-191;0.035889977141939464;6.602927637391786e-233
9.059291499872985e-192;0.040572357788652216;4.007505553337213e-233
5.016621609420327e-192;0.035889977141939464;2.0144983876048453e-233
3.422363233922625e-192;0.04057235778865224;1.2226566636590044e-233
1.8951483518134473e-192;0.035889977141939464;6.146067284883262e-234
1.2928792615923131e-192;0.040572357788652216;3.730223944281031e-234
7.159374485484137e-193;0.035889977141939464;1.8751140880894008e-234
4.884159485139216e-193;0.04057235778865224;1.1380603474442197e-234
2.704624309456004e-193;0.035889977141939464;5.7208173623470765e-235
1.84510762798495e-193;0.040572357788652216;3.4721276088813754e-235
1.0217362801920396e-193;0.035889977141939464;1.7453738682470702e-235
6.97033372723951e-194;0.04057235778865224;1.0593172988963296e-235
3.8598522634392864e-194;0.035889977141939464;5.324990725992909e-236
2.633209658460575e-194;0.040572357788652216;3.231889107043918e-236
1.458151167224592e-194;0.035889977141939464;1.6246104486707336e-236
9.947576940704225e-195;0.04057235778865224;9.860225270664024e-237
5.508513490575703e-195;0.035889977141939464;4.956551561764427e-237
3.75793422575705e-195;0.040572357788652216;3.008272845016276e-237
2.0809722309937083e-195;0.035889977141939464;1.5122027193984013e-237
1.419649199930338e-195;0.04057235778865224;9.177990625616699e-238
7.861368468236896e-196;0.035889977141939464;4.613604914748189e-238
5.363063134658351e-196;0.040572357788652216;2.8001287204868667e-238
2.9698192639446237e-196;0.035889977141939464;1.4075725454227834e-238
2.026024893173809e-196;0.04057235778865224;8.542960187179926e-239
1.1219199934632556e-196;0.035889977141939464;4.294386943048669e-239
7.653791806464411e-197;0.040572357788652216;2.606386207383059e-239
4.2383201126547155e-197;0.035889977141939464;1.3101817932295367e-239
2.891402233707709e-197;0.04057235778865224;7.951867869208847e-240
1.6011264156085125e-197;0.035889977141939464;3.9972558460033293e-240
1.0922960917265728e-197;0.040572357788652216;2.4260488499455445e-240
6.0486365602847765e-198;0.035889977141939464;1.2195295630709857e-240
4.126408764896026e-198;0.04057235778865224;7.401673567933264e-241
2.28501659092977e-198;0.035889977141939464;3.720683420079663e-241
1.5588492373067152e-198;0.040572357788652216;2.2581891377608364e-241
8.63219465872237e-199;0.035889977141939464;1.1351496127404598e-241
5.888924445208136e-199;0.04057235778865224;6.889547526107556e-242
3.261017225076476e-199;0.035889977141939464;3.463247199024596e-242
2.224681533750301e-199;0.040572357788652216;2.1019437353932495e-242
1.2319269621080837e-199;0.035889977141939464;1.0566079595971312e-242
8.404264603253314e-200;0.04057235778865224;6.412855779013846e-243
4.653897649783991e-200;0.035889977141939464;3.223623137841406e-243
3.1749112153786815e-200;0.040572357788652216;1.956509042081333e-243
1.7581207328722068e-200;0.035889977141939464;9.835006485081469e-244
1.199398365162765e-200;0.04057235778865224;5.969146607464607e-244
6.64172000322905e-201;0.035889977141939464;3.000578802966551e-244
4.531013123727721e-201;0.040572357788652216;1.821137058661494e-244
2.509067993824713e-201;0.035889977141939464;9.15451674228112e-245
1.7116981749934928e-201;0.04057235778865224;5.556137928129964e-245
9.478602221374684e-202;0.035889977141939464;2.792967033622002e-245
6.46634772901646e-202;0.040572357788652216;1.6951315404615278e-245
3.5807678505393963e-202;0.035889977141939464;8.521110475303494e-246
2.4428169383726405e-202;0.04057235778865224;5.171705556335242e-246
1.3527203800727679e-202;0.035889977141939464;2.5997200417423073e-246
9.228323072733841e-203;0.040572357788652216;1.5778444163776592e-246
5.11022356947426e-203;0.035889977141939464;7.931529951436197e-247
3.486218938349316e-203;0.04057235778865224;4.813872280962422e-247
1.9305087226234807e-203;0.035889977141939464;2.4198439201310432e-247
1.3170022755288024e-203;0.040572357788652216;1.4686724557176977e-247
7.292956712085213e-204;0.035889977141939464;7.382742842362798e-248
4.975289918450462e-204;0.04057235778865224;4.4807976952654245e-248
2.7550881786262883e-204;0.035889977141939464;2.25241353060108e-248
1.87953432067502e-204;0.040572357788652216;1.3670541656672267e-248
1.0408002092523064e-204;0.035889977141939464;6.871926628303245e-249
7.100388762260393e-205;0.04057235778865224;4.1707687312971095e-249
3.9318707981236828e-205;0.035889977141939464;2.0965677458073723e-249
2.6823410469635555e-205;0.040572357788652216;1.272466903421887e-249
1.4853578847993965e-205;0.035889977141939464;6.396454081240857e-250
1.0133182468075222e-205;0.04057235778865224;3.88219084926468e-250
5.611293349182776e-206;0.035889977141939464;1.951505020300066e-250
3.828051136433371e-206;0.040572357788652216;1.184424188132889e-250
2.119799771678275e-206;0.035889977141939464;5.953879752573128e-251
1.4461375337231352e-206;0.04057235778865224;3.613579836498676e-251
8.008048755215592e-207;0.035889977141939464;1.816479268018975e-251
5.463129127348418e-207;0.040572357788652216;1.102473198840543e-251
3.0252312375304296e-207;0.035889977141939464;5.541927395689747e-252
2.0638272063407074e-207;0.04057235778865224;3.363554173856006e-252
1.1428531868726748e-207;0.035889977141939464;1.6907960250265695e-252
7.79659905219818e-208;0.040572357788652216;1.0261924455272386e-252
4.317400238836755e-208;0.035889977141939464;5.158478258789683e-253
2.9453510736742653e-208;0.04057235778865224;3.130827930295897e-253
1.6310008176390871e-208;0.035889977141939464;1.5738088777437052e-253
1.1126765515469568e-208;0.040572357788652216;9.551896013115541e-254
6.161494232594252e-209;0.035889977141939464;4.801560187724897e-254
4.2034008082370544e-209;0.04057235778865224;2.914204149084279e-254
2.3276512658801724e-209;0.035889977141939464;1.464916138317734e-254
1.5879348162880968e-209;0.040572357788652216;8.890994846341508e-255
8.793257302575412e-210;0.035889977141939464;4.469337482824648e-255
5.998802150484123e-210;0.04057235778865224;2.712568691610394e-255
3.321862476682386e-210;0.035889977141939464;1.3635577500238363e-255
2.2661904551454897e-210;0.040572357788652216;8.275821810573464e-256
1.2549127057567735e-210;0.035889977141939464;4.1601014575318795e-256
8.561074444800725e-211;0.04057235778865224;2.5248845071533615e-256
4.74073177358798e-211;0.035889977141939464;1.2692124067833817e-256
3.2341498695754824e-211;0.040572357788652216;7.703212950184703e-257
1.7909243922710477e-211;0.035889977141939464;3.872261650292982e-257
1.2217771783572662e-211;0.04057235778865224;2.350186299126798e-257
6.765643643246924e-212;0.035889977141939464;1.181394871984484e-257
4.61555442311825e-212;0.040572357788652216;7.170223225454091e-258
2.5558831017630024e-212;0.035889977141939464;3.6043376445019784e-258
1.7436356653354547e-212;0.04057235778865224;2.187575560369116e-258
9.655457446976346e-213;0.035889977141939464;1.0996534828149072e-258
6.586999209026375e-213;0.040572357788652216;6.674111365648861e-259
3.647579126215285e-213;0.035889977141939464;3.3549514544274536e-259
2.4883959098970747e-213;0.04057235778865224;2.03621595194487e-259
