# ["m", "w0", "wp"] [calculated @ 2025-10-13T19:21:06.815]
0.008606870359592067;0.892503749265063;0.6284671328774925
0.0031142803813709054;-0.10428331462739635;0.09311786586008577
0.002096456397921336;-0.03941160489971664;0.07438159948169272
0.0004832492321313944;0.002818558385969868;0.01970443538797772
0.00013572944348159415;0.005655437290629703;0.005585572708059913
0.00039595635093338526;0.03831004762443313;0.01431718030804963
0.0002659959427986572;0.038770950282590345;0.008838561664531985
0.00017284330873386578;0.03780930265935508;0.005291196475670377
0.00011799321967338925;0.038856804109565095;0.0033106530776995497
7.683810315821672e-5;0.03785422882916768;0.001984950982171199
5.259199279693153e-5;0.03893937761839099;0.00124460245047741
3.4151798043732916e-5;0.03779563117960855;0.0007442782878432854
2.3454512409754946e-5;0.03901480010286073;0.00046808691639401177
1.517669086101703e-5;0.03771839223088406;0.0002790230641562722
1.046085469203949e-5;0.0390915542942995;0.00017605646280487638
6.743566602641827e-6;0.037636790900539376;0.00010459281776493391
4.6653656548657545e-6;0.03916848635651608;6.621597141778202e-5
2.9962679702292826e-6;0.03755554608178703;3.920578034318233e-5
2.080399898002634e-6;0.03924285288565868;2.4901670456309568e-5
1.3313215197437526e-6;0.03747813949236171;1.4696539264080322e-5
9.275165623492109e-7;0.03931182104886267;9.363179711757477e-6
5.915998351266636e-7;0.03740756245138355;5.509664684701913e-6
4.134181434480106e-7;0.039373086998932556;3.5198850444199123e-6
2.6293029601783264e-7;0.0373459820159589;2.0658664082789687e-6
1.842216242545918e-7;0.03942526051949429;1.322922491907516e-6
1.168786013536308e-7;0.03729445852288247;7.747444579946979e-7
8.206844676314118e-8;0.03946798172621402;4.970973555023748e-7
5.196543287218259e-8;0.03725295308731628;2.9060033352995973e-7
3.655160279649441e-8;0.03950177289350046;1.8674878082107186e-7
2.31086156191682e-8;0.037220589163916594;1.090208203004317e-7
1.6275953667673573e-8;0.039527733002848384;7.014491032816093e-8
1.0277856797195762e-8;0.03719601947873977;4.090610578752081e-8
7.246246926119083e-9;0.039547212743318655;2.6343351042894876e-8
4.571806959662039e-9;0.03717775741425994;1.535041621962344e-8
3.22568907051664e-9;0.0395615635149203;9.892273832871525e-9
2.033844036009159e-9;0.03716440212069391;5.760947128917018e-9
1.4357817051092402e-9;0.039571989170644806;3.7143554982954556e-9
9.04859505000441e-10;0.03715475314571958;2.1622168789399728e-9
6.390312531845347e-10;0.03957948508215606;1.3945778658089852e-9
4.025962209871131e-10;0.037147843898893675;8.115738770913778e-10
2.844017545988265e-10;0.039584833804699716;5.235782558515844e-10
1.7913337124373812e-10;0.03714292839473165;3.0463090197191787e-10
1.265684598079352e-10;0.039588629534617885;1.9656476666353447e-10
7.970700114951524e-11;0.03713944753460926;1.143489462124521e-10
5.632570087766501e-11;0.039591312631635484;7.379368431514477e-11
3.5467113876449954e-11;0.03713699075507202;4.2923900000952745e-11
2.506565782600863e-11;0.03959320395263026;2.7702898623967944e-11
1.5781995413920307e-11;0.037135260836847796;1.611285244890518e-11
1.1154382177325885e-11;0.03959453451675067;1.0399822452860442e-11
7.022677163888974e-12;0.03713404475096399;6.0485336975377874e-12
4.963724168798009e-12;0.03959546927787692;3.9041176301961325e-12
3.124977030539913e-12;0.03713319087434952;2.2705490835518893e-12
2.2088526094646423e-12;0.039596125330971864;1.4656059836896272e-12
1.3905714261145512e-12;0.03713259181635974;8.523419765010841e-13
9.829325376728304e-13;0.0395965854577815;5.501862256231873e-13
6.187873423598487e-13;0.037132171775270346;3.19961998209684e-13
4.374004192506429e-13;0.03959690801412992;2.0653844242882293e-13
2.7535356196585814e-13;0.037131877374683916;1.201113379456858e-13
1.9464068876940494e-13;0.039597134054482244;7.753381796299426e-14
1.2252953576500774e-13;0.03713167109230578;4.508897549436912e-14
8.661384880271947e-14;0.0395972924207985;2.9105884652752193e-14
5.4524469194718463e-14;0.03713152658191867;1.6926114010488404e-14
3.8542557457050786e-14;0.03959740335541423;1.0926221228425084e-14
2.4262888554670925e-14;0.03713142535981271;6.35396076646259e-15
1.7151154517246177e-14;0.03959748105532195;4.1016524834687455e-15
1.0796769752312498e-14;0.037131354465859065;2.385239852735115e-15
7.63213315098647e-15;0.039597535472786285;1.5397404306313131e-15
4.804468740755559e-15;0.03713130481654293;8.954055210314034e-16
3.3962397510193414e-15;0.03959757358210186;5.780108779884107e-16
2.1379475247767133e-15;0.037131270047198135;3.3613025651565927e-16
1.5112997812261434e-15;0.039597600269517606;2.1698234680815064e-16
9.51368585347367e-16;0.03713124569909427;1.2618145636673625e-16
6.725162946737629e-16;0.03959761895781149;8.145405637166544e-17
4.233510480653079e-16;0.037131228649126394;4.73678341218677e-17
2.9926432137968707e-16;0.03959763204433281;3.057742986481716e-17
1.883876891576131e-16;0.03713121670993743;1.7781629736165876e-17
1.3317019379362225e-16;0.03959764120807323;1.1478607439006648e-17
8.383095845158236e-17;0.03713120834965253;6.675128478322286e-18
5.925965119602714e-17;0.039597647624853065;4.30900901263546e-18
3.7304082872840046e-17;0.03713120249550297;2.505807570878194e-18
2.6370060682587803e-17;0.03959765211808205;1.6175793094429866e-18
1.6600008833224175e-17;0.0371311983962559;9.406668082975862e-19
1.173446118927348e-17;0.0395976552643659;6.0723074332167965e-19
7.386867045797572e-18;0.03713119552585441;3.5312131548667825e-19
5.221739070752405e-18;0.03959765746747405;2.2795121446115127e-19
3.2870949826963154e-18;0.03713119351592866;1.3255986548885656e-19
2.3236310584884605e-18;0.03959765901014295;8.557168094627439e-20
1.4627302070548672e-18;0.03713119210853189;4.9762269728927535e-20
1.0339967509976166e-18;0.03959766009035474;3.212315636775848e-20
6.509029063793319e-19;0.03713119112304145;1.868049201883654e-20
4.601200644721863e-19;0.03959766084674268;1.205886288959622e-20
2.896464393399981e-19;0.03713119043297974;7.012557626694391e-21
2.047496496760713e-19;0.03959766137638166;4.52683328526342e-21
1.288902835865369e-19;0.037131189949783906;2.632476950808249e-21
9.11119121149438e-20;0.03959766174724603;1.6993492429139704e-21
5.735511643756012e-20;0.03713118961144006;9.882178921501274e-22
4.0544052306624e-20;0.039597662006933015;6.379267051459087e-22
2.5522555285838678e-20;0.03713118937452468;3.709717587571333e-22
1.8041770127464374e-20;0.03959766218877111;2.394743059124195e-22
1.1357327292838013e-20;0.03713118920863179;1.3926083213254162e-22
8.028439447249703e-21;0.039597662316097834;8.989738579945574e-23
5.053917287204623e-21;0.03713118909247026;5.227777836873321e-23
3.572589576379364e-21;0.03959766240525454;3.3747002360353265e-23
2.2489516508767536e-21;0.03713118901113157;1.962480096668991e-23
1.5897730009187853e-21;0.03959766246768386;1.2668445889945841e-23
1.0007649993407899e-21;0.03713118895417665;7.367046289761147e-24
7.074359198663801e-22;0.0395976625113981;4.755667466030649e-24
4.453321990616868e-22;0.03713118891429563;2.7655501396407238e-24
3.1480317017865457e-22;0.03959766254200775;1.7852523693509023e-24
1.9816916828831498e-22;0.03713118888637013;1.038172868183132e-24
1.4008482344319727e-22;0.03959766256344122;6.701742803513154e-25
8.81836511031561e-23;0.03713118886681609;3.897245936573213e-25
6.233659510109505e-23;0.03959766257844943;2.515798739115908e-25
3.92409999497828e-23;0.03713118885312399;1.463005474076977e-25
2.773927248398624e-23;0.03959766258895841;9.444175165600618e-26
1.7461922453081985e-23;0.037131188843536535;5.492045029201683e-26
1.2343748269094629e-23;0.03959766259631705;3.545293316419364e-26
7.770411971311858e-24;0.03713118883682312;2.06168460330109e-26
5.492866527424524e-24;0.0395976626014697;1.3308843258886903e-26
3.457769462023237e-24;0.037131188832122276;7.739454758760757e-27
2.444280459160059e-24;0.0395976626050778;4.9960692409665796e-27
1.5386789911525564e-24;0.03713118882883051;2.905350307640134e-27
1.0876847149009251e-24;0.03959766260760421;1.875497920773702e-27
6.846995046565419e-25;0.03713118882652578;1.0906531110237206e-27
4.840107584926256e-25;0.03959766260937316;7.040519818912748e-28
3.0468565202974315e-25;0.037131188824911884;4.094253988835508e-28
2.1538080946080824e-25;0.039597662610611886;2.642973834888767e-28
1.3558261094450431e-25;0.03713118882378178;1.53696125338349e-28
9.584269000142527e-26;0.039597662611479276;9.921583734606938e-29
6.03331475184345e-26;0.03713118882299042;5.769671107018649e-29
4.2649209322064795e-26;0.0395976626120867;3.7245099630887367e-29
2.684775476841525e-26;0.03713118882243631;2.165903962122611e-29
1.8978547615493573e-26;0.039597662612511964;1.3981613053071602e-29
1.1947030210669298e-26;0.03713118882204832;8.130688710223411e-30
8.445297704641574e-27;0.03959766261280974;5.248623456578557e-30
5.3163302513069626e-27;0.03713118882177662;3.0522174601832286e-30
3.758088066846566e-27;0.039597662613018295;1.970305435025695e-30
2.365723267006546e-27;0.03713118882158642;1.145786261937268e-30
1.6723183020996716e-27;0.03959766261316422;7.396422203655575e-31
1.0527274099811673e-27;0.03713118882145332;4.301220916175648e-31
7.441678996844705e-28;0.03959766261326644;2.7765777042564807e-31
4.684550450944714e-28;0.03713118882135999;1.6146555412945252e-31
3.311485990586072e-28;0.03959766261333806;1.0423125580850189e-31
2.084586448437958e-28;0.037131188821294674;6.061331347176247e-32
1.4735840487733367e-28;0.03959766261338816;3.9127861146322575e-32
9.276238363782939e-29;0.03713118882124904;2.2753916708959654e-32
6.557327903459125e-29;0.03959766261342313;1.4688391749766482e-32
4.1278498306569276e-29;0.03713118882121712;8.541699767652703e-33
2.917957022489888e-29;0.03959766261344766;5.5139444343186656e-33
1.8368592479235417e-29;0.03713118882119472;3.206508833356269e-33
1.2984668923762296e-29;0.03959766261346486;2.0699055242199857e-33
8.173872682150752e-30;0.03713118882117902;1.203706425895443e-33
5.77807095033322e-30;0.03959766261347696;7.770315661016206e-34
3.6373061626547474e-30;0.03713118882116792;4.51865014270218e-34
2.57119408304545e-30;0.03959766261348548;2.9169353270160206e-34
1.6185713474320984e-30;0.037131188821160184;1.6962773208554265e-34
1.1441602343609555e-30;0.039597662613491375;1.0950020659625074e-34
7.202509466006045e-31;0.037131188821154855;6.3677351828082e-35
5.091419004598415e-31;0.039597662613495475;4.1105797353714463e-35
3.2050575150864396e-31;0.037131188821151045;2.390414047269483e-35
2.265639610772141e-31;0.039597662613498404;1.5430898521633012e-35
1.426224251907662e-31;0.03713118882114841;8.973487673938537e-36
1.0081910055455152e-31;0.03959766261350043;5.792677542196243e-36
6.346580699893437e-32;0.03713118882114654;3.368599725487231e-36
4.486367111653959e-32;0.03959766261350184;2.1745404560092436e-36
2.824176249028487e-32;0.03713118882114527;1.2645544879399495e-36
1.9963964913215438e-32;0.03959766261350284;8.163109650719532e-37
1.2567352189676853e-32;0.03713118882114429;4.7470705434964745e-37
8.883800302939567e-33;0.03959766261350363;3.064388109474969e-37
5.592368433581551e-33;0.03713118882114364;1.7820251289956445e-37
3.953218119025293e-33;0.039597662613504093;1.1503550591977907e-37
2.488557989375774e-33;0.03713118882114318;6.689627911096807e-38
1.7591495715430155e-33;0.039597662613504434;4.3183719390187664e-38
1.1073878518622346e-33;0.037131188821142955;2.511250871874492e-38
7.828071009203427e-34;0.039597662613504635;1.6210939443956748e-38
4.927784924793568e-34;0.037131188821142726;9.427102710794025e-39
3.4834272603313205e-34;0.03959766261350478;6.085500771277838e-39
2.192823790164148e-34;0.03713118882114258;3.5388844067786764e-39
1.5500965006261656e-34;0.03959766261350488;2.284464744640609e-39
9.757885638467264e-35;0.037131188821142504;1.328478455019024e-39
6.897802025654887e-35;0.03959766261350499;8.575759605745714e-40
4.342178909244591e-35;0.03713118882114234;4.987037728808484e-40
3.0694652085150034e-35;0.03959766261350509;3.219294716106892e-40
1.9322339263293744e-35;0.03713118882114234;1.872107538861309e-40
1.3658867899139974e-35;0.03959766261350509;1.2085061785325694e-40
8.598282162233026e-36;0.037131188821142275;7.027792504587104e-41
6.078083953146221e-36;0.03959766261350515;4.5366681597811883e-41
3.8261648930789124e-36;0.03713118882114219;2.638196068457243e-41
2.70469740349562e-36;0.03959766261350519;1.7030411889961003e-41
1.702611930244865e-36;0.03713118882114219;9.903648252392713e-42
1.2035681146999062e-36;0.03959766261350519;6.39312638541573e-42
7.576483152244423e-37;0.03713118882114219;3.717777078050056e-42
5.3557791893840255e-37;0.03959766261350519;2.3999457701896098e-42
3.3714727317802798e-37;0.03713118882114219;1.3956338159258708e-42
2.383277720230325e-37;0.03959766261350519;9.009269256729172e-43
1.500277655573054e-37;0.03713118882114219;5.239135395329855e-43
1.06053899738901e-37;0.03959766261350519;3.382031942073124e-43
6.67611225976976e-38;0.03713118882114219;1.9667436670978522e-43
4.719311372886034e-38;0.03959766261350519;1.2695968708738019e-43
2.9708150847600094e-38;0.03713118882114219;7.383051515556366e-44
2.100054773005389e-38;0.03959766261350519;4.76599938185237e-44
1.3219882956464843e-38;0.03713118882114219;2.771558418784374e-44
9.345071136778385e-39;0.03959766261350519;1.7891309146173079e-44
5.882739261664537e-39;0.03713118882114219;1.0404283449125689e-44
4.158479848907463e-39;0.03959766261350519;6.716302653810374e-45
2.6177706213205075e-39;0.03713118882114219;3.9057128782163554e-45
1.850489354298374e-39;0.03959766261350519;2.5212644289492324e-45
1.1648864110815232e-39;0.03713118882114219;1.4661839195035547e-45
8.23452553526567e-40;0.03959766261350519;9.46469307346997e-46
5.183648787523957e-40;0.03713118882114219;5.503976745962243e-46
3.664296183787113e-40;0.03959766261350519;3.552995629749324e-46
2.306681106139039e-40;0.03713118882114219;2.0661637068254344e-46
1.6305816850058064e-40;0.03959766261350519;1.3337757333518695e-46
1.0264541336644776e-40;0.03713118882114219;7.75626907678055e-47
7.255954481082535e-41;0.03959766261350519;5.006923430986127e-47
4.5676365307402125e-41;0.03713118882114219;2.911662313721257e-47
3.22884010753219e-41;0.03959766261350519;1.8795725260915523e-47
2.0325607148630963e-41;0.03713118882114219;1.0930226047113291e-47
1.436807310077433e-41;0.03959766261350519;7.055815671106422e-48
9.044728125368748e-42;0.03713118882114219;4.103148942718744e-48
6.393674438929673e-42;0.03959766261350519;2.6487158166838404e-48
4.02482967734357e-42;0.03713118882114219;1.5403003719744963e-48
2.8451325758371507e-42;0.03959766261350519;9.943138829831438e-49
1.791016126420621e-42;0.03713118882114219;5.78220598137181e-49
1.2660606121579232e-42;0.03959766261350519;3.732601631574074e-49
7.969874559302744e-43;0.03713118882114219;2.1706094875607497e-49
5.633865666825923e-43;0.03959766261350519;1.4011988747687696e-49
3.546528674644871e-43;0.03713118882114219;8.148353003451708e-50
2.507023917104587e-43;0.03959766261350519;5.260026331353489e-50
1.5781761113663872e-43;0.03713118882114219;3.058848542280789e-50
1.1156050379304585e-43;0.03959766261350519;1.9745860137875082e-50
7.022753985591082e-44;0.03713118882114219;1.1482755350252715e-50
4.964350727428257e-44;0.03959766261350519;7.412491269491354e-51
3.1250678037088565e-44;0.03713118882114219;4.310565515461672e-51
2.2090952718029653e-44;0.03959766261350519;2.7826099464208195e-51
1.3906294877786077e-44;0.03713118882114219;1.6181634543557842e-51
9.830292394410092e-45;0.03959766261350519;1.0445770298291894e-51
6.18818692504618e-45;0.03713118882114219;6.074499866944273e-52
4.374399320529435e-45;0.03959766261350519;3.921286821569334e-52
2.753692321056905e-45;0.03713118882114219;2.2803350634436502e-52
1.9465717445321923e-45;0.03959766261350519;1.4720302953174959e-52
1.2253704503263963e-45;0.03713118882114219;8.560257001349382e-53
8.662084274813075e-46;0.03959766261350519;5.525923730989186e-53
5.4527977909921684e-46;0.03713118882114219;3.2134751205592675e-53
3.8545563087887055e-46;0.03959766261350519;2.074402488715308e-53
2.4264502005519378e-46;0.03713118882114219;1.2063215331999494e-53
1.715245876887226e-46;0.03959766261350519;7.787197027451486e-54
1.079750396298347e-46;0.03713118882114219;4.528467116959092e-54
7.632703176421292e-47;0.03959766261350519;2.9232725025269485e-54
4.80480051905141e-47;0.03713118882114219;1.6999625609750847e-54
3.396490180467701e-47;0.03959766261350519;1.0973810080707372e-54
2.138096740415347e-47;0.03713118882114219;6.381569378950351e-55
1.5114102146210272e-47;0.03959766261350519;4.119510157993723e-55
9.514354765090733e-48;0.03713118882114219;2.3956073311989605e-55
6.725651232550373e-48;0.03959766261350519;1.5464422854964826e-55
4.233809672167594e-48;0.03713118882114219;8.992982986636673e-56
2.99285952048752e-48;0.03959766261350519;5.805262399295261e-56
1.8840105065147732e-48;0.03713118882114219;3.3759181625755316e-56
1.3317978883624354e-48;0.03959766261350519;2.1792647446814813e-56
8.38369190753161e-49;0.03713118882114219;1.267301790445141e-56
5.926391143001997e-49;0.03959766261350519;8.180844380071744e-57
3.730673993449936e-49;0.03713118882114219;4.7573837715313033e-57
2.6371953497417077e-49;0.03959766261350519;3.07104563290374e-57
1.66011926474783e-49;0.03713118882114219;1.7858966601538236e-57
1.17353025557749e-49;0.03959766261350519;1.1528542582170965e-57
7.387394283246559e-50;0.03713118882114219;6.704161433926057e-58
5.222113185095111e-50;0.03959766261350519;4.3277537997135744e-58
3.2873297391939924e-50;0.03713118882114219;2.5167066793366563e-58
2.32379744692006e-50;0.03959766261350519;1.624615845189365e-58
1.462834715441784e-50;0.03713118882114219;9.447583522923234e-59
1.0340707646331577e-50;0.03959766261350519;6.098721800244365e-59
6.509494253613614e-51;0.03713118882114219;3.5465727951314836e-59
4.6015299125414174e-51;0.03959766261350519;2.289427848861125e-59
2.896671441450697e-51;0.03713118882114219;1.3313646352686432e-59
2.0476429911955793e-51;0.03959766261350519;8.594390836012332e-60
1.2889949837590095e-51;0.03713118882114219;4.997872296537176e-60
9.111843015438944e-52;0.03959766261350519;3.2262887812287325e-60
5.735921735479195e-52;0.03713118882114219;1.8761747781781492e-60
4.054695251808826e-52;0.03959766261350519;1.2111317135202515e-60
2.55243802885844e-52;0.03713118882114219;7.04306070547404e-61
1.804306061593075e-52;0.03959766261350519;4.5465242790072126e-61
1.1358139444032145e-52;0.03713118882114219;2.6439276701694533e-61
8.02901367852297e-53;0.03959766261350519;1.7067411239294913e-61
5.054278700265903e-53;0.03713118882114219;9.925164381523236e-62
3.5728450966345934e-53;0.03959766261350519;6.4070157451093235e-62
2.249112480599447e-53;0.03713118882114219;3.7258541189193614e-62
1.5898867028576513e-53;0.03959766261350519;2.4051597622238263e-62
1.0008365684547791e-53;0.03713118882114219;1.3986658942708515e-62
7.074865155235953e-54;0.03959766261350519;9.028842306554792e-63
4.4536404710597855e-54;0.03713118882114219;5.250517656777908e-63
3.148256845900129e-54;0.03959766261350519;3.38937956126705e-63
1.9818334052367137e-54;0.03713118882114219;1.9710165077349087e-63
1.4009484209634338e-54;0.03959766261350519;1.272355128186789e-63
8.818995766799128e-55;0.03713118882114219;7.399091532905286e-64
6.234105329607529e-55;0.03959766261350519;4.776353733655118e-64
3.924380633069977e-55;0.03713118882114219;2.7775797563068317e-64
2.7741256336842304e-55;0.03959766261350519;1.7930178834200447e-64
1.7463171273076235e-55;0.03713118882114219;1.0426887231135812e-64
1.234463106504556e-55;0.03959766261350519;6.730894128739242e-65
7.770967687052006e-56;0.03713118882114219;3.914198218213579e-65
5.493259363661318e-56;0.03959766261350519;2.5267419913225073e-65
3.458016751305026e-56;0.03713118882114219;1.4693692711777265e-65
2.4444552678368277e-56;0.03959766261350519;9.485255552382773e-66
1.5387890329579414e-56;0.03713118882114219;5.515934387366654e-66
1.0877625032568213e-56;0.03959766261350519;3.5607146753799506e-66
6.847484723889846e-57;0.03713118882114219;2.0706525420493773e-66
4.840453736503108e-57;0.03959766261350519;1.33667342218114e-66
3.047074422786484e-57;0.03713118882114219;7.773119926363887e-67
2.1539621291482456e-57;0.03959766261350519;5.017801201313013e-67
1.3559230742942408e-57;0.03713118882114219;2.9179880333681958e-67
9.584954440978926e-58;0.03959766261350519;1.8836559834348442e-67
6.033746237554153e-58;0.03713118882114219;1.095397246349059e-67
4.265225947680458e-58;0.03959766261350519;7.0711447536053e-68
2.6849674844679735e-58;0.03713118882114219;4.112063221602994e-68
1.8979904909082404e-58;0.03959766261350519;2.6544702730305813e-68
1.1947884628924286e-58;0.03713118882114219;1.5436467450340624e-68
8.445901689070329e-59;0.03959766261350519;9.964740754048988e-69
5.316710460438635e-59;0.03713118882114219;5.794768088525048e-69
3.7583568349336722e-59;0.03959766261350519;3.740710879464456e-69
2.365892456954752e-59;0.03713118882114219;2.1753252360239525e-69
1.6724379016833519e-59;0.03959766261350519;1.404243043458807e-69
1.0528026981205212e-59;0.03713118882114219;8.166055673311877e-70
7.44221120514326e-60;0.03959766261350519;5.271453979316254e-70
4.684885476986199e-60;0.03713118882114219;3.065494030746165e-70
3.311722818898797e-60;0.03959766261350519;1.9788758922816987e-70
2.0847355322757382e-60;0.03713118882114219;1.1507702161831034e-70
1.473689435424173e-60;0.03959766261350519;7.428595246053207e-71
9.276901774616854e-61;0.03713118882114219;4.319930416343915e-71
6.557796865387921e-61;0.03959766261350519;2.7886552938929146e-71
4.1281450430282504e-61;0.03713118882114219;1.6216789885257117e-71
2.9181657066920233e-61;0.03959766261350519;1.0468464212380743e-71
1.8369906150033084e-61;0.03713118882114219;6.087696995942566e-72
1.2985597551304506e-61;0.03959766261350519;3.9298059966713344e-72
8.174457254861384e-62;0.03713118882114219;2.285289195742733e-72
5.778484181955392e-62;0.03959766261350519;1.4752283485107186e-72
3.6375662927072436e-62;0.03713118882114219;8.578854551498343e-73
2.571377967720424e-62;0.03959766261350519;5.5379290532231135e-73
1.6186871031677234e-62;0.03713118882114219;3.220456542343406e-73
1.1442420615298101e-62;0.03959766261350519;2.0789092230700057e-73
7.203024569516448e-63;0.03713118882114219;1.208942321945655e-73
5.091783128773928e-63;0.03959766261350519;7.804115069423259e-74
3.205286731915201e-63;0.03713118882114219;4.538305419044222e-74
2.2658016430373485e-63;0.03959766261350519;2.9296234458404826e-74
1.426326251512613e-63;0.03713118882114219;1.7036558074481901e-74
1.008263108571741e-63;0.03959766261350519;1.0997651185392564e-74
6.347034589752387e-64;0.03713118882114219;6.395433630518432e-75
4.4866879641943674e-64;0.03959766261350519;4.1284599823670334e-75
2.8243782262852847e-64;0.03713118882114219;2.4008118977758956e-75
1.996539268064897e-64;0.03959766261350519;1.549802002144299e-75
1.2568250971869384e-64;0.03713118882114219;9.012520653795085e-76
8.884435647712537e-65;0.03959766261350519;5.81787459757177e-76
5.592768384270238e-65;0.03713118882114219;3.383252499303677e-76
3.953500842227328e-65;0.03959766261350519;2.1839992970869453e-76
2.4887359641450792e-65;0.03713118882114219;1.2700550615908524e-76
1.7592753810442081e-65;0.03959766261350519;8.19861763893481e-77
1.107467049171808e-65;0.03713118882114219;4.767719405526293e-77
7.828630851143425e-66;0.03959766261350519;3.0777176201067747e-77
4.928137346311976e-66;0.03713118882114219;1.7897766023907056e-77
3.4836763853932834e-66;0.03959766261350519;1.1553588868606378e-77
2.1929806148433007e-66;0.03713118882114219;6.718726531499022e-78
1.550207359231179e-66;0.03959766261350519;4.337156042930091e-78
9.758583495400111e-67;0.03713118882114219;2.5221743397902875e-78
6.898295337335744e-67;0.03959766261350519;1.6281453974737132e-78
4.342489449844054e-67;0.03713118882114219;9.468108830554364e-79
3.069684728158454e-67;0.03959766261350519;6.11197155250143e-79
1.9323721143438093e-67;0.03713118882114219;3.5542778868599246e-79
1.3659844743511034e-67;0.03959766261350519;2.2944017356527192e-79
8.598897087539623e-68;0.03713118882114219;1.334257085876968e-79
6.078518640862672e-68;0.03959766261350519;8.613062543479454e-80
3.82643852978629e-68;0.03713118882114219;5.008730402860195e-80
2.7048908359567483e-68;0.03959766261350519;3.233298041277171e-80
1.702733696330635e-68;0.03713118882114219;1.88025085375858e-80
1.2036541905552917e-68;0.03959766261350519;1.2137629526028693e-80
7.577025001318159e-69;0.03713118882114219;7.058362077226265e-81
5.356162219865936e-69;0.03959766261350519;4.556401811103384e-81
3.371713850164651e-69;0.03713118882114219;2.6496717240487345e-81
2.383448165646657e-69;0.03959766261350519;1.710449097140879e-81
1.5003849512723517e-69;0.03713118882114219;9.946727255429126e-82
1.0606148441983892e-69;0.03959766261350519;6.420935280072605e-82
6.676589716813018e-70;0.03713118882114219;3.733948707529662e-82
4.7196488849539314e-70;0.03959766261350519;2.4103850818943926e-82
2.9710275492200546e-70;0.03713118882114219;1.4017045599448207e-82
2.100204963101602e-70;0.03959766261350519;9.048457879727044e-83
1.32208284058496e-70;0.03713118882114219;5.261924646709939e-83
9.345739470362436e-71;0.03959766261350519;3.396743143499995e-83
5.883159978870122e-71;0.03713118882114219;1.9752986313138213e-83
4.1587772518593405e-71;0.03959766261350519;1.2751193779400421e-83
2.6179578370191306e-71;0.03713118882114219;7.415166397926094e-84
1.8506216961676123e-71;0.03959766261350519;4.786730580761091e-84
1.164969720528688e-71;0.03713118882114219;2.7836141754606697e-84
8.235114445706619e-72;0.03959766261350519;1.7969132968404206e-84
5.184019507716657e-72;0.03713118882114219;1.0449540120896972e-84
3.664558244093094e-72;0.03959766261350519;6.745517304315262e-85
2.3068460735778487e-72;0.03713118882114219;3.922701993000337e-85
1.6306982996880996e-72;0.03959766261350519;2.5322314539507603e-85
1.0265275428188824e-72;0.03713118882114219;1.472561543174203e-85
7.256473406834193e-73;0.03959766261350519;9.505862704222189e-86
4.567963195443834e-73;0.03713118882114219;5.527918007294338e-86
3.229071025226644e-73;0.03959766261350519;3.568450490990519e-86
2.032706077971355e-73;0.03713118882114219;2.075151129473302e-86
1.4369100665535554e-73;0.03959766261350519;1.3395774063720216e-86
9.045374979253138e-74;0.03713118882114219;7.790007385189199e-87
6.394131696802883e-74;0.03959766261350519;5.028702604093821e-87
4.02511752200565e-74;0.03713118882114219;2.924327495930605e-87
2.8453360518325406e-74;0.03959766261350519;1.88774831227612e-87
1.7911442149294565e-74;0.03713118882114219;1.0977770470044377e-87
1.2661511573035046e-74;0.03959766261350519;7.086507139237543e-88
7.970444542639496e-75;0.03713118882114219;4.120996867166144e-88
5.634268585281875e-75;0.03959766261350519;2.6602372311971203e-88
3.546782312545044e-75;0.03713118882114219;1.547000388242266e-88
2.5072032125059137e-75;0.03959766261350519;9.986389609435659e-89
1.5782889781473188e-75;0.03713118882114219;5.807357487431067e-89
1.1156848229104202e-75;0.03959766261350519;3.748837745067049e-89
7.023256233489736e-76;0.03713118882114219;2.180051229666538e-89
4.964705764031571e-76;0.03959766261350519;1.4072938257446582e-89
3.125291299895792e-76;0.03713118882114219;8.183796803032612e-90
2.209253260173402e-76;0.03959766261350519;5.282906454367277e-90
1.390728941744884e-76;0.03713118882114219;3.0721539568394084e-90
9.830995429673497e-77;0.03959766261350519;1.9831750907332747e-90
6.188629487021994e-77;0.03713118882114219;1.1532703171499353e-90
4.37471216544342e-77;0.03959766261350519;7.44473420924123e-91
2.7538892574987375e-77;0.03713118882114219;4.329315662901973e-91
1.9467109579476506e-77;0.03959766261350519;2.794713775159091e-91
1.2254580854243956e-77;0.03713118882114219;1.625202160354535e-91
8.662703763069944e-78;0.03959766261350519;1.0491207430036686e-91
5.453187759975544e-78;0.03713118882114219;6.1009227963076567e-92
3.85483197597145e-78;0.03959766261350519;3.9383436800711796e-92
2.426623733544394e-78;0.03713118882114219;2.2902540911209925e-92
1.7153685465178424e-78;0.03959766261350519;1.478433349620881e-92
1.0798276170537251e-78;0.03713118882114219;8.597492505676249e-93
7.633249046195354e-79;0.03959766261350519;5.54996045756909e-93
4.8051441450660874e-79;0.03713118882114219;3.22745313158592e-93
3.396733088030663e-79;0.03959766261350519;2.0834257485113663e-93
2.1382496511676216e-79;0.03713118882114219;1.211568804474864e-93
1.511518306490096e-79;0.03959766261350519;7.821069866615554e-94
9.515035205370667e-80;0.03713118882114219;4.5481650952909393e-94
6.7261322324836685e-80;0.03959766261350519;2.935988186869056e-94
4.234112462499636e-80;0.03713118882114219;1.7073570776683015e-94
2.993073561504512e-80;0.03959766261350519;1.10215440859689e-94
1.884145245723904e-80;0.03713118882114219;6.409328002807625e-95
1.3318931348557964e-80;0.03959766261350519;4.137429250643434e-95
8.384291485938065e-81;0.03713118882114219;2.4060277715119413e-95
5.926814982069161e-81;0.03959766261350519;1.553169017930309e-95
3.7309408009128848e-81;0.03713118882114219;9.032100767429653e-96
2.6373839546430756e-81;0.03959766261350519;5.8305141964262925e-96
1.6602379918759545e-81;0.03713118882114219;3.390602770214056e-96
1.1736141832084565e-81;0.03959766261350519;2.18874413552421e-96
7.387922609208562e-82;0.03713118882114219;1.2728143143441472e-96
5.2224866561549205e-82;0.03959766261350519;8.21642951101624e-97
3.2875648399047836e-82;0.03713118882114219;4.778077494159201e-97
2.323963638472126e-82;0.03959766261350519;3.0844041025073907e-97
1.4629393333257966e-82;0.03713118882114219;1.7936649739796845e-97
1.0341447185079002e-82;0.03959766261350519;1.1578689569245455e-97
6.509959794598945e-83;0.03713118882114219;6.733323272413111e-98
4.601859001205765e-83;0.03959766261350519;4.3465787129503394e-98
2.8968786033628967e-83;0.03713118882114219;2.5276538789865167e-98
2.0477894329464443e-83;0.03959766261350519;1.6316826178719496e-98
1.2890871691072783e-83;0.03713118882114219;9.48867873035578e-99
9.112494669194263e-84;0.03959766261350519;6.125250090451721e-99
5.736331952702302e-84;0.03713118882114219;3.5619997182528144e-99
4.0549852323740158e-84;0.03959766261350519;2.299386428441025e-99
2.5526205721511544e-84;0.03713118882114219;1.3371558204666297e-99
1.8044351005612456e-84;0.03959766261350519;8.63177481608566e-100
1.135895174668155e-84;0.03713118882114219;5.019612098916178e-100
8.02958789132562e-85;0.03959766261350519;3.2403225292638884e-100
5.054640168268585e-85;0.03713118882114219;1.8843357847997715e-100
3.573100616612333e-85;0.03959766261350519;1.216399908172828e-100
2.249273330889744e-85;0.03713118882114219;7.073696691908991e-101
1.590000407147632e-85;0.03959766261350519;4.5663008025901405e-101
1.0009081455119352e-85;0.03713118882114219;2.6554282571479768e-101
7.075371129981032e-86;0.03959766261350519;1.7141651260937833e-101
4.4539589830812205e-86;0.03713118882114219;9.968336975665523e-102
3.1484820005030942e-86;0.03959766261350519;6.434885055862688e-102
1.98197514046841e-86;0.03713118882114219;3.742060882004213e-102
1.401048612911211e-86;0.03959766261350519;2.415621753811108e-102
8.819626476930988e-87;0.03713118882114219;1.4047498272590494e-102
6.234551175540387e-87;0.03959766261350519;9.068116068629835e-103
3.9246612938948655e-87;0.03713118882114219;5.273356418849698e-103
2.7743240314599464e-87;0.03959766261350519;3.4041227234523716e-103
1.7464420190679498e-87;0.03713118882114219;1.9795900580022058e-103
1.2345513918841237e-87;0.03959766261350519;1.277889633152403e-103
7.771523445120618e-88;0.03713118882114219;7.431276186326894e-104
5.493652226344232e-88;0.03959766261350519;4.79712997204236e-104
3.458264059077793e-88;0.03713118882114219;2.789661704666308e-104
2.4446300885017934e-88;0.03959766261350519;1.800817173224742e-104
1.5388990828842053e-88;0.03713118882114219;1.0472242225097963e-104
1.087840297015884e-88;0.03959766261350519;6.760172249409537e-105
6.847974437016753e-89;0.03713118882114219;3.931224242627038e-105
4.840799912337077e-89;0.03959766261350519;2.537732842687826e-105
3.0472923411030086e-89;0.03713118882114219;1.4757607505277097e-105
2.1541161745491512e-89;0.03959766261350519;9.526514626042168e-106
1.3560200461540276e-89;0.03713118882114219;5.5399276621848175e-106
9.585639930351987e-90;0.03959766261350519;3.5762031130145767e-106
6.034177754360109e-90;0.03713118882114219;2.0796594902843121e-106
4.265530984817451e-90;0.03959766261350519;1.3424876996014743e-106
2.6851595058999973e-90;0.03713118882114219;7.806931532791771e-107
1.8981262299271047e-90;0.03959766261350519;5.039627690671133e-107
1.1948739108514578e-90;0.03713118882114219;2.930680731265589e-107
8.446505716547922e-91;0.03959766261350519;1.891849531889104e-107
5.317090696833364e-91;0.03713118882114219;1.1001620178856647e-107
3.758625622196707e-91;0.03959766261350519;7.101902900355705e-108
2.3660616590252488e-91;0.03713118882114219;4.129949921483168e-108
1.672557509806244e-91;0.03959766261350519;2.666016718344238e-108
1.0528779916512253e-91;0.03713118882114219;1.5503613173938375e-108
7.442743451459572e-92;0.03959766261350519;1.0008085497951517e-108
4.6852205270094656e-92;0.03713118882114219;5.819974237382431e-109
3.3119596641350386e-92;0.03959766261350519;3.7569822666571403e-109
2.0848846267823243e-92;0.03713118882114219;2.184787490746623e-109
1.4737948296076724e-92;0.03959766261350519;1.410351235994665e-109
9.277565232917118e-93;0.03713118882114219;8.201576476169682e-110
6.558265860842162e-93;0.03959766261350519;5.2943838104445414e-110
4.128440276518917e-93;0.03713118882114219;3.078828351926919e-110
2.9183744058145022e-93;0.03959766261350519;1.987483629390265e-110
1.8371219914801393e-93;0.03713118882114219;1.1557758497005494e-110
1.2986526245246587e-93;0.03959766261350519;7.460908235065481e-111
8.175041869385466e-94;0.03713118882114219;4.338721299337749e-111
5.778897443126713e-94;0.03959766261350519;2.8007854187531247e-111
3.637826441365532e-94;0.03713118882114219;1.6287329864354119e-111
2.5715618655450735e-94;0.03959766261350519;1.0514000058373947e-111
1.6188028671825024e-94;0.03713118882114219;6.1141773303293965e-112
1.144323894550324e-94;0.03959766261350519;3.9468999119789817e-112
7.203539709867586e-95;0.03713118882114219;2.2952297729617094e-112
5.092147278989386e-95;0.03959766261350519;1.481645313742651e-112
3.2055159651375334e-95;0.03713118882114219;8.616170951662675e-113
2.265963686890282e-95;0.03959766261350519;5.5620180006917e-113
1.426428258412485e-95;0.03713118882114219;3.234464921238808e-113
1.0083352167544612e-95;0.03959766261350519;2.0879520863109775e-113
6.347488512072893e-96;0.03713118882114219;1.214200993157584e-113
4.4870088396809215e-96;0.03959766261350519;7.838061498880802e-114
2.824580217987134e-96;0.03713118882114219;4.558046192135591e-114
1.996682055019142e-96;0.03959766261350519;2.942366755588829e-114
1.2569149818340958e-96;0.03713118882114219;1.7110663890673765e-114
8.885071037923286e-97;0.03959766261350519;1.1045488894965345e-114
5.593168363562476e-97;0.03713118882114219;6.423252561256584e-115
3.9537835856488584e-97;0.03959766261350519;4.146418005065705e-115
2.488913951642707e-97;0.03713118882114219;2.41125497697241e-115
1.7594011995429247e-97;0.03959766261350519;1.556543348712224e-115
1.1075462521453763e-97;0.03713118882114219;9.051723419757284e-116
7.829190733121727e-98;0.03959766261350519;5.84318125538786e-116
4.928489793034682e-98;0.03713118882114219;3.397969009924417e-116
3.4839255282719664e-98;0.03959766261350519;2.1934992823401573e-116
2.193137450738149e-98;0.03713118882114219;1.275579561700341e-116
1.550318225764493e-98;0.03959766261350519;8.23428008020505e-117
9.759281402241888e-99;0.03713118882114219;4.78845808621376e-117
6.898788684296878e-99;0.03959766261350519;3.091105111597071e-117
4.342800012652557e-99;0.03713118882114219;1.797561793233916e-117
3.069904263501349e-99;0.03959766261350519;1.160384480230555e-117
1.932510312241082e-99;0.03713118882114219;6.747951725414936e-118
1.3660821657743374e-99;0.03959766261350519;4.356021854152501e-118
8.599512056824032e-100;0.03713118882114219;2.533145322732452e-118
6.078953359666814e-100;0.03959766261350519;1.6352275230434037e-118
3.826712186063434e-100;0.03713118882114219;9.509293319206007e-119
2.705084282251651e-100;0.03959766261350519;6.138557476633485e-119
1.7028554711247866e-100;0.03713118882114219;3.5697383256778426e-119
1.2037402725665893e-100;0.03959766261350519;2.304381950702567e-119
7.577566889143492e-101;0.03713118882114219;1.3400608526898657e-119
5.3565452777411474e-101;0.03959766261350519;8.650527741960602e-120
3.371954985793158e-101;0.03713118882114219;5.030517435954921e-120
2.3836186232527793e-101;0.03959766261350519;3.247362278272277e-120
1.5004922546451466e-101;0.03713118882114219;1.8884295905406255e-120
1.0606906964321268e-101;0.03959766261350519;1.219042592649458e-120
6.677067208002723e-102;0.03713118882114219;7.089064621743997e-121
4.7199864211597796e-102;0.03959766261350519;4.576221300088996e-121
2.9712400288749723e-102;0.03713118882114219;2.6611972965788585e-121
2.100355163939003e-102;0.03959766261350519;1.7178892282896744e-121
1.3221773922850363e-102;0.03713118882114219;9.989993644008246e-122
9.346407851743875e-103;0.03959766261350519;6.448865138179183e-122
5.883580726164272e-103;0.03713118882114219;3.750190680549113e-122
4.159074676080668e-103;0.03959766261350519;2.420869802637249e-122
2.618145066106913e-103;0.03713118882114219;1.4078017105559017e-122
1.8507540475015794e-103;0.03959766261350519;9.087816965847798e-123
1.1650530359339187e-103;0.03713118882114219;5.284813027037685e-123
8.235703398264835e-104;0.03959766261350519;3.411518335879973e-123
5.184390254422253e-104;0.03713118882114219;1.9838908080114982e-123
3.6648203231409126e-104;0.03959766261350519;1.2806659068710134e-123
2.3070110528146767e-104;0.03713118882114219;7.447420973980379e-124
1.6308149227103566e-104;0.03959766261350519;4.807551956477192e-124
1.0266009572233108e-104;0.03713118882114219;2.7957223724059595e-124
7.256992369698019e-105;0.03959766261350519;1.804729530959201e-124
4.568289883509623e-105;0.03713118882114219;1.0494993650659446e-124
3.2293019594356995e-105;0.03959766261350519;6.774859033042823e-125
2.03285145147559e-105;0.03713118882114219;3.9397650072311417e-125
1.4370128303785399e-105;0.03959766261350519;2.543246183443735e-125
9.04602187939877e-106;0.03713118882114219;1.4789669083056234e-125
6.394588987377925e-106;0.03959766261350519;9.547211415107599e-126
4.0254053872535923e-106;0.03713118882114219;5.551963408600244e-126
2.845539542379974e-106;0.03959766261350519;3.5839725779648385e-126
1.79127231259883e-106;0.03713118882114219;2.0841776457155397e-126
1.266241708924628e-106;0.03959766261350519;1.3454043155761806e-126
7.971014566739884e-107;0.03713118882114219;7.823892448879669e-127
5.634671532553454e-107;0.03959766261350519;5.050576512499112e-127
3.547035968584701e-107;0.03713118882114219;2.9370477692951455e-127
2.507382520729946e-107;0.03959766261350519;1.8959596615894254e-127
1.5784018530001725e-107;0.03713118882114219;1.1025521702252966e-127
1.1157646135963861e-107;0.03959766261350519;7.117332109469596e-128
7.023758517307773e-108;0.03713118882114219;4.138922426720503e-128
4.965060826026132e-108;0.03959766261350519;2.671808761691718e-128
3.1255148120665557e-108;0.03713118882114219;1.5537295483178303e-128
2.2094112598427326e-108;0.03959766261350519;1.0029828521778264e-128
1.390828402823831e-108;0.03713118882114219;5.832618397800555e-129
9.83169851521607e-109;0.03959766261350519;3.765144482593175e-129
6.189072080648628e-109;0.03713118882114219;2.189534041570693e-129
4.375025032731218e-109;0.03959766261350519;1.413415288608381e-129
2.754086208024919e-109;0.03713118882114219;8.219394776460454e-130
1.9468501813192677e-109;0.03959766261350519;5.305886101603223e-130
1.2255457267898124e-109;0.03713118882114219;3.085517247443265e-130
8.663323295630911e-110;0.03959766261350519;1.9918015285446985e-130
5.453577756848431e-110;0.03713118882114219;1.1582868256353141e-130
3.8551076628691516e-110;0.03959766261350519;7.477117399701155e-131
2.426797278947453e-110;0.03713118882114219;4.3481473699491975e-131
1.7154912249214555e-110;0.03959766261350519;2.8068702532707774e-131
1.0799048433317187e-110;0.03713118882114219;1.6322714833975655e-131
7.633794955008517e-111;0.03959766261350519;1.0536842204739549e-131
4.805487795655953e-111;0.03713118882114219;6.127460660433002e-132
3.396976012965708e-111;0.03959766261350519;3.9554747326922444e-132
2.1384025728556522e-111;0.03713118882114219;2.3002162646989694e-132
1.511626406089593e-111;0.03959766261350519;1.4848642560034948e-132
9.5157156943138e-112;0.03713118882114219;8.634889977427955e-133
6.726613266816749e-112;0.03959766261350519;5.574101739378638e-133
4.234415274486406e-112;0.03713118882114219;3.241491944325654e-133
2.993287617829119e-112;0.03959766261350519;2.0924882577866348e-133
1.8842799945692094e-112;0.03713118882114219;1.2168389003907013e-133
1.331988388160924e-112;0.03959766261350519;7.85509004624488e-134
8.384891107224699e-113;0.03713118882114219;4.567948756115411e-134
5.927238851448123e-113;0.03959766261350519;2.948759182041108e-134
3.731207627457162e-113;0.03713118882114219;1.714783759115251e-134
2.6375725730329384e-113;0.03959766261350519;1.106948572515534e-134
1.6603567274951147e-113;0.03713118882114219;6.437207371446125e-135
1.1736981168416963e-113;0.03959766261350519;4.1554262879683905e-135
7.388450972954975e-114;0.03713118882114219;2.416493538776004e-135
5.2228601539243386e-114;0.03959766261350519;1.5599250103822143e-135
3.2877999574293255e-114;0.03713118882114219;9.071388703195283e-136
2.3241298419097477e-114;0.03959766261350519;5.85587583411482e-136
1.4630439586917927e-114;0.03713118882114219;3.4053512531277186e-136
1.034218677671621e-114;0.03959766261350519;2.1982647599302164e-136
6.510425368878491e-115;0.03713118882114219;1.2783508166829892e-136
4.602188113405634e-115;0.03959766261350519;8.252169430572476e-137
2.8970857800907497e-115;0.03713118882114219;4.798861230579712e-137
2.0479358851704182e-115;0.03959766261350519;3.09782067893572e-137
1.289179361048392e-115;0.03713118882114219;1.8014670785063409e-137
9.113146369554069e-116;0.03959766261350519;1.162905468626089e-137
5.736742199263014e-116;0.03713118882114219;6.762611959400503e-138
4.055275233677815e-116;0.03959766261350519;4.365485511011154e-138
2.552803128498862e-116;0.03713118882114219;2.5386486968912835e-138
1.8045641487579164e-116;0.03959766261350519;1.6387801296836026e-138
1.1359764107424572e-116;0.03713118882114219;9.529952694194102e-139
8.030162145194382e-117;0.03959766261350519;6.151893773720842e-139
5.055001662122454e-117;0.03713118882114219;3.577493745581716e-139
3.5733561548641486e-117;0.03959766261350519;2.309388325964879e-139
2.249434192683604e-117;0.03713118882114219;1.3429721962285768e-139
1.5901141195694263e-117;0.03959766261350519;8.669321409425366e-140
1.000979727688083e-117;0.03713118882114219;5.041446465337532e-140
7.075877140912025e-118;0.03959766261350519;3.254417321457612e-140
4.454277517881762e-118;0.03713118882114219;1.8925322902618352e-140
3.1487071712084883e-118;0.03959766261350519;1.2216910184790758e-140
1.9821168858366197e-118;0.03713118882114219;7.104465939109983e-141
1.4011488120244396e-118;0.03959766261350519;4.5861633503227477e-141
8.820257232169484e-119;0.03713118882114219;2.6669788695119644e-141
6.234997053358911e-119;0.03959766261350519;1.7216214212680482e-141
3.9249419747918336e-119;0.03713118882114219;1.0011697362454222e-141
2.774522443424528e-119;0.03959766261350519;6.462875592864409e-142
1.7465669197601899e-119;0.03713118882114219;3.7583381414534656e-142
1.2346396835776174e-119;0.03959766261350519;2.4261292530896834e-142
7.772079242935536e-120;0.03713118882114219;1.4108602242089094e-142
5.494045117123606e-120;0.03959766261350519;9.107560664166712e-143
3.458511384537342e-120;0.03713118882114219;5.296294525231342e-143
2.4448049216694532e-120;0.03959766261350519;3.4189300156140825e-143
1.5390091406809422e-120;0.03713118882114219;1.9882009015970367e-143
1.0879180963385425e-120;0.03959766261350519;1.2834482121713526e-143
6.848464185166582e-121;0.03713118882114219;7.463600836924012e-144
4.841146112928602e-121;0.03959766261350519;4.817996583150229e-144
3.047510275004457e-121;0.03713118882114219;2.8017962072236803e-144
2.154270230966961e-121;0.03959766261350519;1.8086503884699083e-144
1.3561170249489778e-121;0.03713118882114219;1.0517794504734337e-144
9.586325468749375e-122;0.03959766261350519;6.789577724385768e-145
6.034609302026965e-122;0.03713118882114219;3.9483243270372574e-145
4.265836043769861e-122;0.03959766261350519;2.5487715021847853e-145
2.685351541064869e-122;0.03713118882114219;1.4821800316080582e-145
1.8982619786536528e-122;0.03959766261350519;9.567953168894569e-146
1.1949593649214898e-122;0.03713118882114219;5.564025303225653e-146
8.447109787223888e-123;0.03959766261350519;3.591758922433317e-146
5.317470960421548e-123;0.03713118882114219;2.0887056170462404e-146
3.758894428682677e-123;0.03959766261350519;1.3483272680325858e-146
2.3662308731966188e-123;0.03713118882114219;7.840890213334084e-147
1.6726771264831824e-123;0.03959766261350519;5.06154912114364e-147
1.0529532905667137e-123;0.03713118882114219;2.9434286400062393e-147
7.443275735840662e-124;0.03959766261350519;1.9000787207346455e-147
4.685555600994592e-124;0.03713118882114219;1.1049475152802856e-147
3.3121965263097927e-124;0.03959766261350519;7.132794839246501e-148
2.085033731951737e-124;0.03713118882114219;4.1479144251361416e-148
1.473900231328672e-124;0.03959766261350519;2.6776133885184817e-148
9.278228738666084e-125;0.03713118882114219;1.5571050968776713e-148
6.558734889837659e-125;0.03959766261350519;1.0051618783319457e-148
4.128735531123867e-125;0.03713118882114219;5.845290028235914e-149
2.9185831198625584e-125;0.03959766261350519;3.773324431316918e-149
1.8372533773526453e-125;0.03713118882114219;2.194290904493682e-149
1.2987455005606263e-125;0.03959766261350519;1.416485998016646e-149
8.175626525719548e-126;0.03713118882114219;8.23725178782415e-150
5.7793107338533016e-126;0.03959766261350519;5.317413382015908e-150
3.638086608628919e-126;0.03713118882114219;3.092220674891263e-150
2.571745776521581e-126;0.03959766261350519;1.9961288085326757e-150
1.6189186394764008e-126;0.03713118882114219;1.1608032567802219e-150
1.1444057334233079e-126;0.03959766261350519;7.493361779488892e-151
7.2040548870601366e-127;0.03713118882114219;4.357593919130473e-151
5.092511455247844e-127;0.03959766261350519;2.8129683073699192e-151
3.205745214753983e-127;0.03713118882114219;1.6358176679063253e-151
2.2661257423321373e-127;0.03959766261350519;1.0559733976713594e-151
1.4265302726076062e-127;0.03713118882114219;6.140772849179218e-152
1.008407330094156e-127;0.03959766261350519;3.9640681825959735e-152
6.347942466856666e-128;0.03713118882114219;2.3052135898177616e-152
4.4873297381155787e-128;0.03959766261350519;1.4880901915637291e-152
2.824782224134863e-128;0.03713118882114219;8.653649671133458e-153
1.9968248521851124e-128;0.03959766261350519;5.586211730540955e-153
1.2570048729095515e-128;0.03713118882114219;3.248534233941784e-153
8.885706473575355e-129;0.03959766261350519;2.097034284302446e-153
5.593568371460117e-129;0.03713118882114219;1.2194825385980172e-153
3.9540663492913924e-129;0.03959766261350519;7.872155588907511e-154
2.4890919518694993e-129;0.03713118882114219;4.577872833868725e-154
1.759527027039826e-129;0.03959766261350519;2.9551654963324416e-154
1.107625460783319e-129;0.03713118882114219;1.7185092053196967e-154
7.829750655141193e-130;0.03959766261350519;1.1093534689557268e-154
4.928842264963382e-130;0.03713118882114219;6.45119249909951e-155
3.4841746889686408e-130;0.03959766261350519;4.164454141777987e-155
2.1932942978494604e-130;0.03713118882114219;2.4217434815948887e-155
1.5504291002266681e-130;0.03959766261350519;1.5633140188669628e-155
9.759979358995996e-131;0.03713118882114219;9.091096710361636e-156
6.899282066540803e-131;0.03959766261350519;5.868597992395105e-156
4.3431105976716443e-131;0.03713118882114219;3.412749534592273e-156
3.070123814544796e-131;0.03959766261350519;2.2030405907384533e-156
1.9326485200218832e-131;0.03713118882114219;1.2811280923439288e-156
1.3661798641841858e-131;0.03959766261350519;8.270097646372379e-157
8.600127070089329e-132;0.03713118882114219;4.809286976252947e-157
6.079388109560827e-132;0.03959766261350519;3.1045508361517824e-157
3.826985861911708e-132;0.03713118882114219;1.8053808481897682e-157
2.7052777423812865e-132;0.03959766261350519;1.1654319339842981e-157
1.7029772546279324e-132;0.03713118882114219;6.777304043415402e-158
1.203826360734232e-132;0.03959766261350519;4.374969728097487e-158
7.578108815723126e-133;0.03713118882114219;2.5441640273823607e-158
5.356928363011591e-133;0.03959766261350519;1.6423404545243293e-158
3.3721961386670066e-133;0.03713118882114219;9.550656952619926e-159
2.3837890930495534e-133;0.03959766261350519;6.165259044524011e-159
1.50059956569198e-133;0.03713118882114219;3.585266014490293e-159
1.0607665540906035e-133;0.03959766261350519;2.3144055778065905e-159
6.677544733341252e-134;0.03713118882114219;1.3458898647943784e-159
4.720323981505274e-134;0.03959766261350519;8.688155906992875e-160
2.971452523725851e-134;0.03713118882114219;5.052399238536701e-160
2.100505375518343e-134;0.03959766261350519;3.2614876920471704e-160
1.3222719507471836e-134;0.03713118882114219;1.8966439032859652e-160
9.34707628092609e-135;0.03959766261350519;1.2243451981350256e-160
5.884001503549087e-135;0.03713118882114219;7.119900716542877e-161
4.159372121572945e-135;0.03959766261350519;4.596127000115678e-161
2.618332308584793e-135;0.03713118882114219;2.672773003176893e-161
1.8508864083009432e-135;0.03959766261350519;1.7253617226064904e-161
1.1651363572976331e-135;0.03713118882114219;1.0033448233221884e-161
8.236292392943302e-136;0.03959766261350519;6.476916485903704e-162
5.1847610276426204e-136;0.03713118882114219;3.766503303089552e-162
3.665082420931899e-136;0.03959766261350519;2.4314001299389507e-162
2.3071760438503617e-136;0.03713118882114219;1.413925382622817e-162
1.6309315540731678e-136;0.03959766261350519;9.127347256573917e-163
1.0266743768781324e-136;0.03713118882114219;5.3078009675053475e-163
7.257511369676618e-137;0.03959766261350519;3.4263577975616514e-163
4.568616594939234e-137;0.03713118882114219;1.9925203590581663e-163
3.2295329101605205e-137;0.03959766261350519;1.2862365621573032e-163
2.0329968353765294e-137;0.03713118882114219;7.479815851360447e-164
1.4371156015529085e-137;0.03959766261350519;4.8284639012527725e-164
9.046668825808867e-138;0.03713118882114219;2.807883237725542e-164
6.395046310657118e-138;0.03959766261350519;1.81257976422302e-164
4.025693273088848e-138;0.03713118882114219;1.05406448947083e-164
2.845743047480479e-138;0.03959766261350519;6.804328392759351e-165
1.7914004194293926e-138;0.03713118882114219;3.956902242357426e-165
1.26633226702175e-138;0.03959766261350519;2.554308824933697e-165
7.971584631606811e-139;0.03713118882114219;1.4854001355679382e-165
5.635074508642688e-139;0.03959766261350519;9.588739985091025e-166
3.547289642765129e-139;0.03713118882114219;5.576113402869214e-166
2.507561841777602e-139;0.03959766261350519;3.599562183091541e-166
1.5785147359255195e-139;0.03713118882114219;2.0932434256019084e-166
1.1158444099887557e-139;0.03959766261350519;1.3512565707369903e-166
7.024260837047735e-140;0.03713118882114219;7.857924906209764e-167
4.965415913413738e-140;0.03959766261350519;5.07254556828267e-167
3.125738340222283e-140;0.03713118882114219;2.9498233734510175e-167
2.209569270811762e-140;0.03959766261350519;1.9042067287243873e-167
1.390927871015956e-140;0.03713118882114219;1.1073480643320428e-167
9.832401651041339e-141;0.03959766261350519;7.148291162511587e-168
6.189514705928315e-141;0.03713118882114219;4.1569259590799125e-168
4.375337922394404e-141;0.03959766261350519;2.6834306261627075e-168
2.754283172636449e-141;0.03713118882114219;1.5604879789712595e-168
1.946989414647751e-141;0.03959766261350519;1.007345638520121e-168
1.225633374423098e-141;0.03713118882114219;5.857989188368397e-169
8.663942872499096e-142;0.03959766261350519;3.7815221513536665e-169
5.453967781612797e-142;0.03713118882114219;2.1990581019190965e-169
3.85538336948321e-142;0.03959766261350519;1.4195633786816494e-169
2.426970836761989e-142;0.03713118882114219;8.255147594362376e-170
1.715613912098685e-142;0.03959766261350519;5.328965705972911e-170
1.0799820751327201e-142;0.03713118882114219;3.098938665842225e-170
7.634340902863546e-143;0.03959766261350519;2.000465489734493e-170
4.805831470822744e-143;0.03713118882114219;1.163325154986976e-170
3.3972189552740578e-143;0.03959766261350519;7.509641450935257e-171
2.138555505480215e-143;0.03713118882114219;4.3670609913722435e-171
1.511734513420073e-143;0.03959766261350519;2.8190796097707143e-171
9.516396231923601e-144;0.03713118882114219;1.6393715566632447e-171
6.727094335552066e-144;0.03959766261350519;1.0582675482110078e-171
4.234718108129432e-144;0.03713118882114219;6.154113959264814e-172
2.9935016894624383e-144;0.03959766261350519;3.97268030216296e-172
1.8844147530513767e-144;0.03713118882114219;2.3102217718541185e-172
1.3320836482783002e-144;0.03959766261350519;1.4913231356166286e-172
8.385490771394556e-145;0.03713118882114219;8.672450121132246e-173
5.92766275114103e-145;0.03959766261350519;5.598348031213367e-173
3.731474473084119e-145;0.03713118882114219;3.25559182325445e-173
2.637761204912257e-145;0.03959766261350519;2.10159018726894e-173
1.660475471605911e-145;0.03713118882114219;1.2221319202303428e-173
1.1737820564776317e-145;0.03959766261350519;7.889258207242693e-174
7.388979374488463e-146;0.03713118882114219;4.587818472135191e-174
5.223233678405264e-146;0.03959766261350519;2.961585728634796e-174
3.2880350917688042e-146;0.03713118882114219;1.7222427452265381e-174
2.32429605723377e-146;0.03959766261350519;1.1117635901435099e-174
1.4631485915402966e-146;0.03713118882114219;6.465208010082855e-175
1.0342926421246895e-146;0.03959766261350519;4.1735016090132047e-175
6.51089097645458e-147;0.03713118882114219;2.4270048301548406e-175
4.6025172491426665e-147;0.03959766261350519;1.5667103901277645e-175
2.8972929716352853e-147;0.03713118882114219;9.110847534075626e-176
2.048082347868234e-147;0.03959766261350519;5.8813477901465556e-176
1.2892715595828062e-147;0.03713118882114219;3.420163889161931e-176
9.113798116521605e-148;0.03959766261350519;2.20782679725772e-176
5.7371524751633825e-148;0.03713118882114219;1.283911401763359e-176
4.0555652557216765e-148;0.03959766261350519;8.288064812041688e-177
2.5529856979024754e-148;0.03713118882114219;4.8197353723358525e-177
1.804693206183753e-148;0.03959766261350519;3.1112956149424453e-177
1.1360576526265312e-148;0.03713118882114219;1.8093031207169692e-177
8.030736440132144e-149;0.03959766261350519;1.1679638882041345e-177
5.0553631818293265e-149;0.03713118882114219;6.792028046655282e-178
3.5736117113913317e-149;0.03959766261350519;4.3844745500795377e-178
2.24959506598184e-149;0.03713118882114219;2.549691340181374e-178
1.5902278401236077e-149;0.03959766261350519;1.645908514333732e-178
1.001051314983583e-149;0.03713118882114219;9.571406191994849e-179
7.07638318803145e-150;0.03959766261350519;6.178653351989757e-179
4.454596075462994e-150;0.03713118882114219;3.593055169008822e-179
3.148932358017447e-150;0.03959766261350519;2.3194337298575727e-179
1.982258641342046e-150;0.03713118882114219;1.348813872128684e-179
1.4012490183036214e-150;0.03959766261350519;8.707031323368427e-180
8.820888032517789e-151;0.03713118882114219;5.063375807136974e-180
6.235442963065322e-151;0.03959766261350519;3.268573423340462e-180
3.925222675762288e-151;0.03713118882114219;1.9007644489775824e-180
2.774720869578963e-151;0.03959766261350519;1.227005144117767e-180
1.7466918293849697e-151;0.03713118882114219;7.135369026736202e-181
1.23472798158548e-151;0.03959766261350519;4.606112296393831e-181
7.772635080499496e-152;0.03713118882114219;2.6785797248624173e-181
5.494438036001394e-152;0.03959766261350519;1.7291101499207869e-181
3.45875872768489e-152;0.03713118882114219;1.005524635875188e-181
2.4449797673406794e-152;0.03959766261350519;6.490987883425776e-182
1.5391192063486914e-152;0.03713118882114219;3.774686203913017e-182
1.0879959012251844e-152;0.03959766261350519;2.436682458009429e-182
6.848953968341809e-153;0.03713118882114219;1.4169972002336743e-182
4.841492338279386e-153;0.03959766261350519;9.147176836258772e-183
3.047728224491908e-153;0.03713118882114219;5.319332408051852e-183
2.154424298402444e-153;0.03959766261350519;3.433801716705472e-183
1.3562140106795716e-153;0.03713118882114219;1.9968492007383347e-183
9.587011056174493e-154;0.03959766261350519;1.2890309699612235e-183
6.035040880556877e-154;0.03713118882114219;7.496066093657926e-184
4.266141124539209e-154;0.03959766261350519;4.838953960082992e-184
2.6855435899635434e-154;0.03713118882114219;2.813983492579778e-184
1.898397737088561e-154;0.03959766261350519;1.8165176767248058e-184
1.1950448251029537e-154;0.03713118882114219;1.0563544928200362e-184
8.44771390110128e-155;0.03959766261350519;6.819111107635118e-185
5.3178512512051104e-155;0.03713118882114219;3.965498793591238e-185
3.759163254392909e-155;0.03959766261350519;2.559858177769729e-185
2.3664000994696993e-155;0.03713118882114219;1.488627235351054e-185
1.6727967517147679e-155;0.03959766261350519;9.609571961597078e-186
1.0530285948673682e-155;0.03713118882114219;5.588227764462526e-186
7.443808058289246e-156;0.03959766261350519;3.607382396690707e-186
4.685890698943264e-156;0.03713118882114219;2.0977910927543593e-186
3.3124334054242554e-156;0.03959766261350519;1.3541922374855963e-186
2.0851828477847307e-156;0.03713118882114219;7.874996607735416e-187
1.4740056405877056e-156;0.03959766261350519;5.083565905706429e-187
9.278892291867102e-157;0.03713118882114219;2.9562319997468925e-187
6.55920395237679e-157;0.03959766261350519;1.9083437050004315e-187
4.1290308068445846e-157;0.03713118882114219;1.1097538286864902e-187
2.9187918488372526e-157;0.03959766261350519;7.163821152248248e-188
1.8373847726215e-157;0.03713118882114219;4.165957070993641e-188
1.2988383832388263e-157;0.03959766261350519;2.6892605020219765e-188
8.176211223866605e-158;0.03713118882114219;1.5638782105310332e-188
5.779724054137281e-158;0.03959766261350519;1.0095341430272582e-188
3.638346794498736e-158;0.03713118882114219;5.87071593800752e-189
2.5719297006508767e-158;0.03959766261350519;3.78973768131242e-189
1.6190344200500048e-158;0.03713118882114219;2.2038356562991192e-189
1.1444875781491782e-158;0.03959766261350519;1.4226474450970024e-189
7.204570101096691e-159;0.03713118882114219;8.2730822803594175e-190
5.09287565755116e-159;0.03959766261350519;5.340543127882471e-190
3.205974480765715e-159;0.03713118882114219;3.1056712519360106e-190
2.2662878093637447e-159;0.03959766261350519;2.0048115925747133e-190
1.4266322940984971e-159;0.03713118882114219;1.1658525321330129e-190
1.0084794485911939e-159;0.03959766261350519;7.525956490712962e-191
6.348396454105999e-160;0.03713118882114219;4.3765486312617664e-191
4.4876506594999956e-160;0.03959766261350519;2.8252041892556915e-191
2.8249842447295027e-160;0.03713118882114219;1.642933166406155e-191
1.9969676595635285e-160;0.03959766261350519;1.0605666828977058e-191
1.2570947704137628e-160;0.03713118882114219;6.167484053522702e-192
8.88634195467201e-161;0.03959766261350519;3.981311131953887e-192
5.593968407965211e-161;0.03713118882114219;2.315240834395172e-192
3.9543491331563945e-161;0.03959766261350519;1.4945631033884544e-192
2.4892699648263707e-161;0.03713118882114219;8.691291415969129e-193
1.7596528635355579e-161;0.03959766261350519;5.610510698554468e-193
1.1077046750860416e-161;0.03713118882114219;3.2626647455029167e-193
7.830310617204734e-162;0.03959766261350519;2.1061559881431557e-193
4.929194762099895e-162;0.03713118882114219;1.2247870577655279e-193
3.484423867484601e-162;0.03959766261350519;7.906397981799e-194
2.1934511561780408e-162;0.03713118882114219;4.5977857177560155e-194
1.5505399826182743e-162;0.03959766261350519;2.968019909185684e-194
9.760677365666017e-163;0.03713118882114219;1.7259843964197184e-194
6.899775484070051e-163;0.03959766261350519;1.114178947429886e-194
4.343421204902898e-163;0.03713118882114219;6.479253970405293e-195
3.070343381289924e-163;0.03959766261350519;4.182568732285099e-195
1.932786737686919e-163;0.03713118882114219;2.4322776092353537e-195
1.3662775695811508e-163;0.03959766261350519;1.5701141401605814e-195
8.60074212733865e-164;0.03713118882114219;9.130641267358109e-196
6.079822890546951e-164;0.03959766261350519;5.894125287417184e-196
3.82725955733251e-164;0.03713118882114219;3.4275943517562505e-196
2.70547121634665e-164;0.03959766261350519;2.212623402029716e-196
1.7030990468406932e-164;0.03713118882114219;1.2867007580498962e-196
1.203912455058661e-164;0.03959766261350519;8.306071012200792e-197
7.578650781059841e-165;0.03713118882114219;4.8302064680374843e-197
5.357311475679229e-165;0.03959766261350519;3.1180550470737425e-197
3.372437308787445e-165;0.03713118882114219;1.813233914560762e-197
2.383959575037855e-165;0.03959766261350519;1.1705013432104055e-197
1.5007068844134012e-165;0.03713118882114219;6.806784038466138e-198
1.0608424171742104e-165;0.03959766261350519;4.3940000217223946e-198
6.678022292831071e-166;0.03713118882114219;2.555230661320438e-198
4.720661565992149e-166;0.03959766261350519;1.6494843259163855e-198
2.971665033773767e-166;0.03713118882114219;9.59220051004201e-199
2.1006555978404022e-166;0.03959766261350519;6.192076759201534e-199
1.3223665159718915e-166;0.03713118882114219;3.6008612458220626e-199
9.347744757912503e-167;0.03959766261350519;2.3244728057990327e-199
5.88442231102674e-167;0.03713118882114219;1.3517442320027569e-199
4.1596695883377055e-167;0.03959766261350519;8.72594774745001e-200
2.618519564453738e-167;0.03713118882114219;5.074376222834931e-200
1.8510187785663854e-167;0.03959766261350519;3.275674548709307e-200
1.1652196846202617e-167;0.03713118882114219;1.9048939467433176e-200
8.236881429745035e-168;0.03959766261350519;1.2296708689548999e-200
5.185131827379658e-168;0.03713118882114219;7.150870942541413e-201
3.665344537467388e-168;0.03959766261350519;4.616119286185186e-201
2.30734104668575e-168;0.03713118882114219;2.6843990619165774e-201
1.6310481937771286e-168;0.03959766261350519;1.7328667208649933e-201
1.0267478017837252e-168;0.03713118882114219;1.0077091841707287e-201
7.258030406772658e-169;0.03959766261350519;6.505089851703042e-202
4.568943329734339e-169;0.03713118882114219;3.7828868824630558e-202
3.229763877402303e-169;0.03959766261350519;2.4419762621794096e-202
2.0331422296749246e-169;0.03713118882114219;1.4200756915088916e-202
1.4372183800771865e-169;0.03959766261350519;9.1670494966131e-203
9.047315818486804e-170;0.03713118882114219;5.330888901180744e-203
6.395503666642808e-170;0.03959766261350519;3.441261808104356e-203
4.0259811795129064e-170;0.03713118882114219;2.0011874470251912e-203
2.845946567135116e-170;0.03959766261350519;1.2918314487440037e-203
1.7915285354218003e-170;0.03713118882114219;7.512351640350592e-204
1.2664228315953366e-170;0.03959766261350519;4.849466809046166e-204
7.972154737243208e-171;0.03713118882114219;2.8200970005169047e-204
5.635477513551666e-171;0.03959766261350519;1.8204641445217462e-204
3.5475433350876346e-171;0.03713118882114219;1.0586494713063362e-204
2.507741175649812e-171;0.03959766261350519;6.833925938635582e-205
1.578627626923943e-171;0.03713118882114219;3.9741140212260857e-205
1.1159242120879466e-171;0.03959766261350519;2.5654195868288007e-205
7.024763192712227e-172;0.03713118882114219;1.4918613461561592e-205
4.965771026196215e-172;0.03959766261350519;9.630449196525616e-206
3.1259618843641317e-172;0.03713118882114219;5.600368445060906e-206
2.2097272930812973e-172;0.03959766261350519;3.615219600061861e-206
1.3910273463217742e-172;0.03713118882114219;2.1023486399218542e-206
9.833104837152954e-173;0.03959766261350519;1.3571342821045817e-206
6.1899573628633525e-173;0.03713118882114219;7.892105398314038e-207
4.375650834434603e-173;0.03959766261350519;5.094610185317664e-207
2.754480151334351e-173;0.03713118882114219;2.9626545490767268e-207
1.9471286579338245e-173;0.03959766261350519;1.912489669046791e-207
1.2257210283247006e-173;0.03713118882114219;1.1121648196741127e-207
8.664562493677735e-174;0.03959766261350519;7.179384881598436e-208
5.4543578342706685e-174;0.03713118882114219;4.175007803411369e-208
3.8556590958150457e-174;0.03959766261350519;2.6951030435533906e-208
2.4271444069889066e-174;0.03713118882114219;1.5672758075240479e-208
1.7157366080501637e-174;0.03959766261350519;1.0117274021606098e-208
1.0800593124571288e-174;0.03713118882114219;5.883470337092753e-209
7.634886889763265e-175;0.03959766261350519;3.7979710598860394e-209
4.8061751705682395e-175;0.03713118882114219;2.2086235901347093e-209
3.397461914956977e-175;0.03959766261350519;1.4257382117878032e-209
2.1387084490420998e-175;0.03713118882114219;8.291055930282693e-210
1.511842628482092e-175;0.03959766261350519;5.352145702271043e-210
9.517076818203583e-176;0.03713118882114219;3.1124184648812444e-210
6.727575438692086e-176;0.03959766261350519;2.009167137522283e-210
4.235020963430305e-176;0.03713118882114219;1.1683854001215813e-210
2.993715776405573e-176;0.03959766261350519;7.542306975661362e-211
1.8845495211711005e-176;0.03713118882114219;4.3860568834832174e-211
1.3321789152084168e-176;0.03959766261350519;2.8313420746699332e-211
8.386090478450755e-177;0.03713118882114219;1.646502513909253e-211
5.928086681150087e-177;0.03959766261350519;1.062870812559748e-211
3.7317413377951497e-177;0.03713118882114219;6.180883194922347e-212
2.637949850282015e-177;0.03959766261350519;3.989960712617581e-212
1.660594224208966e-177;0.03713118882114219;2.3202708010793247e-212
1.1738660021167022e-177;0.03959766261350519;1.4978101101385656e-212
7.389507813811796e-178;0.03713118882114219;8.710173644381462e-213
5.223607229599656e-178;0.03959766261350519;5.622699789847075e-213
3.2882702429244536e-178;0.03713118882114219;3.269753033998718e-213
2.3244622844450625e-178;0.03959766261350519;2.1107317084287574e-213
1.4632532318718584e-178;0.03713118882114219;1.2274479637085385e-213
1.0343666118674973e-178;0.03959766261350519;7.923574993300058e-214
6.511356617329662e-179;0.03713118882114219;4.607774617674169e-214
4.6028464084185963e-179;0.03959766261350519;2.9744680682883235e-214
