# ["m", "w0", "wp"] [calculated @ 2025-10-13T19:22:34.272]
0.7784584911340492;0.693192750911291;0.38958620673630906
0.09398483115552225;-0.026933769819123248;0.020798303910366404
1.5549307319543565e-9;3.743807694042337e-10;4.944969507878887e-10
0.020466301130038878;0.047796504557362854;0.005469460489897389
0.006987987392654191;0.028888490870070796;0.0016168308244932513
0.004968734353818084;0.04930307717965271;0.0009186445604761355
0.0013021830635921577;0.022791727498202675;0.0002105230151696577
0.0012103142769708086;0.05683353393546509;0.00015236549492287144
0.00018450524656933665;0.01378610268321247;2.0856434994694123e-5
0.00024085516206726388;0.0607080727748003;2.1156555958558103e-5
2.3576643403684327e-5;0.009026200836312805;1.8997973645508712e-6
4.703777424668801e-5;0.06758836220609311;2.8630863783491513e-6
1.4179157665765486e-7;0.0002844553356380179;8.114234052319714e-9
7.593732304077391e-6;0.07650077175609866;3.2608809262804416e-7
1.0095874424018259e-13;1.2400270239015885e-9;4.0799914220507536e-15
1.1639968514333883e-6;0.07581736082454746;3.547686171140227e-8
3.2767023521542755e-14;2.6284526819862376e-9;9.394472130902857e-16
1.787537806746496e-7;0.07584403006058485;3.864542728023755e-9
4.956944939385619e-15;2.5891527245916597e-9;1.0081281909991592e-16
2.7450421059464015e-8;0.07584346954183901;4.2097822463619493e-10
7.614784713215748e-16;2.590047758881469e-9;1.0985673919850598e-17
4.215441178720454e-9;0.07584348238959984;4.585862531182205e-11
1.1693599782192237e-16;2.5900272756561647e-9;1.1966983289491494e-18
6.473468680252648e-10;0.07584348209559387;4.995539925312642e-12
1.795735307114133e-17;2.590027743707248e-9;1.303605442946353e-19
9.941022775574887e-11;0.07584348210232215;5.441815791920432e-13
2.757632174391345e-18;2.590027732890226e-9;1.420062848545947e-20
1.5265993967852915e-11;0.07584348210216817;5.92795965121624e-14
4.2347751427295257e-19;2.5900277331070666e-9;1.5469239663663756e-21
2.344331937345162e-12;0.07584348210217162;6.457533104780793e-15
6.503159005225633e-20;2.5900277331070666e-9;1.685118204429794e-22
3.600088041453257e-13;0.0758434821021716;7.034415929397285e-16
9.986616909248232e-21;2.5900277331070666e-9;1.8356580055907715e-23
5.528497777875275e-14;0.07584348210217155;7.662834501169491e-17
1.5336010885162512e-21;2.5900277331070666e-9;1.9996462590170063e-24
8.489872283132808e-15;0.0758434821021716;8.347392758924415e-18
2.35508412916109e-22;2.5900277331070666e-9;2.1782843803270715e-25
1.3037525613622974e-15;0.07584348210217155;9.093105933725877e-19
3.616599712244969e-23;2.5900277331070666e-9;2.3728811134372346e-26
2.00211579700175e-16;0.0758434821021716;9.905437291609467e-20
5.553854028675229e-24;2.5900277331070666e-9;2.584862118720101e-27
3.074561679415219e-17;0.07584348210217155;1.0790338158724608e-20
8.528810768688902e-25;2.5900277331070666e-9;2.8157804177199855e-28
4.7214699243094085e-18;0.0758434821021716;1.175429152211718e-21
1.3097321743159797e-25;2.5900277331070666e-9;3.067327770945561e-29
7.250554898738709e-19;0.07584348210217155;1.280435952558195e-22
2.0112984271336673e-26;2.5900277331070666e-9;3.341347072095977e-30
1.1134360100220915e-19;0.0758434821021716;1.3948235208550447e-23
3.0886630429637715e-27;2.5900277331070666e-9;3.6398458495234984e-31
1.7098549914153173e-20;0.07584348210217155;1.5194298867065301e-24
4.743124771675783e-28;2.5900277331070666e-9;3.9650109738474004e-32
2.625749540478637e-21;0.0758434821021716;1.6551679449754164e-25
7.283809300899624e-29;2.5900277331070666e-9;4.319224679470541e-33
4.0322487485426293e-22;0.07584348210217155;1.8030321438604699e-26
1.1185427431445686e-29;2.5900277331070666e-9;4.705082017375877e-34
6.192148077900763e-23;0.0758434821021716;1.9641057704524096e-27
1.7176971781604025e-30;2.5900277331070666e-9;5.125409867066125e-35
9.509011028277526e-24;0.07584348210217155;2.139568887144031e-28
2.637792443733968e-31;2.5900277331070666e-9;5.5832876469324566e-36
1.460257241886857e-24;0.0758434821021716;2.330706977038366e-29
4.050742508450625e-32;2.5900277331070666e-9;6.082069874781085e-37
2.2424531911277637e-25;0.07584348210217155;2.5389203616932355e-30
6.220548136282284e-33;2.5900277331070666e-9;6.625410743801333e-38
3.4436373059184047e-26;0.0758434821021716;2.7657344601986874e-31
9.55262375603469e-34;2.5900277331070666e-9;7.217290894024494e-39
5.288243224711012e-27;0.07584348210217155;3.0128109647476726e-32
1.4669546577754745e-34;2.5900277331070666e-9;7.862046575407108e-40
8.120923871872039e-28;0.0758434821021716;3.281960014574833e-33
2.2527381198382262e-35;2.5900277331070666e-9;8.564401416194461e-41
1.2470947672106185e-28;0.07584348210217155;3.5751534574523693e-34
3.459431421191886e-36;2.5900277331070666e-9;9.329501029306169e-42
1.9151089000980777e-29;0.0758434821021716;3.8945392958998174e-35
5.312497556879421e-37;2.5900277331070666e-9;1.0162950710278627e-42
2.9409489925439207e-30;0.07584348210217155;4.242457423943994e-36
8.158170189171195e-38;2.5900277331070666e-9;1.107085650294786e-43
4.516286763798226e-31;0.0758434821021716;4.621456769720185e-37
1.252814521284728e-38;2.5900277331070666e-9;1.2059869933729365e-44
6.935464091546764e-32;0.07584348210217155;5.034313969505258e-38
1.9238924763119317e-39;2.5900277331070666e-9;1.313723674222884e-45
1.065048892614642e-32;0.0758434821021716;5.484053709992904e-39
2.95443754644065e-40;2.5900277331070666e-9;1.4310849965195028e-46
1.6355490111213222e-33;0.07584348210217155;5.97397088784324e-40
4.5370005461796967e-41;2.5900277331070666e-9;1.5589307762720295e-47
2.511641095849496e-34;0.0758434821021716;6.507654748852685e-41
6.967273341361981e-42;2.5900277331070666e-9;1.6981976410336828e-48
3.8570173999464003e-35;0.07584348210217155;7.089015183593274e-42
1.069933700010861e-42;2.5900277331070666e-9;1.849905891850283e-49
5.923052958511048e-36;0.0758434821021716;7.722311372169202e-43
1.6430503962331286e-43;2.5900277331070666e-9;2.015166978220125e-50
9.095773420626514e-37;0.07584348210217155;8.412182987948746e-44
2.52316064493943e-44;2.5900277331070666e-9;2.1951916408283356e-51
1.3967981495166883e-37;0.0758434821021716;9.163684188877332e-45
3.874707467748223e-45;2.5900277331070666e-9;2.391298781711291e-52
2.1450018379622954e-38;0.07584348210217155;9.982320645399605e-46
5.9502188220695816e-46;2.5900277331070666e-9;2.6049251268359165e-53
3.293985524288989e-39;0.0758434821021716;1.0874089876266158e-46
9.137490849363837e-47;2.5900277331070666e-9;2.837635751884211e-54
5.058429527749491e-40;0.07584348210217155;1.1845525187733609e-47
1.4032045126227363e-47;2.5900277331070666e-9;3.0911355483572317e-55
7.768009026916141e-41;0.0758434821021716;1.2903743538067192e-48
2.154839809641941e-48;2.5900277331070666e-9;3.3672817140019063e-56
1.1928991777235823e-41;0.07584348210217155;1.405649767801204e-49
3.3090932671951208e-49;2.5900277331070666e-9;3.668097359068405e-57
1.8318831032287407e-42;0.0758434821021716;1.5312232949226281e-50
5.081629827887581e-50;2.5900277331070666e-9;3.9957863280805985e-58
2.8131427756525463e-43;0.07584348210217155;1.6680149156794108e-51
7.803636713317858e-51;2.5900277331070666e-9;4.35274934570733e-59
4.3200203453254724e-44;0.0758434821021716;1.8170267969111455e-52
1.1983703657288446e-51;2.5900277331070666e-9;4.7416016050229285e-60
6.634066335185201e-45;0.07584348210217155;1.9793506338930977e-53
1.8402849674001545e-52;2.5900277331070666e-9;5.165191927012403e-61
1.0187645571451998e-45;0.0758434821021716;2.1561756483465765e-54
2.826045151057493e-53;2.5900277331070666e-9;5.626623631688485e-62
1.564472181097479e-46;0.07584348210217155;2.3487973009505116e-55
4.339833959029968e-54;2.5900277331070666e-9;6.129277273727003e-63
2.402491516083493e-47;0.0758434821021716;2.558626782183954e-56
6.66449323532644e-55;2.5900277331070666e-9;6.676835409187057e-64
3.689401163275481e-48;0.07584348210217155;2.7872013510317575e-57
1.0234370831468299e-55;2.5900277331070666e-9;7.273309574762703e-65
5.6656520335056254e-49;0.0758434821021716;3.036195597297057e-58
1.5716475749544141e-56;2.5900277331070666e-9;7.92306967722242e-66
8.700494075918868e-50;0.07584348210217155;3.307433710030875e-59
2.4135104546585172e-57;2.5900277331070666e-9;8.630876008349929e-67
1.3360968290574771e-50;0.0758434821021716;3.6029028419601954e-60
3.70632246540063e-58;2.5900277331070666e-9;9.40191411993553e-68
2.0517854745265282e-51;0.07584348210217155;3.924767667825358e-61
5.691637337231659e-59;2.5900277331070666e-9;1.024183281431971e-68
3.15083723119663e-52;0.0758434821021716;4.2753862432845175e-62
8.74039857054582e-60;2.5900277331070666e-9;1.1156785528816909e-69
4.838602953744855e-53;0.07584348210217155;4.657327280571112e-63
1.3422247877999342e-60;2.5900277331070666e-9;1.2153475417210885e-70
7.430430969960636e-54;0.0758434821021716;5.073388967469821e-64
2.061195912799294e-61;2.5900277331070666e-9;1.3239204458599334e-71
1.1410587917038966e-54;0.07584348210217155;5.526619467483106e-65
3.1652884297453196e-62;2.5900277331070666e-9;1.4421926953370234e-72
1.752274089334083e-55;0.0758434821021716;6.020339251377326e-66
4.860795027423088e-63;2.5900277331070666e-9;1.5710307798233975e-73
2.69089069421795e-56;0.07584348210217155;6.558165423714399e-67
7.464510367076424e-64;2.5900277331070666e-9;1.7113785967247167e-74
4.13228316979824e-57;0.0758434821021716;7.144038222590747e-68
1.1462922156939935e-64;2.5900277331070666e-9;1.8642643663905144e-75
6.34576656424185e-58;0.07584348210217155;7.782249886726886e-69
1.7603108297045383e-65;2.5900277331070666e-9;2.0308081650926896e-76
9.744916220205669e-59;0.0758434821021716;8.477476101394325e-70
2.7032323649681726e-66;2.5900277331070666e-9;2.2122301309616036e-77
1.4964841706271164e-59;0.07584348210217155;9.234810253560051e-71
4.1512357338834e-67;2.5900277331070666e-9;2.409859402998326e-78
2.298085301435527e-60;0.0758434821021716;1.005980074720956e-71
6.374871188135315e-68;2.5900277331070666e-9;2.625143858652307e-79
3.529069104994861e-61;0.07584348210217155;1.0958491652229149e-72
9.789610918409757e-69;2.5900277331070666e-9;2.859660721304211e-80
5.419437102726113e-62;0.0758434821021716;1.1937466984650451e-73
1.5033477399859467e-69;2.5900277331070666e-9;3.1151281153667345e-81
8.322392573394293e-63;0.07584348210217155;1.3003898942664402e-74
2.30862538476451e-70;2.5900277331070666e-9;3.393417653658776e-82
1.2780334347057482e-63;0.0758434821021716;1.4165600451792982e-75
3.5452550500584064e-71;2.5900277331070666e-9;3.696568149270929e-83
1.9626200588607963e-64;0.07584348210217155;1.543108240417647e-76
5.444293150768893e-72;2.5900277331070666e-9;4.0268005523785467e-84
3.01390980145179e-65;0.0758434821021716;1.6809616011324524e-77
8.360562919449435e-73;2.5900277331070666e-9;4.3865342214330055e-85
4.628329487552368e-66;0.07584348210217155;1.8311300727141536e-78
1.2838950878352502e-73;2.5900277331070666e-9;4.7784046479374805e-86
7.107523202926674e-67;0.0758434821021716;1.994713823884623e-79
1.9716215432489516e-74;2.5900277331070666e-9;5.205282764663189e-87
1.0914712579561026e-67;0.07584348210217155;2.172911306785985e-80
3.0277329874029355e-75;2.5900277331070666e-9;5.670295978762451e-88
1.6761246821589387e-68;0.0758434821021716;2.3670280371162993e-81
4.6495571497467574e-76;2.5900277331070666e-9;6.176851083871911e-89
2.5739513795382e-69;0.07584348210217155;2.5784861586375338e-82
7.140121595499251e-77;2.5900277331070666e-9;6.728659219065433e-90
3.952704577855729e-70;0.0758434821021716;2.808834862127435e-83
1.0964772505547463e-77;2.5900277331070666e-9;7.329763057511516e-91
6.069995573344801e-71;0.07584348210217155;3.059761735107108e-84
1.6838121660868313e-78;2.5900277331070666e-9;7.984566424025648e-92
9.321426768608436e-72;0.0758434821021716;3.3331051254948797e-85
2.585756712442135e-79;2.5900277331070666e-9;8.697866558502668e-93
1.4314507474121722e-72;0.07584348210217155;3.630867609765488e-86
3.970833511363733e-80;2.5900277331070666e-9;9.474889261598303e-94
2.198216317235263e-73;0.0758434821021716;3.955230664285391e-87
6.097835383777269e-81;2.5900277331070666e-9;1.0321327180145372e-94
3.3757046731053175e-74;0.07584348210217155;4.3085706473097864e-88
9.364179148089188e-82;2.5900277331070666e-9;1.124338151279217e-95
5.183922051109713e-75;0.0758434821021716;4.693476208729159e-89
1.4380160433781763e-82;2.5900277331070666e-9;1.224780744140855e-96
7.960722407408046e-76;0.07584348210217155;5.112767255113026e-90
2.2082983551580096e-83;2.5900277331070666e-9;1.3341963621100109e-97
1.2224933288540165e-76;0.0758434821021716;5.569515608993353e-91
3.3911872178682676e-84;2.5900277331070666e-9;1.4533866091406105e-98
1.877329547004228e-77;0.07584348210217155;6.067067513742099e-92
5.207697918069697e-85;2.5900277331070666e-9;1.5832247003646554e-99
2.8829328920419435e-78;0.0758434821021716;6.609068148918913e-93
7.997233966609324e-86;2.5900277331070666e-9;1.7246618594669122e-100
4.4271939752294443e-79;0.07584348210217155;7.199488335694041e-94
1.2281002493400362e-86;2.5900277331070666e-9;1.8787342875681357e-101
6.798648192058828e-80;0.0758434821021716;7.842653627996441e-95
1.8859398496109299e-87;2.5900277331070666e-9;2.046570754672545e-102
1.0440386732092375e-80;0.07584348210217155;8.543276002515573e-96
2.896155357237206e-88;2.5900277331070666e-9;2.2294008692961825e-103
1.603284535931274e-81;0.0758434821021716;9.306488379725187e-97
4.4474991368278125e-89;2.5900277331070666e-9;2.4285640868614036e-104
2.4620939521856217e-82;0.07584348210217155;1.013788222883791e-97
6.829829940805907e-90;2.5900277331070666e-9;2.645519522855e-105
3.7809300180569215e-83;0.0758434821021716;1.1043548532193236e-98
1.0488271180104073e-90;2.5900277331070666e-9;2.881856642643486e-106
5.806208893350197e-84;0.07584348210217155;1.2030122409193468e-99
1.6106379412196792e-91;2.5900277331070666e-9;3.139306906261519e-107
8.916341099205042e-85;0.0758434821021716;1.3104831726712856e-100
2.473386255131732e-92;2.5900277331070666e-9;3.419756453485901e-108
1.369243512551278e-85;0.07584348210217155;1.4275550052110684e-101
3.7982711138928626e-93;2.5900277331070666e-9;3.725259922128886e-109
2.1026873869046074e-86;0.0758434821021716;1.5550854336794684e-102
5.832838855920851e-94;2.5900277331070666e-9;4.058055500786827e-110
3.229005072158156e-87;0.07584348210217155;1.6940087752937492e-103
8.957235568229536e-95;2.5900277331070666e-9;4.420581326324018e-111
4.958641888926743e-88;0.0758434821021716;1.845342814370233e-104
1.3755234973329302e-95;2.5900277331070666e-9;4.815493346223502e-112
7.614769513565715e-89;0.07584348210217155;2.010196258846039e-105
2.1123312849178443e-96;2.5900277331070666e-9;5.245684776668466e-113
1.1693668557557436e-89;0.0758434821021716;2.1897768629281225e-106
3.243814784621391e-97;2.5900277331070666e-9;5.714307298908704e-114
1.7957455454219819e-90;0.07584348210217155;2.3854002753780866e-107
4.981384516746183e-98;2.5900277331070666e-9;6.224794149201513e-115
2.757647908379287e-91;0.0758434821021716;2.5984996782572327e-108
7.649694372601132e-99;2.5900277331070666e-9;6.78088527148924e-116
4.234799304375635e-92;0.07584348210217155;2.8306362867475994e-109
1.1747301136357347e-99;2.5900277331070666e-9;7.386654717087746e-117
6.5031961092089395e-93;0.0758434821021716;3.0835107869730744e-110
1.8039816660196686e-100;2.5900277331070666e-9;8.046540492122422e-118
9.986673888212898e-94;0.07584348210217155;3.3589757956166296e-111
2.7702957586258126e-101;2.5900277331070666e-9;8.765377071380531e-119
1.533609838526693e-94;0.0758434821021716;3.659049432615751e-112
4.254222054924422e-102;2.5900277331070666e-9;9.548430816784196e-120
2.355097566169499e-95;0.07584348210217155;3.985930106372737e-113
6.533022777893927e-103;2.5900277331070666e-9;1.0401438559967688e-120
3.6166203468712044e-96;0.0758434821021716;4.342012619799713e-114
1.0032477399029228e-103;2.5900277331070666e-9;1.1330649631623944e-121
5.553885716368406e-97;0.07584348210217155;4.729905715194933e-115
1.540643683389682e-104;2.5900277331070666e-9;1.2342871645536954e-122
8.528859430093639e-98;0.0758434821021716;5.152451186488192e-116
2.3658991341442817e-105;2.5900277331070666e-9;1.3445520372724242e-123
1.309739647035114e-98;0.07584348210217155;5.612744698875966e-117
3.633207842470904e-106;2.5900277331070666e-9;1.4646674071079002e-124
2.0113099026616665e-99;0.0758434821021716;6.114158468375922e-118
5.57935840801026e-107;2.5900277331070666e-9;1.5955132668543396e-125
3.088680665430315e-100;0.07584348210217155;6.660365967456064e-119
8.567976728758832e-108;2.5900277331070666e-9;1.738048223340214e-126
4.7431518337270396e-101;0.0758434821021716;7.255368837738072e-120
1.3157467195360322e-108;2.5900277331070666e-9;1.8933165204021188e-127
7.283850858908352e-102;0.07584348210217155;7.903526206943054e-121
2.0205347012194976e-109;2.5900277331070666e-9;2.0624556892550065e-128
1.1185491250262404e-102;0.0758434821021716;8.609586624862769e-122
3.1028467851865723e-110;2.5900277331070666e-9;2.2467048823072213e-129
1.717706978537016e-103;0.07584348210217155;9.378722852326178e-123
4.764906124369891e-111;2.5900277331070666e-9;2.447413951475678e-130
2.6378074937437737e-104;0.0758434821021716;1.0216569758033832e-123
7.317257971760438e-112;2.5900277331070666e-9;2.6660533375111705e-131
4.0507656200925555e-105;0.07584348210217155;1.112926560090029e-124
1.123679309261775e-112;2.5900277331070666e-9;2.9042248427850674e-132
6.220583627820152e-106;0.0758434821021716;1.212349700034931e-125
1.725585178130928e-113;2.5900277331070666e-9;3.1636733664615288e-133
9.552678258837397e-107;0.07584348210217155;1.3206547924023752e-126
2.6499057003562473e-114;2.5900277331070666e-9;3.4462996880296106e-134
1.4669630275325507e-107;0.0758434821021716;1.4386353051806017e-127
4.069344306947768e-115;2.5900277331070666e-9;3.754174392850498e-135
2.2527509729081686e-108;0.07584348210217155;1.5671555907105637e-128
6.249114104800772e-116;2.5900277331070666e-9;4.089553041741539e-136
3.459451159089353e-109;0.0758434821021716;1.7071572181297595e-129
9.596491264734174e-117;2.5900277331070666e-9;4.454892695732971e-137
5.312527867505449e-110;0.07584348210217155;1.8596658715240446e-130
1.4736911992592795e-117;2.5900277331070666e-9;4.8528699170615265e-138
8.158216735874157e-111;0.0758434821021716;2.0257988643248782e-131
2.2630831320143055e-118;2.5900277331070666e-9;5.2864003782802686e-139
1.252821669258358e-111;0.07584348210217155;2.2067733250042078e-132
3.4753178040161434e-119;2.5900277331070666e-9;5.758660223145525e-140
1.9239034531424712e-112;0.0758434821021716;2.40391511403728e-133
5.336893580290822e-120;2.5900277331070666e-9;6.273109335775762e-141
2.9544544030793007e-113;0.07584348210217155;2.618668537461066e-134
8.195634095516257e-121;2.5900277331070666e-9;6.833516688557467e-142
4.5370264321825555e-114;0.0758434821021716;2.8526069281921177e-135
1.2585676895571222e-121;2.5900277331070666e-9;7.4439879545027395e-143
6.967313093364609e-115;0.07584348210217155;3.1074441726249344e-136
1.9327273652489379e-122;2.5900277331070666e-9;8.108995586352952e-144
1.069939804552074e-115;0.0758434821021716;3.3850472669574684e-137
2.9680048990424736e-123;2.5900277331070666e-9;8.833411582795106e-145
1.643059770710123e-116;0.07584348210217155;3.6874499952341634e-138
4.557835336286813e-124;2.5900277331070666e-9;9.622543181843395e-146
2.523175040913818e-117;0.0758434821021716;4.016867829315089e-139
6.999268417449954e-125;2.5900277331070666e-9;1.048217174288419e-146
3.8747295750165616e-118;0.07584348210217155;4.375714159931785e-140
1.0748470439351895e-125;2.5900277331070666e-9;1.1418595102243117e-147
5.950252771234845e-119;0.0758434821021716;4.766617977742186e-141
1.6505956036432828e-126;2.5900277331070666e-9;1.2438673712580753e-148
9.137542983612384e-120;0.07584348210217155;5.192443133920154e-142
2.5347474900166496e-127;2.5900277331070666e-9;1.3549880904144987e-149
1.4032125186513101e-120;0.0758434821021716;5.65630932138712e-143
3.892500879054939e-128;2.5900277331070666e-9;1.476035763610525e-150
2.154852104149927e-121;0.07584348210217155;6.161614930399131e-144
5.9775433857295e-129;2.5900277331070666e-9;1.6078972139089716e-151
3.309112147333413e-122;0.0758434821021716;6.712061945934555e-145
9.1794519869071e-130;2.5900277331070666e-9;1.7515384885880107e-152
5.0816588212903526e-123;0.07584348210217155;7.311683069286597e-146
1.4096483010244065e-130;2.5900277331070666e-9;1.908011936625481e-153
7.803681237218646e-124;0.0758434821021716;7.964871262559323e-147
2.1647352537115095e-131;2.5900277331070666e-9;2.0784639184492496e-154
1.1983772030695894e-124;0.07584348210217155;8.676411932517375e-148
3.3242892679372706e-132;2.5900277331070666e-9;2.2641432044370815e-155
1.8402954672053478e-125;0.0758434821021716;9.451517989575198e-149
5.104965661725036e-133;2.5900277331070666e-9;2.466410123695293e-156
2.826061275149181e-126;0.07584348210217155;1.0295868038776352e-149
7.839472532894967e-134;2.5900277331070666e-9;2.6867465301423116e-157
4.339858720092487e-127;0.0758434821021716;1.1215647982558726e-150
1.203873515835703e-134;2.5900277331070666e-9;2.9267666589109275e-158
6.664531259807373e-128;0.07584348210217155;1.2217596340096797e-151
1.8487359143733287e-135;2.5900277331070666e-9;3.1882289526057016e-159
1.02344292240009e-128;0.0758434821021716;1.330905361524126e-152
2.839022900774766e-136;2.5900277331070666e-9;3.47304894405749e-160
1.5716565420403017e-129;0.07584348210217155;1.4498016074736612e-153
4.359763321769883e-137;2.5900277331070666e-9;3.783313289956994e-161
2.4135242250201962e-130;0.0758434821021716;1.5793194330708316e-154
6.695097886199807e-138;2.5900277331070666e-9;4.121295058181106e-162
3.7063436119429e-131;0.07584348210217155;1.7204077156608371e-155
1.0281369055511109e-138;2.5900277331070666e-9;4.489470380810325e-163
5.691669811051923e-132;0.0758434821021716;1.874100100414957e-156
1.5788648867032675e-139;2.5900277331070666e-9;4.890536594841277e-164
8.740448439171558e-133;0.07584348210217155;2.041522573052539e-157
2.424593764707142e-140;2.5900277331070666e-9;5.327432003497203e-165
1.342232445906723e-133;0.0758434821021716;2.2239017090710548e-158
3.723342619982902e-141;2.5900277331070666e-9;5.803357402912418e-166
2.0612076730189999e-134;0.07584348210217155;2.4225736599199876e-159
5.717774444353407e-142;2.5900277331070666e-9;6.321799531900132e-167
3.165306489400468e-135;0.0758434821021716;2.6389939419533072e-160
8.78053618300942e-143;2.5900277331070666e-9;6.886556616602002e-168
4.8608227608457646e-136;0.07584348210217155;2.8747480998766716e-161
1.3483885454291694e-143;2.5900277331070666e-9;7.501766197165445e-169
7.464552956080899e-137;0.0758434821021716;3.131563322812185e-162
2.070661325857029e-144;2.5900277331070666e-9;8.171935440313325e-170
1.1462987559011726e-137;0.07584348210217155;3.4113210980827246e-163
3.179824050667315e-145;2.5900277331070666e-9;8.901974159882789e-171
1.7603208732147093e-138;0.0758434821021716;3.716070995420282e-164
4.88311674484833e-146;2.5900277331070666e-9;9.697230787249419e-172
2.7032477883475542e-139;0.07584348210217155;4.0480456825847027e-165
7.498788852425375e-147;2.5900277331070666e-9;1.0563531555164153e-172
4.151259418892675e-140;0.0758434821021716;4.409677282400612e-166
1.1515562127934654e-147;2.5900277331070666e-9;1.1507223182073057e-173
6.374907560168319e-141;0.07584348210217155;4.80361519104798e-167
1.76839451986213e-148;2.5900277331070666e-9;1.2535219369634549e-174
9.789666773350333e-142;0.0758434821021716;5.232745488147169e-168
2.715646134453443e-149;2.5900277331070666e-9;1.3655051454086182e-175
1.5033563173849252e-142;0.07584348210217155;5.700212080841325e-169
4.1702990168431894e-150;2.5900277331070666e-9;1.487492358254418e-176
2.308638556701038e-143;0.0758434821021716;6.209439736782322e-170
6.404145838162933e-151;2.5900277331070666e-9;1.6203772818469858e-177
3.545275277625342e-144;0.07584348210217155;6.764159174765364e-171
9.834566718313048e-152;2.5900277331070666e-9;1.7651334616649795e-178
5.4443242133589234e-145;0.0758434821021716;7.36843439683204e-172
1.5102514055909588e-152;2.5900277331070666e-9;1.9228214147374218e-179
8.360610620910602e-146;0.07584348210217155;8.026692462082806e-173
2.3192270421453865e-153;2.5900277331070666e-9;2.0945963992350744e-180
1.2839024131400498e-146;0.0758434821021716;8.743755920329133e-174
3.561535551700902e-154;2.5900277331070666e-9;2.2817168781572314e-181
1.9716327923992063e-147;0.07584348210217155;9.524878143201258e-175
5.469294405215135e-155;2.5900277331070666e-9;2.485553739120743e-182
3.0277502622310748e-148;0.0758434821021716;1.0375781811555645e-175
8.398956252628694e-156;2.5900277331070666e-9;2.707600337797649e-183
4.649583677944924e-149;0.07584348210217155;1.1302700841149681e-176
1.2897909841223036e-156;2.5900277331070666e-9;2.949483438581893e-184
7.140162333693146e-150;0.0758434821021716;1.2312426053740609e-177
1.9806756133567494e-157;2.5900277331070666e-9;3.212975132639026e-185
1.0964835065410399e-150;0.07584348210217155;1.3412354928205852e-178
3.0416369269442266e-158;2.5900277331070666e-9;3.500005820653172e-186
1.6838217731314147e-151;0.0758434821021716;1.4610545796172778e-179
4.670908821698289e-159;2.5900277331070666e-9;3.812678355385947e-187
2.5857714655603938e-152;0.07584348210217155;1.591577687920739e-180
7.172910424433103e-160;2.5900277331070666e-9;4.153283447658851e-188
3.970856167082314e-153;0.0758434821021716;1.7337610600082254e-181
1.101512487632637e-160;2.5900277331070666e-9;4.5243164486270695e-189
6.097870175173581e-154;0.07584348210217155;1.888646363928258e-182
1.6915445594826758e-161;2.5900277331070666e-9;4.928495631295228e-190
9.364232575715136e-155;0.0758434821021716;2.057368325000047e-183
2.5976310108521587e-162;2.5900277331070666e-9;5.368782105209971e-191
1.4380242480250629e-155;0.07584348210217155;2.2411630390718715e-184
3.989068352183668e-163;2.5900277331070666e-9;5.8484015102287505e-192
2.2083109546754558e-156;0.0758434821021716;2.4413770284432443e-185
6.125837831437478e-164;2.5900277331070666e-9;6.370867648298461e-193
3.3912065663962434e-157;0.07584348210217155;2.6594771067966187e-186
9.407181282448672e-165;2.5900277331070666e-9;6.940008226375776e-194
5.207727630758039e-158;0.0758434821021716;2.89706112541139e-187
1.4446196931087659e-165;2.5900277331070666e-9;7.559992899087615e-195
7.997279595085501e-159;0.07584348210217155;3.15586967938948e-188
2.2184392912798618e-166;2.5900277331070666e-9;8.23536381657892e-196
1.228107256305596e-159;0.0758434821021716;3.437798859654917e-189
3.406760210020037e-167;2.5900277331070666e-9;8.97106890134811e-197
1.8859506099015342e-160;0.07584348210217155;3.7449141441515403e-190
5.231612681129542e-168;2.5900277331070666e-9;9.772498097863942e-198
2.8961718813449545e-161;0.0758434821021716;4.079465530008935e-191
8.033958822477403e-169;2.5900277331070666e-9;1.064552286053708e-198
4.447524512177502e-162;0.07584348210217155;4.443904017538313e-192
1.23373992486246e-169;2.5900277331070666e-9;1.159653916934384e-199
6.829868908620801e-163;0.0758434821021716;4.840899566823864e-193
1.894600452694704e-170;2.5900277331070666e-9;1.2632514388245025e-200
1.0488331021273376e-163;0.07584348210217155;5.273360658463748e-194
2.9094550666755253e-171;2.5900277331070666e-9;1.376103830969487e-201
1.6106471307663715e-164;0.0758434821021716;5.744455601767072e-195
4.467922919032435e-172;2.5900277331070666e-9;1.4990378759204215e-202
2.4734003671167414e-165;0.07584348210217155;6.2576357465158595e-196
6.861193850030883e-173;2.5900277331070666e-9;1.6329542167329618e-203
3.798292785051138e-166;0.0758434821021716;6.816660768346357e-197
1.0536435363996023e-173;2.5900277331070666e-9;1.778833955285277e-204
5.8328721353709624e-167;0.07584348210217155;7.425626212996535e-198
1.618034304323965e-174;2.5900277331070666e-9;1.9377458400557889e-205
8.957286674025815e-168;0.0758434821021716;8.088993501215056e-199
2.4847445265172006e-175;2.5900277331070666e-9;2.1108540960200778e-206
1.375531345426585e-168;0.07584348210217155;8.811622614154604e-200
3.815713514576404e-176;2.5900277331070666e-9;2.2994269540304927e-207
2.1123433368920847e-169;0.0758434821021716;9.598807698710312e-201
5.859624387916019e-177;2.5900277331070666e-9;2.5048459421667454e-208
3.243833292311207e-170;0.07584348210217155;1.0456315853656188e-201
8.998368938416436e-178;2.5900277331070666e-9;2.72861600712801e-209
4.98141293819611e-171;0.0758434821021716;1.1390429380735683e-202
1.3818401691214065e-178;2.5900277331070666e-9;2.9723765398181812e-210
7.649738018178946e-172;0.07584348210217155;1.2407991810247467e-203
2.122031521563186e-179;2.5900277331070666e-9;3.2379133859002613e-211
1.1747368160962642e-172;0.0758434821021716;1.3516458038320639e-204
3.258711013858325e-180;2.5900277331070666e-9;3.5271719293119595e-212
1.8039919586952135e-173;0.07584348210217155;1.472394894319639e-205
5.004260004591716e-181;2.5900277331070666e-9;3.8422713445953464e-213
2.77031156463756e-174;0.0758434821021716;1.6039310880647652e-206
7.684823258968797e-182;2.5900277331070666e-9;4.18552012245638e-214
4.254246327525483e-175;0.07584348210217155;1.7472180494413934e-207
1.1801247031009531e-182;2.5900277331070666e-9;4.559432982298201e-215
6.53306005226597e-176;0.0758434821021716;1.9033055316467026e-208
1.8122659011627005e-183;2.5900277331070666e-9;4.966749295633165e-216
1.0032534639652387e-176;0.07584348210217155;2.073337067434211e-209
2.7830174962756397e-184;2.5900277331070666e-9;5.41045315534789e-217
1.540652473581878e-177;0.0758434821021716;2.258558346897424e-210
4.2737582711274525e-185;2.5900277331070666e-9;5.893795237853305e-218
2.3659126328580507e-178;0.07584348210217155;2.460326343681633e-211
6.563023690822417e-186;2.5900277331070666e-9;6.420316618286783e-219
3.6332285718553634e-179;0.0758434821021716;2.6801192564846157e-212
1.007854848911079e-186;2.5900277331070666e-9;6.99387471324218e-220
5.579390241219491e-180;0.07584348210217155;2.919547338679849e-213
1.547718619230345e-187;2.5900277331070666e-9;7.618671541089952e-221
8.568025613626222e-181;0.0758434821021716;3.1803646954026996e-214
2.3767638037366196e-188;2.5900277331070666e-9;8.299284506929099e-222
1.3157542265713523e-181;0.07584348210217155;3.4644821345275876e-215
3.649892240465337e-189;2.5900277331070666e-9;9.040699937708493e-223
2.020546229445362e-182;0.0758434821021716;3.7739811656854806e-216
5.60497990842228e-190;2.5900277331070666e-9;9.84834961320366e-224
3.1028644885789225e-183;0.07584348210217155;4.111129249881641e-217
8.60732254654514e-191;2.5900277331070666e-9;1.0728150560483301e-224
4.764933310695369e-184;0.0758434821021716;4.478396411435856e-218
1.3217888847190958e-191;2.5900277331070666e-9;1.168654840340892e-225
7.317299720611642e-185;0.07584348210217155;4.878473333948078e-219
2.0298133900747385e-192;2.5900277331070666e-9;1.2730564584756056e-226
1.1236857204502931e-185;0.0758434821021716;5.314291072864613e-220
3.117095661916015e-193;2.5900277331070666e-9;1.3867847806917116e-227
1.7255950235127846e-186;0.07584348210217155;5.789042529063675e-221
4.786787501277592e-194;2.5900277331070666e-9;1.5106730068052264e-228
2.6499208194786364e-187;0.0758434821021716;6.306205840780787e-222
7.350860245432108e-195;2.5900277331070666e-9;1.6456287704222203e-229
4.06936752472287e-188;0.07584348210217155;6.8695698652484834e-223
1.1288394634909575e-195;2.5900277331070666e-9;1.7926407884711103e-230
6.24914975932272e-189;0.0758434821021716;7.483261936734884e-224
1.7335094013335425e-196;2.5900277331070666e-9;1.9527861047700484e-231
9.596546017824385e-190;0.07584348210217155;8.151778104342713e-225
2.66207458341205e-197;2.5900277331070666e-9;2.127237980697334e-232
1.4736996074519127e-190;0.0758434821021716;8.880016071097953e-226
4.088031528526393e-198;2.5900277331070666e-9;2.317274490773865e-233
2.2630960441080538e-191;0.07584348210217155;9.673311075647321e-227
6.277811253810056e-199;2.5900277331070666e-9;2.5242878861306266e-234
3.4753376325538793e-192;0.0758434821021716;1.0537474979442432e-227
9.640560221577e-200;2.5900277331070666e-9;2.7497947944603955e-235
5.336924030109143e-193;0.07584348210217155;1.1478838845771819e-228
1.4804586762535474e-200;2.5900277331070666e-9;2.995447331180596e-236
8.195680855970713e-194;0.0758434821021716;1.2504299322585166e-229
2.2734756505010266e-201;2.5900277331070666e-9;3.2630452032104076e-237
1.2585748703556328e-194;0.07584348210217155;1.3621369168920528e-230
3.491277140204257e-202;2.5900277331070666e-9;3.554548894037127e-238
1.932738392487205e-195;0.0758434821021716;1.4838232295103112e-231
5.361401634992927e-203;2.5900277331070666e-9;3.87209402666858e-239
2.968021833090072e-196;0.07584348210217155;1.6163803719952256e-232
8.233270043415439e-204;2.5900277331070666e-9;4.218007009697891e-240
4.557861341163213e-197;0.0758434821021716;1.7607794884257598e-233
1.2643472774986674e-204;2.5900277331070666e-9;4.5948220811073166e-241
6.99930835200148e-198;0.07584348210217155;1.9180784799025264e-234
1.9416028257165588e-205;2.5900277331070666e-9;5.005299874677908e-242
1.074853176509641e-198;0.0758434821021716;2.0894297549742857e-235
2.981634555569723e-206;2.5900277331070666e-9;5.452447645026788e-243
1.6506050211696988e-199;0.07584348210217155;2.2760886724477316e-236
4.578765803807738e-207;2.5900277331070666e-9;5.939541299445357e-244
2.5347619521001465e-200;0.0758434821021716;2.479422738434504e-237
7.031410421158463e-208;2.5900277331070666e-9;6.470149397948742e-245
3.892523087844155e-201;0.07584348210217155;2.700921625015133e-238
1.0797829508917106e-208;2.5900277331070666e-9;7.048159297366232e-246
5.977577490795949e-202;0.0758434821021716;2.9422080839189125e-239
1.6581754601153285e-209;2.5900277331070666e-9;7.677805631010496e-247
9.17950436056627e-203;0.07584348210217155;3.205049835175911e-240
2.546387544143043e-210;2.5900277331070666e-9;8.363701332574089e-248
1.409656343818221e-203;0.0758434821021716;3.491372517839988e-241
3.910376001171714e-211;2.5900277331070666e-9;9.11087143154145e-249
2.1647476046782715e-204;0.07584348210217155;3.803273797662899e-242
6.004993429107316e-212;2.5900277331070666e-9;9.924789867709316e-250
3.3243082347768292e-205;0.0758434821021716;4.1430387350755157e-243
9.221605818166061e-213;2.5900277331070666e-9;1.0811419594527225e-250
5.104994788271159e-206;0.07584348210217155;4.5131565260654615e-244
1.4161216805573715e-213;2.5900277331070666e-9;1.1777256265064385e-251
7.839517261258176e-207;0.0758434821021716;4.916338738598843e-245
2.174676139587428e-214;2.5900277331070666e-9;1.2829375820656433e-252
1.203880384574852e-207;0.07584348210217155;5.355539178190036e-246
3.339555051674307e-215;2.5900277331070666e-9;1.3975486330877045e-253
1.8487464623956804e-208;0.0758434821021716;5.833975528159549e-247
5.1284086582562245e-216;2.5900277331070666e-9;1.522398446462674e-254
2.8390390989114343e-209;0.07584348210217155;6.3551529231211806e-248
7.875472917534736e-217;2.5900277331070666e-9;1.6584017006058005e-255
4.3597881965400444e-210;0.0758434821021716;6.92288962840353e-249
1.2094019374796158e-217;2.5900277331070666e-9;1.806554786601751e-256
6.69513608529661e-211;0.07584348210217155;7.541345013538916e-250
1.8572256697408667e-218;2.5900277331070666e-9;1.967943107994591e-257
1.0281427716193654e-211;0.0758434821021716;8.215050024760156e-251
2.852060246846219e-219;2.5900277331070666e-9;2.143749032703516e-258
1.578873894967769e-212;0.07584348210217155;8.948940379753584e-252
4.379784204024849e-220;2.5900277331070666e-9;2.3352605553218536e-259
2.4246075983050196e-213;0.0758434821021716;9.748392727860767e-253
6.725843079590431e-221;2.5900277331070666e-9;2.5438807332613494e-260
3.723363863634238e-214;0.07584348210217155;1.0619264040646712e-253
1.0328583104551907e-221;2.5900277331070666e-9;2.771137965873103e-261
5.717807067299815e-215;0.0758434821021716;1.1567934521419207e-254
1.586115341753282e-222;2.5900277331070666e-9;3.0186971918523473e-262
8.780586280641658e-216;0.07584348210217155;1.260135434806392e-255
2.4357279714740432e-223;2.5900277331070666e-9;3.2883720869618196e-263
1.3483962387034817e-216;0.0758434821021716;1.3727094591644323e-256
3.740440934429781e-224;2.5900277331070666e-9;3.582138351437048e-264
2.070673140081972e-217;0.07584348210217155;1.4953402683807746e-257
5.744031578161404e-225;2.5900277331070666e-9;3.902148184420206e-265
3.179842193255943e-218;0.0758434821021716;1.6289262839364113e-258
8.820858115206471e-226;2.5900277331070666e-9;4.250746051465427e-266
4.8831446056283125e-219;0.07584348210217155;1.7744461876707954e-259
1.3545806082338613e-226;2.5900277331070666e-9;4.630485860632073e-267
7.498831637006868e-220;0.0758434821021716;1.93296609182981e-260
2.0801702059349703e-227;2.5900277331070666e-9;5.044149673001938e-268
1.1515627830345532e-220;0.07584348210217155;2.105647349649012e-261
3.1944264219914737e-228;2.5900277331070666e-9;5.494768084697796e-269
1.7684046094940662e-221;0.0758434821021716;2.29375506369425e-262
4.905540967947258e-229;2.5900277331070666e-9;5.985642429726904e-270
2.7156616286599945e-222;0.07584348210217155;2.4986673542936875e-263
7.533224751254916e-230;2.5900277331070666e-9;6.520368966312329e-271
4.17032281061865e-223;0.0758434821021716;2.72188545596394e-264
1.1568443831928034e-230;2.5900277331070666e-9;7.102865223906935e-272
6.404182377223444e-224;0.07584348210217155;2.9650447157990225e-265
1.7765153318992675e-231;2.5900277331070666e-9;7.737398703914046e-273
9.834622829750453e-225;0.0758434821021716;3.229926574398867e-266
2.7281169103858383e-232;2.5900277331070666e-9;8.428618144383254e-274
1.5102600223790318e-225;0.07584348210217155;3.5184716171124145e-267
4.189449842111003e-233;2.5900277331070666e-9;9.181587577733261e-275
2.3192402745700306e-226;0.0758434821021716;3.832793791211694e-268
6.433554923084881e-234;2.5900277331070666e-9;1.0001823431016782e-275
3.561555872156786e-227;0.07584348210217155;4.175195893155206e-269
9.879728964004864e-235;2.5900277331070666e-9;1.0895334940532508e-276
5.469325610450653e-228;0.0758434821021716;4.54818643940381e-270
1.5171867741729523e-235;2.5900277331070666e-9;1.1868668176870704e-277
8.399004173144291e-229;0.07584348210217155;4.954498044388566e-271
2.3298773844016908e-236;2.5900277331070666e-9;1.292895400293019e-278
1.289798343066335e-229;0.0758434821021716;5.397107440271922e-272
3.577890816577645e-237;2.5900277331070666e-9;1.4083960316258316e-279
1.9806869141652962e-230;0.07584348210217155;5.879257285171313e-273
5.494410470290909e-238;2.5900277331070666e-9;1.5342148958452734e-280
3.041654281101742e-231;0.0758434821021716;6.404479919617558e-274
8.43752589547117e-239;2.5900277331070666e-9;1.6712737708557138e-281
4.6709354717191134e-232;0.07584348210217155;6.976623245293012e-275
1.2957139555133601e-239;2.5900277331070666e-9;1.8205767814628007e-282
7.172951349704709e-233;0.0758434821021716;7.599878915643368e-276
1.9897712615178008e-240;2.5900277331070666e-9;1.9832177558224893e-283
1.1015187723476362e-233;0.07584348210217155;8.278813044893716e-277
3.0556047160837425e-241;2.5900277331070666e-9;2.1603882390773785e-284
1.6915542106446777e-234;0.0758434821021716;9.018399660450433e-278
4.6923585446857575e-242;2.5900277331070666e-9;2.353386222890201e-285
2.597645831719609e-235;0.07584348210217155;9.824057143768546e-279
7.205849826055163e-243;2.5900277331070666e-9;2.5636256548288957e-286
3.98909111194171e-236;0.0758434821021716;1.0701687926659189e-279
1.1065708474998187e-243;2.5900277331070666e-9;2.7926467972713715e-287
6.125872782602639e-237;0.07584348210217155;1.1657721733861015e-280
1.699312461534902e-244;2.5900277331070666e-9;3.0421275117215063e-288
9.407234955424644e-238;0.0758434821021716;1.269916268868074e-281
2.609559838353043e-245;2.5900277331070666e-9;3.3138955512080097e-289
1.4446279354329778e-238;0.07584348210217155;1.3833640626809589e-282
4.0073869309439367e-246;2.5900277331070666e-9;3.6099419508229927e-290
2.2184519486567276e-239;0.0758434821021716;1.5069466994252506e-283
6.153968871790888e-247;2.5900277331070666e-9;3.9324356145024856e-291
3.4067796474001936e-240;0.07584348210217155;1.6415695738890825e-284
9.450380890983903e-248;2.5900277331070666e-9;4.283739204914934e-292
5.231642530264276e-241;0.0758434821021716;1.7882189641784703e-285
1.4512536680849897e-248;2.5900277331070666e-9;4.66642645287069e-293
8.034004660488354e-242;0.07584348210217155;1.9479692574172831e-286
2.2286267965553536e-249;2.5900277331070666e-9;5.0833010130652344e-294
1.233746964005356e-242;0.0758434821021716;2.1219908209541425e-287
3.422404716384638e-250;2.5900277331070666e-9;5.537417004297548e-295
1.894611262398635e-243;0.07584348210217155;2.311558576742499e-288
5.2556372654388045e-251;2.5900277331070666e-9;6.032101384646076e-296
2.9094716666651613e-244;0.0758434821021716;2.5180613417117494e-289
8.070852326035872e-252;2.5900277331070666e-9;6.570978325527947e-297
4.4679484109106195e-245;0.07584348210217155;2.7430120025591307e-290
1.239405498873218e-252;2.5900277331070666e-9;7.157995763211375e-298
6.861232996793491e-246;0.0758434821021716;2.988058599505229e-291
1.9033008269544964e-253;2.5900277331070666e-9;7.797454322303744e-299
1.0536495479967502e-246;0.07584348210217155;3.254996400215226e-292
2.9228158509697142e-254;2.5900277331070666e-9;8.494038823115427e-300
1.618043536070828e-247;0.0758434821021716;3.5457810523422946e-293
4.488440491222505e-255;2.5900277331070666e-9;9.252852603729788e-301
2.4847587033071643e-248;0.07584348210217155;3.862542911051546e-294
6.892701788435205e-256;2.5900277331070666e-9;1.0079454908230239e-301
3.8157352852528157e-249;0.0758434821021716;4.207602646491409e-295
1.0584820727200453e-256;2.5900277331070666e-9;1.0979901614999678e-302
5.859657820191784e-250;0.07584348210217155;4.583488245556291e-296
1.6254646329680802e-257;2.5900277331070666e-9;1.1960789603476723e-303
8.998420278900396e-251;0.0758434821021716;4.992953532499296e-297
2.496154957296911e-258;2.5900277331070666e-9;1.3029305084409963e-304
1.3818480532550192e-251;0.07584348210217155;5.4389983440814e-298
3.8332360141608204e-259;2.5900277331070666e-9;1.4193276247689007e-305
2.1220436288824183e-252;0.0758434821021716;5.924890507064689e-299
5.88653292429065e-260;2.5900277331070666e-9;1.5461230613461802e-306
3.258729606539022e-253;0.07584348210217155;6.454189779061993e-300
9.039691201050042e-261;2.5900277331070666e-9;1.6842457506706455e-307
5.004288556558422e-254;0.0758434821021716;7.030773928138929e-301
1.388185848296918e-261;2.5900277331070666e-9;1.834707611296011e-308
7.68486710497553e-255;0.07584348210217155;7.658867142233652e-302
2.131776303584339e-262;2.5900277331070666e-9;1.998610961379687e-309
1.1801314363404742e-255;0.0758434821021716;8.343070976528091e-303
3.273675649480978e-263;2.5900277331070666e-9;2.17715659451887e-310
1.8122762411041942e-256;0.07584348210217155;9.088398065498359e-304
5.027240541132455e-264;2.5900277331070666e-9;2.37165257704e-311
2.7830333748716384e-257;0.0758434821021716;9.90030884662659e-305
7.720113464024063e-265;2.5900277331070666e-9;2.583523831195e-312
4.273782655192978e-258;0.07584348210217155;1.078475156482021e-305
1.1855440655716025e-265;2.5900277331070666e-9;2.8143225745e-313
6.563061136365562e-259;0.0758434821021716;1.174820585062087e-306
1.8205881791268742e-266;2.5900277331070666e-9;3.0657396914e-314
1.0078605992593944e-259;0.07584348210217155;1.2797730191466242e-307
2.7957976546223323e-267;2.5900277331070666e-9;3.339617124e-315
1.5477274497888026e-260;0.0758434821021716;1.394101364379064e-308
4.293384201440004e-268;2.5900277331070666e-9;3.6379614e-316
2.376777364439091e-261;0.07584348210217155;1.51864321648189e-309
6.593162373785812e-269;2.5900277331070666e-9;3.9629584e-317
3.6499130650431256e-262;0.0758434821021716;1.65431099767537e-310
1.0124831146610454e-269;2.5900277331070666e-9;4.316988e-318
5.6050118878157566e-263;0.07584348210217155;1.802098641292e-311
1.5548260445542487e-270;2.5900277331070666e-9;4.70267e-319
8.607371655901287e-264;0.0758434821021716;1.96308887356e-312
2.387678366007646e-271;2.5900277331070666e-9;5.123e-320
1.3217964262281695e-264;0.07584348210217155;2.1384611459e-313
3.666653256464677e-272;2.5900277331070666e-9;5.58e-321
2.029824971240444e-265;0.0758434821021716;2.329500276e-314
5.630719067754032e-273;2.5900277331070666e-9;6.1e-322
3.117113446605758e-266;0.07584348210217155;2.53760586e-315
8.646849047989387e-274;2.5900277331070666e-9;6.4e-323
4.786814812447923e-267;0.0758434821021716;2.76430253e-316
1.3278587967014047e-274;2.5900277331070666e-9;5.0e-324
7.350902186002112e-268;0.07584348210217155;3.011251e-317
2.0391346884762472e-275;2.5900277331070666e-9;0.0
1.1288459041208938e-268;0.0758434821021716;3.28026e-318
3.131409972262399e-276;2.5900277331070666e-9;0.0
1.733519291927292e-269;0.07584348210217155;3.57333e-319
4.808769361729482e-277;2.5900277331070666e-9;0.0
2.6620897719643686e-270;0.0758434821021716;3.8927e-320
7.384616827288585e-278;2.5900277331070666e-9;0.0
4.088054852922015e-271;0.07584348210217155;4.24e-321
1.1340233141533126e-278;2.5900277331070666e-9;0.0
6.27784707206446e-272;0.0758434821021716;4.6e-322
1.7414700141123611e-279;2.5900277331070666e-9;0.0
9.640615226103999e-273;0.07584348210217155;5.0e-323
2.6742993483487654e-280;2.5900277331070666e-9;0.0
1.4804671230582317e-273;0.0758434821021716;5.0e-324
4.1068045654659e-281;2.5900277331070666e-9;0.0
2.2734886218896102e-274;0.07584348210217155;0.0
6.306640185716425e-282;2.5900277331070666e-9;0.0
3.4912970597984815e-275;0.0758434821021716;0.0
9.68483155165216e-283;2.5900277331070666e-9;0.0
5.361432224642718e-276;0.07584348210217155;0.0
1.4872572308201573e-283;2.5900277331070666e-9;0.0
8.233317018602981e-277;0.0758434821021716;0.0
2.283915893456613e-284;2.5900277331070666e-9;0.0
1.2643544912728008e-277;0.07584348210217155;0.0
3.507309764772275e-285;2.5900277331070666e-9;0.0
1.941613903594047e-278;0.0758434821021716;0.0
5.38602223545525e-286;2.5900277331070666e-9;0.0
2.9816515673817573e-279;0.07584348210217155;0.0
8.271078822917106e-287;2.5900277331070666e-9;0.0
4.578791928103573e-280;0.0758434821021716;0.0
1.2701534064336353e-287;2.5900277331070666e-9;0.0
7.031450539097181e-281;0.07584348210217155;0.0
1.9505190440271686e-288;2.5900277331070666e-9;0.0
1.07978911162813e-281;0.0758434821021716;0.0
2.995326802134158e-289;2.5900277331070666e-9;0.0
1.6581849208888428e-282;0.07584348210217155;0.0
4.599792388111786e-290;2.5900277331070666e-9;0.0
2.546402072639226e-283;0.0758434821021716;0.0
7.06370002720775e-291;2.5900277331070666e-9;0.0
3.910398311947988e-284;0.07584348210217155;0.0
1.0847415244942567e-291;2.5900277331070666e-9;0.0
6.005027690790819e-285;0.0758434821021716;0.0
1.6657901247644842e-292;2.5900277331070666e-9;0.0
9.221658432335178e-286;0.07584348210217155;0.0
2.5580810516649084e-293;2.5900277331070666e-9;0.0
1.4161297602852485e-286;0.0758434821021716;0.0
3.928333209330464e-294;2.5900277331070666e-9;0.0
2.1746885472722147e-287;0.07584348210217155;0.0
6.032569528430279e-295;2.5900277331070666e-9;0.0
3.339574105613261e-288;0.0758434821021716;0.0
9.263953228027734e-296;2.5900277331070666e-9;0.0
5.128437918557061e-289;0.07584348210217155;0.0
1.4226247871098548e-296;2.5900277331070666e-9;0.0
7.875517851299227e-290;0.0758434821021716;0.0
2.1846626759472907e-297;2.5900277331070666e-9;0.0
1.2094088377613409e-290;0.07584348210217155;0.0
3.3548909388633025e-298;2.5900277331070666e-9;0.0
1.8572362662017718e-291;0.0758434821021716;0.0
5.151959309593036e-299;2.5900277331070666e-9;0.0
2.852076519367858e-292;0.07584348210217155;0.0
7.911638622951914e-300;2.5900277331070666e-9;0.0
4.3798091930247645e-293;0.0758434821021716;0.0
1.2149557467123931e-300;2.5900277331070666e-9;0.0
6.72588145410485e-294;0.07584348210217155;0.0
1.8657544117184522e-301;2.5900277331070666e-9;0.0
1.0328642034615636e-294;0.0758434821021716;0.0
2.8651574629498943e-302;2.5900277331070666e-9;0.0
1.5861243913854724e-295;0.07584348210217155;0.0
4.3998970260702456e-303;2.5900277331070666e-9;0.0
2.43574186859847e-296;0.0758434821021716;0.0
6.75672946089677e-304;2.5900277331070666e-9;0.0
3.740462275636058e-297;0.07584348210217155;0.0
1.0376013969700912e-304;2.5900277331070666e-9;0.0
5.7440643509186605e-298;0.0758434821021716;0.0
1.593399092304922e-305;2.5900277331070666e-9;0.0
8.820908442896677e-299;0.07584348210217155;0.0
2.446913308686821e-306;2.5900277331070666e-9;0.0
1.3545883368371706e-299;0.0758434821021716;0.0
3.757617767666527e-307;2.5900277331070666e-9;0.0
2.0801820744131086e-300;0.07584348210217155;0.0
5.770409289841452e-308;2.5900277331070666e-9;0.0
3.1944446478943617e-301;0.0758434821021716;0.0
8.86136521356893e-309;2.5900277331070666e-9;0.0
4.905568956669318e-302;0.07584348210217155;0.0
1.360801106196863e-309;2.5900277331070666e-9;0.0
7.533267732311484e-303;0.0758434821021716;0.0
2.0897227526421e-310;2.5900277331070666e-9;0.0
1.156850983605709e-303;0.07584348210217155;0.0
3.209095850249e-311;2.5900277331070666e-9;0.0
1.7765254678647367e-304;0.0758434821021716;0.0
4.928068167446e-312;2.5900277331070666e-9;0.0
2.7281324757447743e-305;0.07584348210217155;0.0
7.56781878646e-313;2.5900277331070666e-9;0.0
4.1894737451520734e-306;0.0758434821021716;0.0
1.1621568379e-313;2.5900277331070666e-9;0.0
6.433591629939797e-307;0.07584348210217155;0.0
1.784673436e-314;2.5900277331070666e-9;0.0
9.879785333116822e-308;0.0758434821021716;0.0
2.740644953e-315;2.5900277331070666e-9;0.0
1.517195430530979e-308;0.07584348210217155;0.0
4.2086886e-316;2.5900277331070666e-9;0.0
2.329890677592185e-309;0.0758434821021716;0.0
6.463099e-317;2.5900277331070666e-9;0.0
3.577911230349e-310;0.07584348210217155;0.0
9.925097e-318;2.5900277331070666e-9;0.0
5.494441818827e-311;0.0758434821021716;0.0
1.524153e-318;2.5900277331070666e-9;0.0
8.437574036046e-312;0.07584348210217155;0.0
2.3406e-319;2.5900277331070666e-9;0.0
1.29572134825e-312;0.0758434821021716;0.0
3.5943e-320;2.5900277331070666e-9;0.0
1.9897826142e-313;0.07584348210217155;0.0
5.52e-321;2.5900277331070666e-9;0.0
3.05562215e-314;0.0758434821021716;0.0
8.5e-322;2.5900277331070666e-9;0.0
4.69238532e-315;0.07584348210217155;0.0
1.3e-322;2.5900277331070666e-9;0.0
7.20589097e-316;0.0758434821021716;0.0
2.0e-323;2.5900277331070666e-9;0.0
1.10657716e-316;0.07584348210217155;0.0
5.0e-324;2.5900277331070666e-9;0.0
1.6993225e-317;0.0758434821021716;0.0
0.0;2.5900277331070666e-9;0.0
2.609576e-318;0.07584348210217155;0.0
0.0;2.5900277331070666e-9;0.0
4.0074e-319;0.0758434821021716;0.0
0.0;2.5900277331070666e-9;0.0
6.154e-320;0.07584348210217155;0.0
0.0;2.5900277331070666e-9;0.0
9.45e-321;0.0758434821021716;0.0
0.0;2.5900277331070666e-9;0.0
1.453e-321;0.07584348210217155;0.0
0.0;2.5900277331070666e-9;0.0
2.2e-322;0.0758434821021716;0.0
0.0;2.5900277331070666e-9;0.0
3.5e-323;0.07584348210217155;0.0
0.0;2.5900277331070666e-9;0.0
5.0e-324;0.0758434821021716;0.0
0.0;2.5900277331070666e-9;0.0
0.0;0.07584348210217155;0.0
0.0;2.5900277331070666e-9;0.0
0.0;0.0758434821021716;0.0
0.0;2.5900277331070666e-9;0.0
0.0;0.07584348210217155;0.0
0.0;2.5900277331070666e-9;0.0
0.0;0.0758434821021716;0.0
0.0;2.5900277331070666e-9;0.0
0.0;0.07584348210217155;0.0
0.0;2.5900277331070666e-9;0.0
0.0;0.0758434821021716;0.0
0.0;2.5900277331070666e-9;0.0
0.0;0.07584348210217155;0.0
0.0;2.5900277331070666e-9;0.0
0.0;0.0758434821021716;0.0
0.0;2.5900277331070666e-9;0.0
0.0;0.07584348210217155;0.0
0.0;2.5900277331070666e-9;0.0
0.0;0.0758434821021716;0.0
0.0;2.5900277331070666e-9;0.0
0.0;0.07584348210217155;0.0
0.0;2.5900277331070666e-9;0.0
0.0;0.0758434821021716;0.0
0.0;2.5900277331070666e-9;0.0
0.0;0.07584348210217155;0.0
0.0;2.5900277331070666e-9;0.0
0.0;0.0758434821021716;0.0
0.0;2.5900277331070666e-9;0.0
0.0;0.07584348210217155;0.0
0.0;2.5900277331070666e-9;0.0
0.0;0.0758434821021716;0.0
0.0;2.5900277331070666e-9;0.0
0.0;0.07584348210217155;0.0
0.0;2.5900277331070666e-9;0.0
0.0;0.0758434821021716;0.0
0.0;2.5900277331070666e-9;0.0
0.0;0.07584348210217155;0.0
0.0;2.5900277331070666e-9;0.0
0.0;0.0758434821021716;0.0
0.0;2.5900277331070666e-9;0.0
0.0;0.07584348210217155;0.0
0.0;2.5900277331070666e-9;0.0
0.0;0.0758434821021716;0.0
0.0;2.5900277331070666e-9;0.0
0.0;0.07584348210217155;0.0
0.0;2.5900277331070666e-9;0.0
0.0;0.0758434821021716;0.0
0.0;2.5900277331070666e-9;0.0
0.0;0.07584348210217155;0.0
0.0;2.5900277331070666e-9;0.0
0.0;0.0758434821021716;0.0
0.0;2.5900277331070666e-9;0.0
0.0;0.07584348210217155;0.0
0.0;2.5900277331070666e-9;0.0
0.0;0.0758434821021716;0.0
0.0;2.5900277331070666e-9;0.0
0.0;0.07584348210217155;0.0
0.0;2.5900277331070666e-9;0.0
0.0;0.0758434821021716;0.0
0.0;2.5900277331070666e-9;0.0
0.0;0.07584348210217155;0.0
0.0;2.5900277331070666e-9;0.0
0.0;0.0758434821021716;0.0
0.0;2.5900277331070666e-9;0.0
0.0;0.07584348210217155;0.0
0.0;2.5900277331070666e-9;0.0
0.0;0.0758434821021716;0.0
0.0;2.5900277331070666e-9;0.0
0.0;0.07584348210217155;0.0
0.0;2.5900277331070666e-9;0.0
0.0;0.0758434821021716;0.0
0.0;2.5900277331070666e-9;0.0
0.0;0.07584348210217155;0.0
0.0;2.5900277331070666e-9;0.0
0.0;0.0758434821021716;0.0
0.0;2.5900277331070666e-9;0.0
0.0;0.07584348210217155;0.0
0.0;2.5900277331070666e-9;0.0
0.0;0.0758434821021716;0.0
0.0;2.5900277331070666e-9;0.0
0.0;0.07584348210217155;0.0
0.0;2.5900277331070666e-9;0.0
0.0;0.0758434821021716;0.0
0.0;2.5900277331070666e-9;0.0
0.0;0.07584348210217155;0.0
0.0;2.5900277331070666e-9;0.0
0.0;0.0758434821021716;0.0
0.0;2.5900277331070666e-9;0.0
0.0;0.07584348210217155;0.0
0.0;2.5900277331070666e-9;0.0
0.0;0.0758434821021716;0.0
0.0;2.5900277331070666e-9;0.0
0.0;0.07584348210217155;0.0
0.0;2.5900277331070666e-9;0.0
0.0;0.0758434821021716;0.0
0.0;2.5900277331070666e-9;0.0
0.0;0.07584348210217155;0.0
0.0;2.5900277331070666e-9;0.0
0.0;0.0758434821021716;0.0
0.0;2.5900277331070666e-9;0.0
0.0;0.07584348210217155;0.0
0.0;2.5900277331070666e-9;0.0
0.0;0.0758434821021716;0.0
0.0;2.5900277331070666e-9;0.0
0.0;0.07584348210217155;0.0
0.0;2.5900277331070666e-9;0.0
0.0;0.0758434821021716;0.0
0.0;2.5900277331070666e-9;0.0
0.0;0.07584348210217155;0.0
0.0;2.5900277331070666e-9;0.0
0.0;0.0758434821021716;0.0
0.0;2.5900277331070666e-9;0.0
0.0;0.07584348210217155;0.0
0.0;2.5900277331070666e-9;0.0
0.0;0.0758434821021716;0.0
0.0;2.5900277331070666e-9;0.0
0.0;0.07584348210217155;0.0
0.0;2.5900277331070666e-9;0.0
0.0;0.0758434821021716;0.0
0.0;2.5900277331070666e-9;0.0
0.0;0.07584348210217155;0.0
0.0;2.5900277331070666e-9;0.0
0.0;0.0758434821021716;0.0
0.0;2.5900277331070666e-9;0.0
0.0;0.07584348210217155;0.0
0.0;2.5900277331070666e-9;0.0
0.0;0.0758434821021716;0.0
0.0;2.5900277331070666e-9;0.0
0.0;0.07584348210217155;0.0
0.0;2.5900277331070666e-9;0.0
0.0;0.0758434821021716;0.0
0.0;2.5900277331070666e-9;0.0
0.0;0.07584348210217155;0.0
0.0;2.5900277331070666e-9;0.0
0.0;0.0758434821021716;0.0
0.0;2.5900277331070666e-9;0.0
0.0;0.07584348210217155;0.0
0.0;2.5900277331070666e-9;0.0
0.0;0.0758434821021716;0.0
0.0;2.5900277331070666e-9;0.0
0.0;0.07584348210217155;0.0
0.0;2.5900277331070666e-9;0.0
0.0;0.0758434821021716;0.0
0.0;2.5900277331070666e-9;0.0
0.0;0.07584348210217155;0.0
0.0;2.5900277331070666e-9;0.0
0.0;0.0758434821021716;0.0
0.0;2.5900277331070666e-9;0.0
0.0;0.07584348210217155;0.0
0.0;2.5900277331070666e-9;0.0
0.0;0.0758434821021716;0.0
0.0;2.5900277331070666e-9;0.0
0.0;0.07584348210217155;0.0
0.0;2.5900277331070666e-9;0.0
0.0;0.0758434821021716;0.0
0.0;2.5900277331070666e-9;0.0
0.0;0.07584348210217155;0.0
0.0;2.5900277331070666e-9;0.0
0.0;0.0758434821021716;0.0
0.0;2.5900277331070666e-9;0.0
0.0;0.07584348210217155;0.0
0.0;2.5900277331070666e-9;0.0
0.0;0.0758434821021716;0.0
0.0;2.5900277331070666e-9;0.0
0.0;0.07584348210217155;0.0
0.0;2.5900277331070666e-9;0.0
0.0;0.0758434821021716;0.0
0.0;2.5900277331070666e-9;0.0
0.0;0.07584348210217155;0.0
0.0;2.5900277331070666e-9;0.0
0.0;0.0758434821021716;0.0
0.0;2.5900277331070666e-9;0.0
0.0;0.07584348210217155;0.0
0.0;2.5900277331070666e-9;0.0
0.0;0.0758434821021716;0.0
0.0;2.5900277331070666e-9;0.0
0.0;0.07584348210217155;0.0
0.0;2.5900277331070666e-9;0.0
0.0;0.0758434821021716;0.0
0.0;2.5900277331070666e-9;0.0
0.0;0.07584348210217155;0.0
0.0;2.5900277331070666e-9;0.0
0.0;0.0758434821021716;0.0
0.0;2.5900277331070666e-9;0.0
0.0;0.07584348210217155;0.0
0.0;2.5900277331070666e-9;0.0
0.0;0.0758434821021716;0.0
0.0;2.5900277331070666e-9;0.0
0.0;0.07584348210217155;0.0
0.0;2.5900277331070666e-9;0.0
0.0;0.0758434821021716;0.0
0.0;2.5900277331070666e-9;0.0
0.0;0.07584348210217155;0.0
0.0;2.5900277331070666e-9;0.0
0.0;0.0758434821021716;0.0
0.0;2.5900277331070666e-9;0.0
0.0;0.07584348210217155;0.0
0.0;2.5900277331070666e-9;0.0
0.0;0.0758434821021716;0.0
0.0;2.5900277331070666e-9;0.0
0.0;0.07584348210217155;0.0
0.0;2.5900277331070666e-9;0.0
0.0;0.0758434821021716;0.0
0.0;2.5900277331070666e-9;0.0
