# ["m", "w0", "wp"] [calculated @ 2025-10-13T19:21:59.367]
0.5009391565125196;0.7067881096272348;0.4028188294450894
0.09018019884003944;-0.04098593347294956;0.03186570792643136
3.330444661851088e-10;2.593013934306625e-11;1.7347630489113477e-10
0.009039707478995133;0.016588554521952042;0.004454538618069887
0.011920131811143663;0.05622354296241167;0.004761240998968421
0.002707618050500448;0.019445721514441176;0.0010064301712926673
0.00327083387485869;0.05679255127628747;0.00097494253903409
0.0007525380459642665;0.019688938789388096;0.0002075945666679989
0.0008822472499117914;0.05589839331018014;0.00019564698019136777
0.00020617402273913487;0.01991177605947741;4.2265060048016875e-5
0.00024031130595249055;0.05588289929202581;3.9604500827298255e-5
5.618073106723621e-5;0.01991759619707869;8.558543754199046e-6
6.546690409108334e-5;0.05587921271957245;8.017934893252675e-6
1.5306047995847733e-5;0.019918503301470273;1.7327793495148735e-6
1.7835560656466367e-5;0.055879121055911966;1.6232876345408693e-6
4.169932288895667e-6;0.01991853647192836;3.5081411765176756e-7
4.859058283315708e-6;0.0558791011978532;3.28646278748812e-7
1.1360422868776406e-6;0.019918541383194207;7.102486848627996e-8
1.3237852697294158e-6;0.05587910065920112;6.65368196186891e-8
3.094994907823001e-7;0.0199185415721799;1.4379499240184025e-8
3.606475467678089e-7;0.05587910055226432;1.347086113163721e-8
8.43189865003578e-8;0.01991854159877126;2.911233792781575e-9
9.825358848909344e-8;0.055879100549122464;2.7272734231686094e-9
2.297157730941288e-8;0.019918541599845005;5.894003712607519e-10
2.676787278271887e-8;0.05587910054854609;5.521562617425049e-10
6.258298231125788e-9;0.019918541599989088;1.1932837496355108e-10
7.2925480314219215e-9;0.055879100548527745;1.1178803518309271e-10
1.704989440734742e-9;0.0199185415999952;2.415889396359392e-11
1.986756931426345e-9;0.055879100548524685;2.2632297550445683e-11
4.6450151233740665e-10;0.01991854159999598;4.8911430975436535e-12
5.412652871894935e-10;0.055879100548524616;4.58207259455791e-12
1.2654720892039925e-10;0.019918541599996002;9.902473530741713e-13
1.4746047011699366e-10;0.05587910054852454;9.276737907409308e-13
3.447609030368598e-11;0.019918541599996013;2.0048275029263737e-13
4.0173627908105904e-11;0.05587910054852454;1.8781427929573865e-13
9.39254854190869e-12;0.019918541599996013;4.0589185156740795e-14
1.0944766268671727e-11;0.05587910054852454;3.8024361429036754e-14
2.5588739133415915e-12;0.019918541599996013;8.21757457578478e-15
2.981754820596739e-12;0.05587910054852454;7.698307431722642e-15
6.971308878697066e-13;0.019918541599996013;1.6637075035582408e-15
8.12339120991652e-13;0.05587910054852454;1.5585781085086152e-15
1.8992396314961679e-13;0.019918541599996013;3.368296365149392e-16
2.2131090153194587e-13;0.05587910054852454;3.155454288967932e-16
5.1742237227048094e-14;0.019918541599996013;6.819360001210356e-17
6.029318774786182e-14;0.05587910054852454;6.388445799032649e-17
1.4096478763720069e-14;0.019918541599996013;1.3806288338302201e-17
1.6426070580504912e-14;0.05587910054852454;1.2933871319215524e-17
3.840396631171082e-15;0.019918541599996013;2.7951830911772905e-18
4.475062686087571e-15;0.05587910054852454;2.6185559456003553e-18
1.0462645694660018e-15;0.019918541599996013;5.659050659928641e-19
1.2191708264167057e-15;0.05587910054852454;5.301456208283095e-19
2.8504075345625764e-16;0.019918541599996013;1.1457158020425225e-19
3.3214674480573524e-16;0.05587910054852454;1.073318214780387e-19
7.765553140385803e-17;0.019918541599996013;2.3195846404854246e-20
9.048892714181365e-17;0.05587910054852454;2.1730104803646772e-20
2.115620831230011e-17;0.019918541599996013;4.696167142657784e-21
2.4652494908735478e-17;0.05587910054852454;4.3994171372009146e-21
5.7637252886173706e-18;0.019918541599996013;9.507730585404843e-22
6.716241693005989e-18;0.05587910054852454;8.906938701855202e-22
1.5702496738668044e-18;0.019918541599996013;1.9249089340010766e-22
1.8297499967391963e-18;0.05587910054852454;1.8032742648513923e-22
4.277934694681259e-19;0.019918541599996013;3.89711758333273e-23
4.984908530098831e-19;0.05587910054852454;3.6508593840418206e-23
1.1654659482839683e-19;0.019918541599996013;7.889996866892113e-24
1.3580714905170715e-19;0.05587910054852454;7.391429302710426e-24
3.1751557084268526e-20;0.019918541599996013;1.5973870233171335e-24
3.699883683359574e-20;0.05587910054852454;1.4964484081685656e-24
8.650285997287005e-21;0.019918541599996013;3.2340257484374303e-25
1.0079837008564545e-20;0.05587910054852454;3.029668209758914e-25
2.3566544354428907e-21;0.019918541599996013;6.5475194106919e-26
2.746116440800369e-21;0.05587910054852454;6.133782769335442e-26
6.420389025096402e-22;0.019918541599996013;1.3255927369811595e-26
7.481426038959345e-22;0.05587910054852454;1.2418287567003999e-26
1.749148904210537e-22;0.019918541599996013;2.6837585261186955e-27
2.0382142120712709e-22;0.05587910054852454;2.5141722799145336e-27
4.7653216606371856e-23;0.019918541599996013;5.433463556022147e-28
5.552841333531614e-23;0.05587910054852454;5.090123915221638e-28
1.298247992190648e-23;0.019918541599996013;1.1000440586328353e-28
1.5127971678719176e-23;0.05587910054852454;1.0305324610926018e-28
3.536902583406465e-24;0.019918541599996013;2.2271188873480084e-29
4.121413045428719e-24;0.05587910054852454;2.0863876224894116e-29
9.63581685452766e-25;0.019918541599996013;4.5089635269215784e-30
1.1228237236142254e-24;0.05587910054852454;4.224042886200608e-30
2.6251491033313837e-25;0.019918541599996013;9.128723303729128e-31
3.058982684856741e-25;0.05587910054852454;8.551880826043641e-31
7.151866747533125e-26;0.019918541599996013;1.8481761641780662e-31
8.333788171248457e-26;0.05587910054852454;1.7313902257426028e-31
1.9484302019096872e-26;0.019918541599996013;3.7417665320632577e-32
2.27042884639581e-26;0.05587910054852454;3.505324939360551e-32
5.3082368362404195e-27;0.019918541599996013;7.575477409479092e-33
6.18547896901246e-27;0.05587910054852454;7.096784276481054e-33
1.4461579522839767e-27;0.019918541599996013;1.5337102806861564e-33
1.6851508091447782e-27;0.05587910054852454;1.4367953881073383e-33
3.93986343765966e-28;0.019918541599996013;3.1051075700378395e-34
4.590967431604859e-28;0.05587910054852454;2.908896349192871e-34
1.073362967225818e-28;0.019918541599996013;6.286515219284268e-35
1.2507475202621877e-28;0.05587910054852454;5.889271388526678e-35
2.9242334858595533e-29;0.019918541599996013;1.2727505476343644e-35
3.4074939165821045e-29;0.05587910054852454;1.1923256563384421e-35
7.966682045984264e-30;0.019918541599996013;2.5767756857319794e-36
9.283260293100632e-30;0.05587910054852454;2.413949667071718e-36
2.1704157047894596e-30;0.019918541599996013;5.216869045486348e-37
2.5290997953094178e-30;0.05587910054852454;4.887215975080578e-37
5.913006574639477e-31;0.019918541599996013;1.0561929308962157e-37
6.890193286283199e-31;0.05587910054852454;9.894522786822115e-38
1.6109193586544437e-31;0.019918541599996013;2.1383391025318361e-38
1.877140775954785e-31;0.05587910054852454;2.0032178172221648e-38
4.388733797824112e-32;0.019918541599996013;4.3292224210748454e-39
5.114018353834758e-32;0.05587910054852454;4.0556595903552186e-39
1.1956516783218631e-32;0.019918541599996013;8.764824413932318e-40
1.3932457308672678e-32;0.05587910054852454;8.210976645389956e-40
3.2573926825606554e-33;0.019918541599996013;1.774502197740877e-40
3.7957111849712215e-33;0.05587910054852454;1.6623717047523293e-40
8.874329606840032e-34;0.019918541599996013;3.5926082498376903e-41
1.0340906187989748e-33;0.05587910054852454;3.3655919436973683e-41
2.417692112850482e-34;0.019918541599996013;7.2734956616191e-42
2.8172412382744434e-34;0.05587910054852454;6.813884704063953e-42
6.586677993156932e-35;0.019918541599996013;1.4725718881812953e-42
7.675196013142642e-35;0.05587910054852454;1.3795203202581559e-42
1.7944521039276257e-35;0.019918541599996013;2.981328465354608e-43
2.0910042434364673e-35;0.05587910054852454;2.792938825146442e-43
4.888744153935698e-36;0.019918541599996013;6.035915454906045e-44
5.696660695808168e-36;0.05587910054852454;5.654506980767517e-44
1.3318727956198712e-36;0.019918541599996013;1.2220148099126095e-44
1.551978824769494e-36;0.05587910054852454;1.1447959012805132e-44
3.6285088518780837e-37;0.019918541599996013;2.4740575092581336e-45
4.228158216102415e-37;0.05587910054852454;2.3177222347522404e-45
9.885385850253012e-38;0.019918541599996013;5.008908655987797e-46
1.151905014106722e-37;0.05587910054852454;4.69239656733243e-46
2.693140829952865e-38;0.019918541599996013;1.0140898435118718e-46
3.1382107615342556e-38;0.05587910054852454;9.500096782506347e-47
7.337101090266069e-39;0.019918541599996013;2.053098352042373e-47
8.549634443119952e-39;0.05587910054852454;1.9233634153026091e-47
1.998894814933448e-39;0.019918541599996013;4.156646346601303e-48
2.329233269063373e-39;0.05587910054852454;3.8939885687654533e-48
5.445720908041805e-40;0.019918541599996013;8.415431649207891e-49
6.345683733972408e-40;0.05587910054852454;7.883661950225022e-49
1.4836136442362525e-40;0.019918541599996013;1.7037651014115163e-49
1.7287964493051561e-40;0.05587910054852454;1.596104473545756e-49
4.0419064482602383e-41;0.019918541599996013;3.4493958739015226e-50
4.70987412613954e-41;0.05587910054852454;3.2314291335133496e-50
1.1011632172537601e-41;0.019918541599996013;6.983551831782124e-51
1.2831420548668123e-41;0.05587910054852454;6.542262375671157e-51
2.999971539555492e-42;0.019918541599996013;1.4138706593866547e-51
3.4957484825976556e-42;0.05587910054852454;1.3245284121575994e-51
8.173020218190736e-43;0.019918541599996013;2.862483575158515e-52
9.523698024886464e-43;0.05587910054852454;2.6816037234103592e-52
2.2266297731895184e-43;0.019918541599996013;5.7953053652070285e-53
2.594603831504136e-43;0.05587910054852454;5.429101001838453e-53
6.066154266716772e-44;0.019918541599996013;1.1733015541980008e-53
7.068650250002207e-44;0.05587910054852454;1.0991608279346331e-53
1.6526423939303866e-44;0.019918541599996013;2.3754339941226982e-54
1.9257589829384585e-44;0.05587910054852454;2.225330722815496e-54
4.502402613137307e-45;0.019918541599996013;4.809238204998995e-55
5.2464721399492255e-45;0.05587910054852454;4.505343258285252e-55
1.2266192229629763e-45;0.019918541599996013;9.736651142337433e-56
1.429330988931078e-45;0.05587910054852454;9.121393807611271e-56
3.341759605753879e-46;0.019918541599996013;1.9712555591244764e-56
3.894020632192794e-46;0.05587910054852454;1.8466922545918363e-56
9.104175977018247e-47;0.019918541599996013;3.990949683390113e-57
1.0608737095445668e-46;0.05587910054852454;3.738762249606854e-57
2.480310674585992e-47;0.019918541599996013;8.079966750950234e-58
2.89020817788807e-47;0.05587910054852454;7.569395022006467e-58
6.757273868601192e-48;0.019918541599996013;1.6358478025461955e-58
7.873984656587588e-48;0.05587910054852454;1.5324788572795989e-58
1.840928662813666e-48;0.019918541599996013;3.311892382206287e-59
2.1451615439508298e-48;0.05587910054852454;3.102614464143077e-59
5.015363306964005e-49;0.019918541599996013;6.70516605166041e-60
5.844204999555821e-49;0.05587910054852454;6.281467745791903e-60
1.3663684861311182e-49;0.019918541599996013;1.357509441487004e-60
1.5921752920262208e-49;0.05587910054852454;1.2717286500603534e-60
3.7224877354346415e-50;0.019918541599996013;2.7483762065370726e-61
4.337668101532114e-50;0.05587910054852454;2.5747067800639246e-61
1.0141418717653018e-50;0.019918541599996013;5.564286731136822e-62
1.1817395140647218e-50;0.05587910054852454;5.212680396083352e-62
2.7628935517434057e-51;0.019918541599996013;1.1265301581589607e-62
3.2194908564089073e-51;0.05587910054852454;1.0553449084806878e-62
7.527133028219836e-52;0.019918541599996013;2.2807419145748677e-63
8.771071163431442e-52;0.05587910054852454;2.136622219718191e-63
2.0506664684481424e-52;0.019918541599996013;4.617527230162831e-64
2.3895607344507247e-52;0.05587910054852454;4.325746467442237e-64
5.586765836410518e-53;0.019918541599996013;9.3485183856366e-65
6.510037824610239e-53;0.05587910054852454;8.757787093994115e-65
1.5220394438157213e-53;0.019918541599996013;1.8926752707748262e-65
1.7735725176116049e-53;0.05587910054852454;1.7730774413388325e-65
4.146592387017406e-54;0.019918541599996013;3.831858197023404e-66
4.8318605205884415e-54;0.05587910054852454;3.589723727287918e-66
1.1296834976211338e-54;0.019918541599996013;7.757874511714018e-67
1.3163756124199217e-54;0.05587910054852454;7.267655736753221e-67
3.0776712193683055e-55;0.019918541599996013;1.570637895375501e-67
3.586288854138721e-55;0.05587910054852454;1.4713895530859485e-67
8.384702577734439e-56;0.019918541599996013;3.1798702011287686e-68
9.77036312734182e-56;0.05587910054852454;2.9789347423020127e-68
2.284299793773827e-56;0.019918541599996013;6.437877581967617e-69
2.661804431340104e-56;0.05587910054852454;6.031069189177255e-69
6.223268505303465e-57;0.019918541599996013;1.3033949544760942e-69
7.251729273883655e-57;0.05587910054852454;1.2210336483079442e-69
1.6954460616186797e-57;0.019918541599996013;2.6388175073601163e-70
1.9756364082400106e-57;0.05587910054852454;2.4720710765110615e-70
4.619015466564898e-58;0.019918541599996013;5.342477207876887e-71
5.382356497532586e-58;0.05587910054852454;5.004886978987928e-71
1.258388831314187e-58;0.019918541599996013;1.081623213317151e-71
1.4663508601938984e-58;0.05587910054852454;1.0132756258689568e-71
3.428311643983187e-59;0.019918541599996013;2.1898245515425307e-72
3.994876307760528e-59;0.05587910054852454;2.0514499094398084e-72
9.339975400128304e-60;0.019918541599996013;4.43345844236459e-73
1.088350486062804e-59;0.05587910054852454;4.153308955134044e-73
2.5445510657732276e-60;0.019918541599996013;8.97585779021808e-74
2.9650649713786994e-60;0.05587910054852454;8.408674858411315e-74
6.932288200929014e-61;0.019918541599996013;1.8172274335619743e-74
8.077921953525592e-61;0.05587910054852454;1.7023971401664336e-74
1.888608971034205e-61;0.019918541599996013;3.679108584907743e-75
2.2007215260753403e-61;0.05587910054852454;3.4466263372614463e-75
5.145261913653379e-62;0.019918541599996013;7.448621856324323e-76
5.995570721276368e-62;0.05587910054852454;6.977944704220359e-76
1.4017576198208451e-62;0.019918541599996013;1.508027454968514e-76
1.6334128533714318e-62;0.05587910054852454;1.4127354557919803e-76
3.818900685136574e-63;0.019918541599996013;3.0531108288279216e-77
4.4500143082142056e-63;0.05587910054852454;2.8601852732433912e-77
1.0404082871902308e-63;0.019918541599996013;6.18124404989759e-78
1.2123467317180533e-63;0.05587910054852454;5.790652286483652e-78
2.8344528787226098e-64;0.019918541599996013;1.2514376367746268e-78
3.3028761170371885e-64;0.05587910054852454;1.172359504702088e-78
7.722086819777412e-65;0.019918541599996013;2.5336261537222534e-79
8.998243125574471e-65;0.05587910054852454;2.3735267466732024e-79
2.1037790149841405e-65;0.019918541599996013;5.129509692045065e-80
2.4514506895759716e-65;0.05587910054852454;4.805376844370492e-80
5.731463848026523e-66;0.019918541599996013;1.0385063969334397e-80
6.67864870903767e-66;0.05587910054852454;9.728833538015936e-81
1.5614604769447542e-66;0.019918541599996013;2.1025314332561368e-81
1.8195082923102066e-66;0.05587910054852454;1.9696728284964084e-81
4.253989706137732e-67;0.019918541599996013;4.2567272006061934e-82
4.95700637960734e-67;0.05587910054852454;3.9877453305756044e-82
1.158942457213796e-67;0.019918541599996013;8.618052588312118e-83
1.3504699237324838e-67;0.05587910054852454;8.073479306543894e-83
3.157383331687035e-68;0.019918541599996013;1.7447871783828757e-83
3.6791742338860728e-68;0.05587910054852454;1.634534372429047e-83
8.601867539810119e-69;0.019918541599996013;3.532448040498106e-84
1.0023416890232479e-68;0.05587910054852454;3.309233247785115e-84
2.343463475906293e-69;0.019918541599996013;7.151696959616646e-85
2.7307455360514165e-69;0.05587910054852454;6.6997824413887e-85
6.384452024505412e-70;0.019918541599996013;1.4479128586128574e-85
7.439550069928086e-70;0.05587910054852454;1.3564194905869322e-85
1.7393583502489864e-70;0.019918541599996013;2.93140447361577e-86
2.0268056657888772e-70;0.05587910054852454;2.7461695219804077e-86
4.738648609103207e-71;0.019918541599996013;5.934840716980036e-87
5.521760278862684e-71;0.05587910054852454;5.559819138392706e-87
1.2909812769370624e-71;0.019918541599996013;1.20155149700235e-87
1.5043295512674814e-71;0.05587910054852454;1.125625661643272e-87
3.5171053920317197e-72;0.019918541599996013;2.4326280498446725e-88
4.09834415934248e-72;0.05587910054852454;2.2789106958542868e-88
9.581882061068518e-73;0.019918541599996013;4.9250317141251126e-89
1.1165389149116098e-72;0.05587910054852454;4.613819795203772e-89
2.6104552920204006e-73;0.019918541599996013;9.971083490008668e-90
3.041860566224391e-73;0.05587910054852454;9.341012414983758e-90
7.111835428787767e-74;0.019918541599996013;2.0187180862120533e-90
8.287141254797638e-74;0.05587910054852454;1.891155632640549e-90
1.9375242058643007e-74;0.019918541599996013;4.0870410078134066e-91
2.257720519458642e-74;0.05587910054852454;3.8287815795332075e-91
5.278524912309418e-75;0.019918541599996013;8.274510598402506e-92
6.150856836226414e-75;0.05587910054852454;7.751645676725286e-92
1.4380633369915458e-75;0.019918541599996013;1.675234613799624e-92
1.675718473286715e-75;0.05587910054852454;1.5693768226083954e-92
3.91781074363534e-76;0.019918541599996013;3.3916338348931303e-93
4.565270297263327e-76;0.05587910054852454;3.177317067955695e-93
1.0673550064251939e-76;0.019918541599996013;6.866608399346153e-94
1.2437466805624238e-76;0.05587910054852454;6.432708578901745e-94
2.9078656022159396e-77;0.019918541599996013;1.3901946143150434e-94
3.3884210675046846e-77;0.05587910054852454;1.3023484523595265e-94
7.922089941631144e-78;0.019918541599996013;2.8145497067439952e-95
9.231298873109528e-78;0.05587910054852454;2.6366987880132285e-95
2.1582671838570347e-78;0.019918541599996013;5.6982597761218794e-96
2.5149436031404673e-78;0.05587910054852454;5.338187707072427e-96
5.879909558253612e-79;0.019918541599996013;1.153653971658992e-96
6.851626638805423e-79;0.05587910054852454;1.080754772804798e-96
1.601902520310587e-79;0.019918541599996013;2.335656039939902e-97
1.8666338099576886e-79;0.05587910054852454;2.1880663308127145e-97
4.364168630749423e-80;0.019918541599996013;4.728704855116018e-98
5.085393533767686e-80;0.05587910054852454;4.429898797126044e-98
1.1889592279263361e-80;0.019918541599996013;9.573605541410596e-99
1.385447282446491e-80;0.05587910054852454;8.968651030560787e-99
3.2391599987932665e-81;0.019918541599996013;1.9382457960633057e-99
3.7744653578781543e-81;0.05587910054852454;1.8157683728613215e-99
8.824657104585295e-82;0.019918541599996013;3.924119026741879e-100
1.0283024780751624e-81;0.05587910054852454;3.676154610820341e-100
2.404159505628608e-82;0.019918541599996013;7.944663245143283e-101
2.801472224956243e-82;0.05587910054852454;7.442641321789209e-101
6.5498102192561016e-83;0.019918541599996013;1.608454627614495e-101
7.632235450693561e-83;0.05587910054852454;1.5068166524270088e-101
1.7844079732577834e-83;0.019918541599996013;3.2564329151094393e-102
2.0793002142198074e-83;0.05587910054852454;3.0506594713683088e-102
4.8613802666599795e-84;0.019918541599996013;6.592884342864895e-103
5.664774637503686e-84;0.05587910054852454;6.176281099136565e-103
1.3244178714312953e-84;0.019918541599996013;1.334777196137397e-103
1.5432918957181747e-84;0.05587910054852454;1.2504328514398814e-103
3.6081989104953257e-85;0.019918541599996013;2.7023531290315568e-104
4.204491842660439e-85;0.05587910054852454;2.5315918930222587e-104
9.830054138147462e-86;0.019918541599996013;5.471109676670662e-105
1.1454574279852473e-85;0.05587910054852454;5.1253911838896954e-105
2.678066446886789e-86;0.019918541599996013;1.1076657884784444e-105
3.1206451776496953e-86;0.05587910054852454;1.0376725751216186e-105
7.2960329548016515e-87;0.019918541599996013;2.2425496315624904e-106
8.501779365050075e-87;0.05587910054852454;2.1008433005934319e-106
1.9877063520747725e-87;0.019918541599996013;4.540204186435355e-107
2.316195794692329e-87;0.05587910054852454;4.253309453736912e-107
5.415239441151623e-88;0.019918541599996013;9.191972282086245e-108
6.310164883135424e-88;0.05587910054852454;8.611133112182951e-108
1.4753093772827601e-88;0.019918541599996013;1.8609813780419245e-108
1.719119814637462e-88;0.05587910054852454;1.743386280313667e-108
4.019282586395797e-89;0.019918541599996013;3.767691615180536e-109
4.683511432447173e-89;0.05587910054852454;3.52961182087154e-109
1.0949996494334129e-89;0.019918541599996013;7.627964618344446e-110
1.2759598924458433e-89;0.05587910054852454;7.14595482751801e-110
2.9831797254506935e-90;0.019918541599996013;1.544336696354772e-110
3.4761816440783796e-90;0.05587910054852454;1.4467503223716792e-110
8.12727317213744e-91;0.019918541599996013;3.1266215183698658e-111
9.470390796895958e-91;0.05587910054852454;2.9290508347777285e-111
2.2141666038765372e-91;0.019918541599996013;6.3300717662204235e-112
2.580080991990572e-91;0.05587910054852454;5.9300756046474435e-112
6.032200033006652e-92;0.019918541599996013;1.2815688860988925e-112
7.029084720994734e-92;0.05587910054852454;1.200586765490646e-112
1.6433920182202546e-92;0.019918541599996013;2.5946290507815478e-113
1.914979885061772e-92;0.05587910054852454;2.4306748810110474e-113
4.477201204821292e-93;0.019918541599996013;5.253014476383029e-114
5.217105933064111e-93;0.05587910054852454;4.921077382327761e-114
1.2197534371720824e-93;0.019918541599996013;1.0635108352301006e-114
1.421330559612368e-93;0.05587910054852454;9.96307765882071e-115
3.323054692942922e-94;0.019918541599996013;2.1531547299877534e-115
3.872224535225246e-94;0.05587910054852454;2.0170972476912987e-115
9.053216950051577e-95;0.019918541599996013;4.359217732149924e-116
1.0549356551715644e-94;0.05587910054852454;4.0837595028095006e-116
2.4664275709562937e-95;0.019918541599996013;8.825552094158335e-117
2.874030744933339e-95;0.05587910054852454;8.267866953799546e-117
6.719451214232422e-96;0.019918541599996013;1.7867969565330185e-117
7.829911409600382e-96;0.05587910054852454;1.6738895598211104e-117
1.83062438776353e-96;0.019918541599996013;3.617499879683316e-118
2.1331543787508134e-96;0.05587910054852454;3.3889106756737e-118
4.987290691204771e-97;0.019918541599996013;7.323890569469395e-119
5.811493087909681e-97;0.05587910054852454;6.861095166232208e-119
1.3587204783699613e-97;0.019918541599996013;1.482774702352125e-119
1.5832633703051485e-97;0.05587910054852454;1.3890784203315332e-119
3.701651763747364e-98;0.019918541599996013;3.001984801767348e-120
4.3133887657287993e-98;0.05587910054852454;2.812289891163778e-120
1.0084653906513834e-98;0.019918541599996013;6.077735704383511e-121
1.1751249345666061e-98;0.05587910054852454;5.693684615771598e-121
2.7474287400608557e-99;0.019918541599996013;1.2304816223783427e-121
3.2014703214604558e-99;0.05587910054852454;1.1527276973021805e-121
7.485001222339214e-100;0.019918541599996013;2.4911991844574894e-122
8.721976632188609e-100;0.05587910054852454;2.3337807304023144e-122
2.0391882228464447e-100;0.019918541599996013;5.0436132192256764e-123
2.3761855876815096e-100;0.05587910054852454;4.724908155103851e-123
5.55549489529154e-101;0.019918541599996013;1.0211160337501342e-123
6.473599030600131e-101;0.05587910054852454;9.565918847191095e-124
1.513520095193998e-101;0.019918541599996013;2.0673233831790185e-124
1.7636452567611477e-101;0.05587910054852454;1.9366895691337432e-124
4.123382563986387e-102;0.019918541599996013;4.1854459526433647e-125
4.804815029465524e-102;0.05587910054852454;3.920968332585016e-125
1.1233602925376199e-102;0.019918541599996013;8.473738537973937e-126
1.3090074309940643e-102;0.05587910054852454;7.938284436576531e-126
3.0604444949444526e-103;0.019918541599996013;1.7155697534356157e-126
3.5662152317823734e-103;0.05587910054852454;1.6071631916100655e-126
8.337770676830397e-104;0.019918541599996013;3.4732952470903746e-127
9.71567523473768e-104;0.05587910054852454;3.2538183093628004e-127
2.271513826643499e-104;0.019918541599996013;7.031937844148588e-128
2.646905448264747e-104;0.05587910054852454;6.587590884120573e-128
6.188434852221272e-105;0.019918541599996013;1.4236667581137105e-128
7.21113899217604e-105;0.05587910054852454;1.333705497067132e-128
1.6859560998920306e-105;0.019918541599996013;2.8823164866915932e-129
1.9645781302302287e-105;0.05587910054852454;2.7001833966265582e-129
4.59316133827099e-106;0.019918541599996013;5.8354585313641366e-130
5.352229701807811e-106;0.05587910054852454;5.466716896234508e-130
1.2513452207170977e-106;0.019918541599996013;1.1814308535686521e-130
1.4581432186439285e-106;0.05587910054852454;1.1067764382564664e-130
3.409122271330807e-107;0.019918541599996013;2.391892349610554e-131
3.972515688852291e-107;0.05587910054852454;2.2407490776107705e-131
9.287696527280873e-108;0.019918541599996013;4.8425593379791085e-132
1.0822586352562661e-107;0.05587910054852454;4.5365588345223144e-132
2.5303083878300375e-108;0.019918541599996013;9.80411218994318e-133
2.9484685406620898e-108;0.05587910054852454;9.18459200305757e-133
6.8934859345554865e-109;0.019918541599996013;1.9849135369212697e-133
8.03270720331608e-109;0.05587910054852454;1.8594871870875104e-133
1.878037813828178e-109;0.019918541599996013;4.0186012488665117e-134
2.1884033736278823e-109;0.05587910054852454;3.764666517349435e-134
5.116462213244443e-110;0.019918541599996013;8.135949348423451e-135
5.962011566572281e-110;0.05587910054852454;7.621840088637812e-135
1.39391152759575e-110;0.019918541599996013;1.6471818849601625e-135
1.624270111639202e-110;0.05587910054852454;1.543096740947645e-135
3.7975250588868055e-111;0.019918541599996013;3.3348390531298767e-136
4.425106134239235e-111;0.05587910054852454;3.1241111388218695e-136
1.0345847844265428e-111;0.019918541599996013;6.7516232492741175e-137
1.2055608336916401e-111;0.05587910054852454;6.324989320965732e-137
2.8185875262681746e-112;0.019918541599996013;1.366915037694427e-137
3.284388847729065e-112;0.05587910054852454;1.2805399082382512e-137
7.678863794268967e-113;0.019918541599996013;2.767418517429922e-138
8.947877039149263e-113;0.05587910054852454;2.5925458105602934e-138
2.0920034812260994e-113;0.019918541599996013;5.6028392690241886e-139
2.4377291246465458e-113;0.05587910054852454;5.248796805638626e-139
5.699382985186502e-114;0.019918541599996013;1.1343353987409485e-139
6.641266145198397e-114;0.05587910054852454;1.0626569372337637e-139
1.552720476009701e-114;0.019918541599996013;2.296544189569242e-140
1.8093239140240247e-114;0.05587910054852454;2.1514259516351183e-140
4.230178745464488e-115;0.019918541599996013;4.6495200806553526e-141
4.929260406505533e-115;0.05587910054852454;4.355717695136887e-141
1.1524554802398129e-115;0.019918541599996013;9.413290229121284e-142
1.3429109053836617e-115;0.05587910054852454;8.818466015671772e-142
3.139710432706419e-116;0.019918541599996013;1.905788799715871e-142
3.658580701920841e-116;0.05587910054852454;1.7853623286096402e-142
8.553720096150023e-117;0.019918541599996013;3.858407486349768e-143
9.967312573609303e-117;0.05587910054852454;3.6145953715234793e-143
2.3303463504502814e-117;0.019918541599996013;7.811625471269124e-144
2.7154606672437302e-117;0.05587910054852454;7.318010182288119e-144
6.348716174967172e-118;0.019918541599996013;1.581520166526261e-144
7.397908494282973e-118;0.05587910054852454;1.4815841753679052e-144
1.7296225971946943e-118;0.019918541599996013;3.201902147419382e-145
2.0154609768417512e-118;0.05587910054852454;2.999574493642282e-145
4.712124855293254e-119;0.019918541599996013;6.4824828532963285e-146
5.490853194941583e-119;0.05587910054852454;6.072855860974028e-146
1.2837552358465787e-119;0.019918541599996013;1.3124256147911833e-146
1.4959093306606557e-119;0.05587910054852454;1.229493662728974e-146
3.497419011960673e-120;0.019918541599996013;2.657100733377411e-147
4.075404397296802e-120;0.05587910054852454;2.489198988576448e-147
9.528249158148555e-121;0.019918541599996013;5.379492923443209e-148
1.1102892843225299e-120;0.05587910054852454;5.039563677764037e-148
2.595843726739014e-121;0.019918541599996013;1.089117313087019e-148
3.024834285645628e-121;0.05587910054852454;1.0202961747450755e-148
7.072028178322355e-122;0.019918541599996013;2.2049968994227464e-149
8.240755436273687e-122;0.05587910054852454;2.0656635192301146e-149
1.9266792542174422e-122;0.019918541599996013;4.464175959780613e-150
2.2450833251507978e-122;0.05587910054852454;4.182085437833052e-150
5.2489792956572575e-123;0.019918541599996013;9.038047629500248e-151
6.11642849475138e-123;0.05587910054852454;8.466934932294214e-151
1.43001402988736e-123;0.019918541599996013;1.8298182170473746e-151
1.6663389332729463e-123;0.05587910054852454;1.7141923141783004e-151
3.895881485694881e-124;0.019918541599996013;3.704599538189825e-152
4.539716998120633e-124;0.05587910054852454;3.470506521527909e-152
1.0613806741305675e-124;0.019918541599996013;7.500230137888606e-153
1.2367850268340103e-124;0.05587910054852454;7.02629186722335e-153
2.8915893349279473e-125;0.019918541599996013;1.5184759254377998e-153
3.3694549753521e-125;0.05587910054852454;1.422523689183965e-153
7.877747433754843e-126;0.019918541599996013;3.0742645142129996e-154
9.179628298045956e-126;0.05587910054852454;2.880002260835822e-154
2.1461866621380867e-126;0.019918541599996013;6.224071218399063e-155
2.5008666477723323e-126;0.05587910054852454;5.830773213469335e-155
5.8469977966074085e-127;0.019918541599996013;1.2601083072912053e-155
6.813275861367249e-127;0.05587910054852454;1.1804822770189358e-155
1.592936152136621e-127;0.019918541599996013;2.5511805543136694e-156
1.8561856548584553e-127;0.05587910054852454;2.3899718876677915e-156
4.3397409628854717e-128;0.019918541599996013;5.1650498477382936e-157
5.056928936106384e-128;0.05587910054852454;4.838671223651699e-157
1.1823042373471622e-128;0.019918541599996013;1.0457017589175825e-157
1.377692484471877e-128;0.05587910054852454;9.796240420820104e-158
3.221029369272857e-129;0.019918541599996013;2.117098964847647e-158
3.753338450572924e-129;0.05587910054852454;1.983319840236738e-158
8.775262635442832e-130;0.019918541599996013;4.2862202236309404e-159
1.0225467354530469e-129;0.05587910054852454;4.015374694476293e-159
2.3907026448002535e-130;0.019918541599996013;8.677763349992919e-160
2.7857914759221375e-130;0.05587910054852454;8.129416955318714e-160
6.513148806248236e-131;0.019918541599996013;1.7568760546486585e-160
7.589515352451848e-131;0.05587910054852454;1.645859354653402e-160
1.7744200628463e-131;0.019918541599996013;3.556922846254343e-161
2.0676616962522558e-131;0.05587910054852454;3.332161494715593e-161
4.834169543940051e-132;0.019918541599996013;7.201247976901934e-162
5.633067055813534e-132;0.05587910054852454;6.746202338293655e-162
1.3170046748722878e-132;0.019918541599996013;1.4579448210253908e-162
1.53465359022739e-132;0.05587910054852454;1.3658175349956507e-162
3.5880026504444165e-133;0.019918541599996013;2.951714908266806e-163
4.180957937589608e-133;0.05587910054852454;2.7651965437097083e-163
9.775032135587956e-134;0.019918541599996013;5.975960663282723e-164
1.1390459310953352e-133;0.05587910054852454;5.598340722260874e-164
2.663076440033898e-134;0.019918541599996013;1.2098765280171326e-164
3.1031779140376303e-134;0.05587910054852454;1.1334246353598307e-164
7.255194691016794e-135;0.019918541599996013;2.4494826782254836e-165
8.454192147379676e-135;0.05587910054852454;2.2947002831256088e-165
1.976580514673028e-135;0.019918541599996013;4.9591551302842785e-166
2.3032312952956042e-135;0.05587910054852454;4.6457869584818484e-166
5.38492858892194e-136;0.019918541599996013;1.004016881803031e-166
6.274844842831359e-136;0.05587910054852454;9.405732252841913e-167
1.4670515920058857e-136;0.019918541599996013;2.0327049113458476e-167
1.709497343233775e-136;0.05587910054852454;1.904258632665762e-167
3.9967853576269674e-137;0.019918541599996013;4.115358348546306e-168
4.657296299305295e-137;0.05587910054852454;3.85530955230671e-168
1.088870581102047e-137;0.019918541599996013;8.33184110611332e-169
1.2688179309183417e-137;0.05587910054852454;7.805353479374887e-169
2.966481900577882e-138;0.019918541599996013;1.6868415904058778e-169
3.456724327503153e-138;0.05587910054852454;1.5802503563309934e-169
8.081782187144466e-139;0.019918541599996013;3.41513299987833e-170
9.417381946757121e-139;0.05587910054852454;3.1993313246900248e-170
2.2017731949661292e-139;0.019918541599996013;6.9141841612119815e-171
2.5656394415219994e-139;0.05587910054852454;6.477278036442275e-171
5.998435852159767e-140;0.019918541599996013;1.3998266719585397e-171
6.989740653090957e-140;0.05587910054852454;1.311371861913751e-171
1.6341934198644476e-140;0.019918541599996013;2.834050505219749e-172
1.9042611212933982e-140;0.05587910054852454;2.6549673343398847e-172
4.45214085696473e-141;0.019918541599996013;5.737740555335126e-173
5.187904098367401e-141;0.05587910054852454;5.375173702541599e-173
1.2129260814120036e-141;0.019918541599996013;1.161647141421877e-173
1.4133749112924554e-141;0.05587910054852454;1.0882428555256976e-173
3.304454477598155e-142;0.019918541599996013;2.351838791175181e-174
3.850550438084613e-142;0.05587910054852454;2.203226496741399e-174
9.002543157293529e-143;0.019918541599996013;4.7614680073211555e-175
1.0490308380156084e-142;0.05587910054852454;4.460591651298697e-175
2.4526221755622626e-143;0.019918541599996013;9.639936916515515e-176
2.8579438623199474e-143;0.05587910054852454;9.030790937320046e-176
6.681840265532479e-144;0.019918541599996013;1.9516750634786074e-176
7.786084854876999e-144;0.05587910054852454;1.8283490471457353e-176
1.820377789084277e-144;0.019918541599996013;3.951307551482452e-177
2.1212144215503908e-144;0.05587910054852454;3.7016250972926793e-177
4.959375206984678e-145;0.019918541599996013;7.999708383102677e-178
5.778964275447076e-145;0.05587910054852454;7.494208166814484e-178
1.3511152789897957e-145;0.019918541599996013;1.619598914558639e-178
1.574401331501605e-145;0.05587910054852454;1.517256733768795e-178
3.6809324177542782e-146;0.019918541599996013;3.2789953313550094e-179
4.289245329245902e-146;0.05587910054852454;3.071796172357027e-179
1.00282068264411e-146;0.019918541599996013;6.63856358904633e-180
1.1685473790161767e-146;0.05587910054852454;6.219073881497216e-180
2.7320504899471725e-147;0.019918541599996013;1.3440252904416308e-180
3.183550653293239e-147;0.05587910054852454;1.2590965602331485e-180
7.443105241846613e-148;0.019918541599996013;2.7210765659114705e-181
8.67315689896688e-148;0.05587910054852454;2.549132199100496e-181
2.0277742247097292e-148;0.019918541599996013;5.5090166310186017e-182
2.3628853059485994e-148;0.05587910054852454;5.1609028042199415e-182
5.524398987776497e-149;0.019918541599996013;1.1153403259960685e-182
6.437364196343394e-149;0.05587910054852454;1.044862159914807e-182
1.5050484321307834e-149;0.019918541599996013;2.2580872887345136e-183
1.753773562010772e-149;0.05587910054852454;2.1153991358433407e-183
4.100302653865774e-150;0.019918541599996013;4.571661298976797e-184
4.7779209207318866e-150;0.05587910054852454;4.2827787966707635e-184
1.1170724804846512e-150;0.019918541599996013;9.255659485278408e-185
1.3016804916704082e-150;0.05587910054852454;8.670795931804282e-185
3.043314194086759e-151;0.019918541599996013;1.8738753136982797e-185
3.5462539680036585e-151;0.05587910054852454;1.7554654503622065e-185
8.291101469003738e-152;0.019918541599996013;3.793796321994007e-186
9.661293448013027e-152;0.05587910054852454;3.5540669756878167e-186
2.2587994267198613e-152;0.019918541599996013;7.680815488395255e-187
2.632089859631935e-152;0.05587910054852454;7.19546606005176e-187
6.153796174397872e-153;0.019918541599996013;1.555036737864859e-187
7.17077590744548e-153;0.05587910054852454;1.4567742300730524e-187
1.6765192565603783e-153;0.019918541599996013;3.1482845275516356e-188
1.953581748990551e-153;0.05587910054852454;2.9493449620825115e-188
4.5674519239220363e-154;0.019918541599996013;6.373930097645327e-189
5.3222715355339615e-154;0.05587910054852454;5.971162535546278e-189
1.2443410354939627e-154;0.019918541599996013;1.2904483230193893e-189
1.4499815179268476e-154;0.05587910054852454;1.2089051122977449e-189
3.3900403078235352e-155;0.019918541599996013;2.6126061140813873e-190
3.9502802295834254e-155;0.05587910054852454;2.447515976729181e-190
9.235710276247701e-156;0.019918541599996013;5.289410343348468e-191
1.0762008825153155e-155;0.05587910054852454;4.9551734006309813e-191
2.51614543077662e-156;0.019918541599996013;1.0708794421603434e-191
2.9319650055532436e-156;0.05587910054852454;1.003210751789821e-191
6.854900857057003e-157;0.019918541599996013;2.1680730085230537e-192
7.987745534734314e-157;0.05587910054852454;2.0310728427355136e-192
1.8675258268190532e-157;0.019918541599996013;4.389420867771583e-193
2.1761541698765408e-157;0.05587910054852454;4.112054107412509e-193
5.087823714103311e-158;0.019918541599996013;8.886700530234368e-194
5.928640253345991e-158;0.05587910054852454;8.325151430568348e-194
1.38610935249466e-158;0.019918541599996013;1.7991769003950844e-194
1.6151785447989924e-158;0.05587910054852454;1.6854872171296884e-194
3.776269078952904e-159;0.019918541599996013;3.6425639728740724e-195
4.400337379395952e-159;0.05587910054852454;3.4123909730656355e-195
1.0287938776973747e-159;0.019918541599996013;7.374634641855704e-196
1.1988129185383007e-159;0.05587910054852454;6.908632729288648e-196
2.80281097733926e-160;0.019918541599996013;1.4930482074127265e-196
3.266005057665827e-160;0.05587910054852454;1.3987027443493443e-196
7.635882702058874e-161;0.019918541599996013;3.022784257007504e-197
8.897792868052047e-161;0.05587910054852454;2.831775032354088e-197
2.0802938589513117e-161;0.019918541599996013;6.119845708295057e-198
2.4240843637682643e-161;0.05587910054852454;5.733133695676205e-198
5.667481689345079e-162;0.019918541599996013;1.239007097728328e-198
6.60409282369847e-162;0.05587910054852454;1.1607144493103882e-198
1.5440293956957468e-162;0.019918541599996013;2.508459626915741e-199
1.7991965410076342e-162;0.05587910054852454;2.3499504884283265e-199
4.206501062464079e-163;0.019918541599996013;5.0785582353830585e-200
4.9016697366179274e-163;0.05587910054852454;4.757645001615561e-200
1.146004812980787e-163;0.019918541599996013;1.0281909054238654e-200
1.335394197313216e-163;0.05587910054852454;9.632196964514006e-201
3.1221364546757315e-164;0.019918541599996013;2.081646973408405e-201
3.638102438636025e-164;0.05587910054852454;1.9501080541252623e-201
8.505842149354526e-165;0.019918541599996013;4.2144450987086095e-202
9.911522291050474e-165;0.05587910054852454;3.9481350275275263e-202
2.3173026458015695e-165;0.019918541599996013;8.532449409972227e-203
2.7002613528062543e-165;0.05587910054852454;7.993285378528349e-203
6.313180350574055e-166;0.019918541599996013;1.7274561947916632e-203
7.356500000048209e-166;0.05587910054852454;1.6182985307523027e-203
1.7199413383092165e-166;0.019918541599996013;3.4973602087068255e-204
2.004179787799688e-166;0.05587910054852454;3.276362610135189e-204
4.685749563539559e-167;0.019918541599996013;7.080659102282473e-205
5.460119107997647e-167;0.05587910054852454;6.633233454214211e-205
1.2765696412527193e-167;0.019918541599996013;1.4335307297750088e-205
1.487536240760688e-167;0.05587910054852454;1.3429461660316987e-205
3.4778428229465506e-168;0.019918541599996013;2.902286811896971e-206
4.0525930365425946e-168;0.05587910054852454;2.7188918003683973e-206
9.474916455988567e-169;0.019918541599996013;5.875889901455488e-207
1.1040746349436794e-168;0.05587910054852454;5.5045934149053956e-207
2.5813139471295408e-169;0.019918541599996013;1.1896164773411886e-207
3.0079033066838e-169;0.05587910054852454;1.1144448138507808e-207
7.032443741954111e-170;0.019918541599996013;2.408464737930343e-208
8.19462925422688e-170;0.05587910054852454;2.256274259522667e-208
1.9158950052838223e-170;0.019918541599996013;4.876111338688372e-209
2.2325168653199036e-170;0.05587910054852454;4.567990689995882e-209
5.2195990554082015e-171;0.019918541599996013;9.872040645991372e-210
6.082192859874588e-171;0.05587910054852454;9.248228071486102e-210
1.422009777366804e-171;0.019918541599996013;1.9986661449432934e-210
1.6570118935880292e-171;0.05587910054852454;1.87237077014053e-210
3.8740749729265296e-172;0.019918541599996013;4.046444400089207e-211
4.514306729084545e-172;0.05587910054852454;3.790750264567486e-211
1.055439782112293e-172;0.019918541599996013;8.192319825119105e-212
1.2298623397403737e-172;0.05587910054852454;7.674648524469306e-212
2.8754041711891473e-173;0.019918541599996013;1.6585944963326324e-212
3.350595042571236e-173;0.05587910054852454;1.5537881913426222e-212
7.83365312528298e-174;0.019918541599996013;3.357944711618846e-213
9.128246939956625e-174;0.05587910054852454;3.145756754668741e-213
2.134173759018976e-174;0.019918541599996013;6.798402328731477e-214
2.4868684856909557e-174;0.05587910054852454;6.3688124383241005e-214
5.814270252770034e-175;0.019918541599996013;1.3763858012129099e-214
6.775139745674098e-175;0.05587910054852454;1.2894122158158774e-214
1.5840199716346502e-175;0.019918541599996013;2.78659276426494e-215
1.845795981473436e-175;0.05587910054852454;2.610508439989017e-215
4.315450024604617e-176;0.019918541599996013;5.64165892078434e-216
5.0286236640341104e-176;0.05587910054852454;5.285163450186366e-216
1.1756864969096086e-176;0.019918541599996013;1.1421947184615386e-216
1.369981092617728e-176;0.05587910054852454;1.0700196278738461e-216
3.203000222768723e-177;0.019918541599996013;2.3124559516973737e-217
3.732329797422932e-177;0.05587910054852454;2.166332252212393e-217
8.726144643171201e-178;0.019918541599996013;4.681734595781773e-218
1.0168232095899558e-177;0.05587910054852454;4.3858965805147994e-218
2.377321106388309e-178;0.019918541599996013;9.478510848715348e-219
2.7701984971283015e-178;0.05587910054852454;8.879565355372573e-219
6.476692599064504e-179;0.019918541599996013;1.91899318663134e-219
7.547034372461396e-179;0.05587910054852454;1.797732332554868e-219
1.764488058010171e-179;0.019918541599996013;3.885140724227382e-220
2.0560883228461205e-179;0.05587910054852454;3.639639340632527e-220
4.807111128464253e-180;0.019918541599996013;7.865748847992045e-221
5.601536951746259e-180;0.05587910054852454;7.368713512013154e-221
1.3096329723797796e-180;0.019918541599996013;1.592477836230554e-221
1.5260636361352987e-180;0.05587910054852454;1.4918494317815767e-221
3.5679194354140846e-181;0.019918541599996013;3.2240867435437235e-222
4.157555759421481e-181;0.05587910054852454;3.020357248899168e-222
9.720318109029708e-182;0.019918541599996013;6.527397175271861e-223
1.1326703214338477e-181;0.05587910054852454;6.1149320545596486e-223
2.6481703371131562e-182;0.019918541599996013;1.321518844648582e-223
3.0858084203675833e-182;0.05587910054852454;1.238012292933542e-223
7.2145850122450645e-183;0.019918541599996013;2.6755106359658357e-224
8.406871290807107e-183;0.05587910054852454;2.506445572541915e-224
1.9655169521932078e-183;0.019918541599996013;5.416765104904625e-225
2.2903393624085702e-183;0.05587910054852454;5.074480636398822e-225
5.354787396367094e-184;0.019918541599996013;1.0966633362352687e-225
6.239722500253089e-184;0.05587910054852454;1.0273653659701003e-225
1.4588400282325957e-184;0.019918541599996013;2.2202743699439903e-226
1.6999287319247184e-184;0.05587910054852454;2.079975608979589e-226
3.974414053147188e-185;0.019918541599996013;4.495106305598812e-227
4.6312279007695836e-185;0.05587910054852454;4.211061300343584e-227
1.082775819154817e-185;0.019918541599996013;9.100668355300568e-228
1.2617159452668426e-185;0.05587910054852454;8.525598665049265e-228
2.949877538848783e-186;0.019918541599996013;1.842496236629849e-228
3.437375919842053e-186;0.05587910054852454;1.7260692118530587e-228
8.036545829954822e-187;0.019918541599996013;3.730267107270101e-229
9.364669804352134e-187;0.05587910054852454;3.494552161270222e-229
2.1894491559866428e-187;0.019918541599996013;7.552195990930911e-230
2.5512787250972015e-187;0.05587910054852454;7.074974006823305e-230
5.964860660388432e-188;0.019918541599996013;1.5289967888431722e-230
6.950616806701082e-188;0.05587910054852454;1.4323797410146815e-230
1.6250463090482743e-188;0.019918541599996013;3.095564764341558e-231
1.8936023539237108e-188;0.05587910054852454;2.8999565517704506e-231
4.4272207800063664e-189;0.019918541599996013;6.267195117841331e-232
5.158865715814495e-189;0.05587910054852454;5.871172121017986e-232
1.2061369405773615e-189;0.019918541599996013;1.268839053136363e-232
1.4054637933175302e-189;0.05587910054852454;1.1886613285145303e-232
3.2859583736938137e-190;0.019918541599996013;2.5688565817598287e-233
3.828997657898187e-190;0.05587910054852454;2.4065309699368e-233
8.95215300219548e-191;0.019918541599996013;5.200836245809975e-234
1.0431590720371908e-190;0.05587910054852454;4.8721962852972136e-234
2.4388940534456416e-191;0.019918541599996013;1.0529469744550992e-234
2.8419470232082016e-191;0.05587910054852454;9.864114336782214e-235
6.644439837515898e-192;0.019918541599996013;2.1317674285695176e-235
7.742503611600663e-192;0.05587910054852454;1.9970614062232273e-235
1.810188543942515e-192;0.019918541599996013;4.315917591065437e-236
2.1093412961645393e-192;0.05587910054852454;4.0431954902981245e-236
4.9316159747874e-193;0.019918541599996013;8.737887821734602e-237
5.746617537302315e-193;0.05587910054852454;8.185742171885824e-237
1.3435526483781924e-193;0.019918541599996013;1.769048689513318e-237
1.5655888964046787e-193;0.05587910054852454;1.6572628027849662e-237
3.660329044663444e-194;0.019918541599996013;3.5815672273617346e-238
4.2652370314107364e-194;0.05587910054852454;3.355248601559537e-238
9.972075698990723e-195;0.019918541599996013;7.251142311770193e-239
1.1620066401783597e-194;0.05587910054852454;6.7929438586017255e-239
2.7167583168890978e-195;0.019918541599996013;1.4680462905696974e-239
3.165731287323083e-195;0.05587910054852454;1.3752806943922713e-239
7.4014437667506795e-196;0.019918541599996013;2.9721660651414257e-240
8.624610425632329e-196;0.05587910054852454;2.7843553954491484e-240
2.0164241144240413e-196;0.019918541599996013;6.01736551192142e-241
2.3496594702080453e-196;0.05587910054852454;5.637129205534744e-241
5.493477134145393e-197;0.019918541599996013;1.2182592395737615e-241
6.401332180210995e-197;0.05587910054852454;1.1412776447945787e-241
1.4966241877145102e-197;0.019918541599996013;2.4664540850418245e-242
1.743957122338948e-197;0.05587910054852454;2.310599269622917e-242
4.0773519294907644e-198;0.019918541599996013;4.99351497284596e-243
4.7511773470510696e-198;0.05587910054852454;4.6779756084181547e-243
1.1108198633559274e-198;0.019918541599996013;1.0109732808431335e-243
1.2943945636034912e-198;0.05587910054852454;9.470900506484849e-244
3.0262797770811824e-199;0.019918541599996013;2.0467886451459234e-244
3.5264044338950653e-199;0.05587910054852454;1.9174524177150673e-244
8.244693483875868e-200;0.019918541599996013;4.143871887894459e-245
9.607216053793745e-200;0.05587910054852454;3.882021325938246e-245
2.2461561934179958e-200;0.019918541599996013;8.389568832133993e-246
2.617357198655866e-200;0.05587910054852454;7.859433400176702e-246
6.119351380493342e-201;0.019918541599996013;1.6985289867365397e-246
7.130638747996612e-201;0.05587910054852454;1.5911992280692485e-246
1.6671352343027876e-201;0.019918541599996013;3.4387949804214405e-247
1.9426469180646236e-201;0.05587910054852454;3.221498108694771e-247
4.541886413507025e-202;0.019918541599996013;6.9620895549696804e-248
5.292481054837154e-202;0.05587910054852454;6.5221562964913304e-248
1.2373760549681406e-202;0.019918541599996013;1.4095254659665017e-248
1.441865500896875e-202;0.05587910054852454;1.3204577907728909e-248
3.371065152257469e-203;0.019918541599996013;2.853686416299959e-249
3.928169229394755e-203;0.05587910054852454;2.673362455528428e-249
9.184015009129359e-204;0.019918541599996013;5.777494879804084e-250
1.0701770369819931e-203;0.05587910054852454;5.4124159579881556e-250
2.5020617483892274e-204;0.019918541599996013;1.1696956924034247e-250
2.9155538460852497e-204;0.05587910054852454;1.095782819935443e-250
6.816531752756851e-205;0.019918541599996013;2.3681336656996297e-251
7.943035531200154e-205;0.05587910054852454;2.2184917009076275e-251
1.8570726788120032e-205;0.019918541599996013;4.794458161247779e-252
2.1639735288930545e-205;0.05587910054852454;4.491497162992551e-252
5.059345513934132e-206;0.019918541599996013;9.706727873050319e-253
5.895455730187717e-206;0.05587910054852454;9.093361384636574e-253
1.3783508486991558e-206;0.019918541599996013;1.965197376483738e-253
1.606137866408296e-206;0.05587910054852454;1.8410168874849332e-253
3.755132075635541e-207;0.019918541599996013;3.978684453760162e-254
4.37570726331017e-207;0.05587910054852454;3.727272057757519e-254
1.0230353845521268e-207;0.019918541599996013;8.055134905032678e-255
1.1921027736555482e-207;0.05587910054852454;7.546132296221886e-255
2.7871227348736667e-208;0.019918541599996013;1.6308204154504925e-255
3.247724167640498e-208;0.05587910054852454;1.5277691499220251e-255
7.593142188967819e-209;0.019918541599996013;3.3017140728313297e-256
8.847989034311134e-209;0.05587910054852454;3.093079320411673e-256
2.0686497792317856e-209;0.019918541599996013;6.684559326982114e-257
2.4105159770438945e-209;0.05587910054852454;6.2621631565519236e-257
5.6357589554073925e-210;0.019918541599996013;1.3533374607942974e-257
6.567127573340478e-210;0.05587910054852454;1.2678202961202132e-257
1.5353869621782837e-210;0.019918541599996013;2.7399297293933057e-258
1.789125854184019e-210;0.05587910054852454;2.566794034378682e-258
4.182955911138055e-211;0.019918541599996013;5.547186226269952e-259
4.8742335006619415e-211;0.05587910054852454;5.196660469219432e-259
1.1395902521994375e-211;0.019918541599996013;1.1230680370672357e-259
1.3279195626967623e-211;0.05587910054852454;1.0521015582337058e-259
3.104660843902247e-212;0.019918541599996013;2.2737325996177464e-260
3.617738798835328e-212;0.05587910054852454;2.1300558221846988e-260
8.458232190962034e-213;0.019918541599996013;4.603336364255345e-261
9.856044284805198e-213;0.05587910054852454;4.312452319945224e-261
2.304331951000021e-213;0.019918541599996013;9.319787949576026e-262
2.6851471138633513e-213;0.05587910054852454;8.730872129316626e-262
6.277843431720231e-214;0.019918541599996013;1.886858585862062e-262
7.315323282591338e-214;0.05587910054852454;1.76762831175942e-262
1.7103142685709581e-214;0.019918541599996013;3.820081897038592e-263
1.9929617432330477e-214;0.05587910054852454;3.578691569702347e-263
4.659521902851691e-215;0.019918541599996013;7.734032539282623e-264
5.429557049710488e-215;0.05587910054852454;7.2453203345170935e-264
1.2694242667632823e-215;0.019918541599996013;1.565810915338029e-264
1.4792100177616715e-215;0.05587910054852454;1.4668675890985776e-264
3.458376208214142e-216;0.019918541599996013;3.17009763036132e-265
4.029909358376029e-216;0.05587910054852454;2.9697796986243063e-265
9.4218822742672e-217;0.019918541599996013;6.418092304493199e-266
1.0978947709738464e-216;0.05587910054852454;6.012534140031623e-266
2.5668654954109586e-217;0.019918541599996013;1.2993892817206336e-266
2.991067095904747e-217;0.05587910054852454;1.2172810933346983e-266
6.993080872520022e-218;0.019918541599996013;2.630707732683184e-267
8.148761255387369e-218;0.05587910054852454;2.4644737571208576e-267
1.9051711192906112e-218;0.019918541599996013;5.326058381545892e-268
2.2200207440420745e-218;0.05587910054852454;4.989505655508789e-268
5.19038326589672e-219;0.019918541599996013;1.0782991029833071e-268
6.048148852954508e-219;0.05587910054852454;1.0101615655034679e-268
1.4140503272447132e-219;0.019918541599996013;2.1830946493626708e-269
1.6477370603705335e-219;0.05587910054852454;2.045145268637567e-269
3.852390518285619e-220;0.019918541599996013;4.41983326786622e-270
4.489038689569021e-220;0.05587910054852454;4.140544753101933e-270
1.0495321431942612e-220;0.019918541599996013;8.948272637395723e-271
1.2229784011725759e-220;0.05587910054852454;8.382832806718423e-271
2.8593096010633285e-221;0.019918541599996013;1.8116426195375785e-271
3.331840674953561e-221;0.05587910054852454;1.697165229593273e-271
7.789805626962759e-222;0.019918541599996013;3.667801724333887e-272
9.077153180000041e-222;0.05587910054852454;3.436033955290049e-272
2.1222280960164037e-222;0.019918541599996013;7.425730297988068e-273
2.472948675864675e-222;0.05587910054852454;6.956499659573839e-273
5.7817258956145105e-223;0.019918541599996013;1.5033928931497017e-273
6.737217090194386e-223;0.05587910054852454;1.4083937511486555e-273
1.5751536978879502e-223;0.019918541599996013;3.0437278226835237e-274
1.8354644624614544e-223;0.05587910054852454;2.851395177666254e-274
4.2912950505869164e-224;0.019918541599996013;6.162247474223819e-275
5.000476825753757e-224;0.05587910054852454;5.772856101205614e-275
1.169105798112522e-224;0.019918541599996013;1.2475916424123127e-275
1.3623128639258784e-224;0.05587910054852454;1.1687565380713963e-275
3.1850719912474414e-225;0.019918541599996013;2.52583965951984e-276
3.7114387365212473e-225;0.05587910054852454;2.3662322797191498e-276
8.677301580239488e-226;0.019918541599996013;5.113745370454186e-277
1.011131720158218e-225;0.05587910054852454;4.790608667587925e-277
2.3640144687887257e-226;0.019918541599996013;1.0353147958256715e-277
2.7546927972961966e-226;0.05587910054852454;9.698934294266542e-278
6.440440449101233e-227;0.019918541599996013;2.0960698056038526e-278
7.504791172299631e-227;0.05587910054852454;1.9636195099998316e-278
1.7546116458277172e-227;0.019918541599996013;4.243645167323549e-279
2.0445797293661191e-227;0.05587910054852454;3.975489948757889e-279
4.780204167719443e-228;0.019918541599996013;8.591567064227839e-280
5.570183331901953e-228;0.05587910054852454;8.048667398235604e-280
1.3023025316979986e-228;0.019918541599996013;1.7394249921625612e-280
1.51752176280343e-228;0.05587910054852454;1.6295110218467769e-280
3.547948632654639e-229;0.019918541599996013;3.521591906041471e-281
4.134284570837831e-229;0.05587910054852454;3.29906311062402e-281
9.665910334631072e-230;0.019918541599996013;7.129717928956725e-282
1.1263303981283192e-229;0.05587910054852454;6.67919226194939e-282
2.633347668487021e-230;0.019918541599996013;1.4434630446327541e-282
3.068536149389457e-230;0.05587910054852454;1.3522508595977169e-282
7.174202639021985e-231;0.019918541599996013;2.922395502854554e-283
8.359815304422916e-231;0.05587910054852454;2.7377298265540277e-283
1.9545153160623647e-231;0.019918541599996013;5.916601403035833e-284
2.277519589852929e-231;0.05587910054852454;5.542732363603956e-284
5.324814913846843e-232;0.019918541599996013;1.1978588157630291e-284
6.2047967488223445e-232;0.05587910054852454;1.122166320305325e-284
1.4506744272461397e-232;0.019918541599996013;2.425151949166236e-285
1.690413679237876e-232;0.05587910054852454;2.2719070087100674e-285
3.9521679681173647e-233;0.019918541599996013;4.909895806709416e-286
4.605305415518855e-233;0.05587910054852454;4.599640323211214e-286
1.0767151715677659e-233;0.019918541599996013;9.940439748952924e-287
1.2546537117334102e-233;0.05587910054852454;9.312305046729358e-287
2.933366117119882e-234;0.019918541599996013;2.0125140388424395e-287
3.4181358114965966e-234;0.05587910054852454;1.8853436179722553e-287
7.991562675334175e-235;0.019918541599996013;4.074480464472943e-288
9.312252708911655e-235;0.05587910054852454;3.817014734796648e-288
2.1771940986520976e-235;0.019918541599996013;8.249080868484525e-289
2.5369983902618523e-235;0.05587910054852454;7.72782284712893e-289
5.931473399859576e-236;0.019918541599996013;1.6700861807567816e-289
6.911711949173953e-236;0.05587910054852454;1.564553718176558e-289
1.6159503975793014e-236;0.019918541599996013;3.3812104592292427e-290
1.8830032471334467e-236;0.05587910054852454;3.16755234363261e-290
4.402440188804557e-237;0.019918541599996013;6.845505520212556e-291
5.129989870510839e-237;0.05587910054852454;6.412939187122365e-291
1.1993858007668452e-237;0.019918541599996013;1.3859221835585646e-291
1.3975969564368345e-237;0.05587910054852454;1.2983459957781095e-291
3.2675657984844716e-238;0.019918541599996013;2.805899861169202e-292
3.807565515615715e-238;0.05587910054852454;2.628595524713627e-292
8.902044897145645e-239;0.019918541599996013;5.680747537133735e-293
1.0373201722381686e-238;0.05587910054852454;5.321782063496558e-293
2.425242772082879e-239;0.019918541599996013;1.1501084920116857e-293
2.8260397235954598e-239;0.05587910054852454;1.0774333314152292e-293
6.607248751830248e-240;0.019918541599996013;2.3284779595482525e-294
7.699166306683766e-240;0.05587910054852454;2.181341832103885e-294
1.8000563313119151e-240;0.019918541599996013;4.714172311360432e-295
2.0975346285139416e-240;0.05587910054852454;4.416284562346223e-295
4.90401212001977e-241;0.019918541599996013;9.544183353794318e-296
5.7144518543465194e-241;0.05587910054852454;8.941088025991111e-296
1.336032348263971e-241;0.019918541599996013;1.9322890610368247e-296
1.5568257873663636e-241;0.05587910054852454;1.8101880429111364e-296
3.639840995336984e-242;0.019918541599996013;3.9120591851561755e-297
4.241363115808539e-242;0.05587910054852454;3.664856828579559e-297
9.916258755673582e-243;0.019918541599996013;7.920247222200236e-298
1.1555025119780942e-242;0.05587910054852454;7.419768143195923e-298
2.701551739085487e-243;0.019918541599996013;1.6035114268923368e-298
3.1480116621261287e-243;0.05587910054852454;1.5021858117203113e-298
7.360015484448768e-244;0.019918541599996013;3.246425047146457e-299
8.576335682660935e-244;0.05587910054852454;3.0412839988849536e-299
2.0051375343883994e-244;0.019918541599996013;6.572622689172446e-300
2.336507663761518e-244;0.05587910054852454;6.157299775905345e-300
5.462728360162283e-245;0.019918541599996013;1.3306750775655785e-300
6.365501846964188e-245;0.05587910054852454;1.246589945045055e-300
1.488247096527645e-245;0.019918541599996013;2.6940480928125593e-301
1.7341956284651115e-245;0.05587910054852454;2.52381165063373e-301
4.054529667766908e-246;0.019918541599996013;5.454295529202399e-302
4.72458346582963e-246;0.05587910054852454;5.109639519548928e-302
1.1046022441540605e-246;0.019918541599996013;1.1042616425165333e-302
1.287149417240028e-246;0.05587910054852454;1.0344835365658272e-302
3.009340707234733e-247;0.019918541599996013;2.2356576914555733e-303
3.506666004069464e-247;0.05587910054852454;2.0943868610132668e-303
8.198545259298763e-248;0.019918541599996013;4.526250954415117e-304
9.553441348296414e-248;0.05587910054852454;4.2402379240821175e-304
2.2335837283952747e-248;0.019918541599996013;9.163722953045344e-305
2.602707001163589e-248;0.05587910054852454;8.584668853454153e-305
6.085099385276599e-249;0.019918541599996013;1.8552620967305834e-305
7.090726249252517e-249;0.05587910054852454;1.7380283994186224e-305
1.6578037374626139e-249;0.019918541599996013;3.756112515843029e-306
1.9317732929354214e-249;0.05587910054852454;3.518764402857804e-306
4.516464001549069e-250;0.019918541599996013;7.604521892909356e-307
5.262857321126947e-250;0.05587910054852454;7.123993443928178e-307
1.2304500596982554e-250;0.019918541599996013;1.5395905467639722e-307
1.4337949118476318e-250;0.05587910054852454;1.4423040811687585e-307
3.3521962067939907e-251;0.019918541599996013;3.1170125946973097e-308
3.906181991648504e-251;0.05587910054852454;2.9200490973627413e-308
9.132609097194658e-252;0.019918541599996013;6.310617804144735e-309
1.0641869088666812e-251;0.05587910054852454;5.91185093513668e-309
2.488056896941902e-252;0.019918541599996013;1.27763029054606e-309
2.899234545201729e-252;0.05587910054852454;1.196897049122965e-309
6.7783774127831e-253;0.019918541599996013;2.58665507876063e-310
7.898575784062848e-253;0.05587910054852454;2.42320478293003e-310
1.8466780404660885e-253;0.019918541599996013;5.236870592367e-311
2.151861066909412e-253;0.05587910054852454;4.9059536276054e-311
5.031026715491621e-254;0.019918541599996013;1.06024238896e-311
5.8624569515729534e-254;0.05587910054852454;9.93245852177e-312
1.370635771766799e-254;0.019918541599996013;2.146537523737e-312
1.5971477916279842e-254;0.05587910054852454;2.010898181583e-312
3.7341133829840813e-255;0.019918541599996013;4.34582071873e-313
4.351215009975849e-255;0.05587910054852454;4.0712090444e-313
1.01730912356147e-255;0.019918541599996013;8.7984288697e-314
1.185430187630944e-255;0.05587910054852454;8.2424576414e-314
2.7715223045915144e-256;0.019918541599996013;1.7813056634e-314
3.2295456016882443e-256;0.05587910054852454;1.6687452604e-314
7.550640908396537e-257;0.019918541599996013;3.60638236e-315
8.798463968787507e-257;0.05587910054852454;3.37849567e-315
2.057070875204598e-257;0.019918541599996013;7.30138235e-316
2.397023536982555e-257;0.05587910054852454;6.84000923e-316
5.604213783904634e-258;0.019918541599996013;1.47821773e-316
6.530369229482865e-258;0.05587910054852454;1.38480943e-316
1.5267929031654258e-258;0.019918541599996013;2.992759e-317
1.7791115362621886e-258;0.05587910054852454;2.803647e-317
4.159542549663697e-259;0.019918541599996013;6.05906e-318
4.8469508342208326e-259;0.05587910054852454;5.676187e-318
1.1332115957961127e-259;0.019918541599996013;1.2267e-318
1.3204867660355516e-259;0.05587910054852454;1.149187e-318
3.0872830497925813e-260;0.019918541599996013;2.48357e-319
3.597489140933977e-260;0.05587910054852454;2.3266e-319
8.41088872095467e-261;0.019918541599996013;5.028e-320
9.800876806961842e-261;0.05587910054852454;4.7104e-320
2.2914338573858794e-261;0.019918541599996013;1.018e-320
2.6701174742199304e-261;0.05587910054852454;9.535e-321
6.242704305067018e-262;0.019918541599996013;2.06e-321
7.274377044582696e-262;0.05587910054852454;1.93e-321
1.7007410846657238e-262;0.019918541599996013;4.2e-322
1.981806489701773e-262;0.05587910054852454;3.9e-322
4.633441046890797e-263;0.019918541599996013;8.4e-323
5.399166057180053e-263;0.05587910054852454;8.0e-323
1.2623188872533259e-263;0.019918541599996013;2.0e-323
1.470930399334394e-263;0.05587910054852454;1.5e-323
3.439018554440729e-264;0.019918541599996013;5.0e-324
4.0073526481163435e-264;0.05587910054852454;5.0e-324
9.369144942068959e-265;0.019918541599996013;0.0
1.0917494977078348e-264;0.05587910054852454;0.0
2.5524979163647365e-265;0.019918541599996013;0.0
2.974325122860274e-265;0.05587910054852454;0.0
6.953938329838225e-266;0.019918541599996013;0.0
8.103149994620143e-266;0.05587910054852454;0.0
1.8945072583668795e-266;0.019918541599996013;0.0
2.2075945676096522e-266;0.05587910054852454;0.0
5.161331006638776e-267;0.019918541599996013;0.0
6.0142954013874126e-267;0.05587910054852454;0.0
1.4061354287475594e-267;0.019918541599996013;0.0
1.6385141414039626e-267;0.05587910054852454;0.0
3.830827438573281e-268;0.019918541599996013;0.0
4.46391208346939e-268;0.05587910054852454;0.0
1.0436575712481068e-268;0.019918541599996013;0.0
1.216132994242575e-268;0.05587910054852454;0.0
2.8433051174687127e-269;0.019918541599996013;0.0
3.313191281616672e-269;0.05587910054852454;0.0
7.746203557317823e-270;0.019918541599996013;0.0
9.026345408396316e-270;0.05587910054852454;0.0
2.110349296765671e-270;0.019918541599996013;0.0
2.459106779730554e-270;0.05587910054852454;0.0
5.749363699785656e-271;0.019918541599996013;0.0
6.699506700122144e-271;0.05587910054852454;0.0
1.5663370515522503e-271;0.019918541599996013;0.0
1.825190772313651e-271;0.05587910054852454;0.0
4.2672752797963615e-272;0.019918541599996013;0.0
4.972487534460058e-272;0.05587910054852454;0.0
1.1625619336218415e-272;0.019918541599996013;0.0
1.3546875567981275e-272;0.05587910054852454;0.0
3.1672441098551472e-273;0.019918541599996013;0.0
3.690664609665942e-273;0.05587910054852454;0.0
8.628731907779109e-274;0.019918541599996013;0.0
1.005472087839546e-273;0.05587910054852454;0.0
2.350782312757392e-274;0.019918541599996013;0.0
2.7392738878971786e-274;0.05587910054852454;0.0
6.404391214184032e-275;0.019918541599996013;0.0
7.462784421035827e-275;0.05587910054852454;0.0
1.744790515128853e-275;0.019918541599996013;0.0
2.0331355532180175e-275;0.05587910054852454;0.0
4.753447813964423e-276;0.019918541599996013;0.0
5.539005208441213e-276;0.05587910054852454;0.0
1.2950131218712248e-276;0.019918541599996013;0.0
1.5090277011081793e-276;0.05587910054852454;0.0
3.528089612958158e-277;0.019918541599996013;0.0
4.1111436386474816e-277;0.05587910054852454;0.0
9.611807098199428e-278;0.019918541599996013;0.0
1.1200259614306434e-277;0.05587910054852454;0.0
2.6186079671466875e-278;0.019918541599996013;0.0
3.051360556916322e-278;0.05587910054852454;0.0
7.134046299044678e-279;0.019918541599996013;0.0
8.31302270566276e-279;0.05587910054852454;0.0
1.9435752596586408e-279;0.019918541599996013;0.0
2.264771573723911e-279;0.05587910054852454;0.0
5.295010197036421e-280;0.019918541599996013;0.0
6.170066488154694e-280;0.05587910054852454;0.0
1.442554531777894e-280;0.019918541599996013;0.0
1.680951885388269e-280;0.05587910054852454;0.0
3.930046401643644e-281;0.019918541599996013;0.0
4.579528026829144e-281;0.05587910054852454;0.0
1.0706884473917558e-281;0.019918541599996013;0.0
1.247631007812545e-281;0.05587910054852454;0.0
2.916947115175859e-282;0.019918541599996013;0.0
3.3990033962803885e-282;0.05587910054852454;0.0
7.9468313060256215e-283;0.019918541599996013;0.0
9.260129008962143e-283;0.05587910054852454;0.0
2.1650076368498513e-283;0.019918541599996013;0.0
2.5227979870941106e-283;0.05587910054852454;0.0
5.898273018661046e-284;0.019918541599996013;0.0
6.87302485475785e-284;0.05587910054852454;0.0
