# ["m", "w0", "wp"] [calculated @ 2025-10-14T10:34:05.511]
0.2996503951764139;0.9542748459961689;0.16602073667450923
0.0;0.0;0.0
0.005089508029651546;0.0327213997243155;0.0015476963152251462
0.0038409820330482783;0.07529283467896888;0.0009238380408089714
0.001450827049811057;0.07554983127496338;0.00029888106872093793
0.0006083236833784921;0.08136464041844468;0.00010471489660809574
0.0002157874980763954;0.07559133062575121;3.218011626272296e-5
9.05049254568319e-5;0.08137121535275425;1.1278949884579121e-5
3.2107708987876914e-5;0.07559224223740774;3.4666418547444623e-6
1.3466987953221334e-5;0.0813713601788146;1.215093071415572e-6
4.7776231133547045e-6;0.07559226234846485;3.7346982310865454e-7
2.0038921752136383e-6;0.08137136337725863;1.3090545595253779e-7
7.109124489498171e-7;0.07559226279292397;4.0235016352172795e-8
2.9818012112936306e-7;0.0813713634479826;1.4102838977488743e-8
1.0578412177075205e-7;0.07559226280275537;4.334639841537455e-9
4.4369349408114973e-8;0.0813713634495475;1.5193414774947024e-9
1.5740729686586555e-8;0.07559226280297285;4.669838573323408e-10
6.602181166327612e-9;0.08137136344958204;1.6368325190859384e-10
2.3422283740680094e-9;0.07559226280297769;5.030958315105336e-11
9.82407827860009e-10;0.08137136344958287;1.7634091723428933e-11
3.4852474226670884e-10;0.07559226280297782;5.420003534539239e-12
1.4618277141532362e-10;0.08137136344958289;1.899774028807297e-12
5.186065428902937e-11;0.07559226280297782;5.839133714674946e-13
2.1752068797417863e-11;0.08137136344958289;2.046684012508813e-13
7.716891047093928e-12;0.07559226280297782;6.290675332703825e-14
3.236718611822133e-12;0.08137136344958289;2.204954580672097e-14
1.1482772103266745e-12;0.07559226280297782;6.777134772926657e-15
4.816253327297141e-13;0.08137136344958289;2.375464250032124e-15
1.7086421768934554e-13;0.07559226280297782;7.301212238952216e-16
7.166608808061407e-14;0.08137136344958289;2.559159473235358e-16
2.5424680228815515e-14;0.07559226280297782;7.865816741785871e-17
1.0663949405793926e-14;0.08137136344958289;2.7570598923396555e-17
3.7832050120218405e-15;0.07559226280297782;8.474082246955455e-18
1.5868009539102256e-15;0.08137136344958289;2.9702639985690677e-18
5.629427797784335e-16;0.07559226280297782;9.129385070298722e-19
2.361167679548779e-16;0.08137136344958289;3.199955229738846e-19
8.376616448160905e-17;0.07559226280297782;9.835362618971201e-20
3.5134292030814975e-17;0.08137136344958289;3.447408539195842e-20
1.2464446767967601e-17;0.07559226280297782;1.0595933581700791e-20
5.228000057761618e-18;0.08137136344958289;3.713997472736622e-21
1.854715853268035e-18;0.07559226280297782;1.141531968035955e-21
7.779289982557118e-19;0.08137136344958289;4.001201792785381e-22
2.759826376894766e-19;0.07559226280297782;1.229806910358979e-22
1.1575622028325699e-19;0.08137136344958289;4.3106156921513453e-23
4.106635319466036e-20;0.07559226280297782;1.3249081752558165e-23
1.722458291734923e-20;0.08137136344958289;4.6439566429580705e-24
6.1106936973553446e-21;0.07559226280297782;1.4273636438969933e-24
2.56302647020301e-21;0.08137136344958289;5.003074929862531e-25
9.092742490646473e-22;0.07559226280297782;1.537742018631234e-25
3.813796083471297e-22;0.08137136344958289;5.38996392048033e-26
1.353004586647669e-22;0.07559226280297782;1.656655979697008e-26
5.674947463632292e-23;0.08137136344958289;5.806771130025416e-27
2.0132775269647775e-23;0.07559226280297782;1.784765586043345e-27
8.444349936421814e-24;0.08137136344958289;6.255810141581027e-28
2.9957669327819613e-24;0.07559226280297782;1.9227819391369528e-28
1.2565234534013892e-24;0.08137136344958289;6.739573448168036e-29
4.457716035344615e-25;0.07559226280297782;2.0714711300924208e-29
1.869713122780384e-25;0.08137136344958289;7.260746287893607e-30
6.633103541641501e-26;0.07559226280297782;2.2316584920349282e-30
2.782142388217282e-26;0.08137136344958289;7.82222154897515e-31
9.870090926672415e-27;0.07559226280297782;2.404233181299229e-31
4.139841654855059e-27;0.08137136344958289;8.427115827373453e-32
1.468674418983558e-27;0.07559226280297782;2.5901531128938237e-32
6.1601048888999555e-28;0.08137136344958289;9.078786726166361e-33
2.1853948104446675e-28;0.07559226280297782;2.790450277625792e-33
9.166266588420444e-29;0.08137136344958289;9.78085149268732e-34
3.2518783031734377e-29;0.07559226280297782;3.006236470400136e-34
1.363945008816189e-29;0.08137136344958289;1.05372070968782e-34
4.838811023120578e-30;0.07559226280297782;3.238709461489934e-35
2.0295569293443098e-30;0.08137136344958289;1.1352051862306071e-35
7.200174771184972e-31;0.07559226280297782;3.489159645032272e-36
3.0199907641618213e-31;0.08137136344958289;1.2229908769911738e-36
1.0713895725188925e-31;0.07559226280297782;3.7589772016539938e-37
4.493761216429248e-32;0.08137136344958289;1.3175650563842643e-37
1.5942329909768327e-32;0.07559226280297782;4.049659814984991e-38
6.686738949643228e-33;0.08137136344958289;1.419452679872605e-38
2.3722265875180736e-33;0.07559226280297782;4.362820984891373e-39
9.949900679458999e-34;0.08137136344958289;1.5292192978514274e-39
3.5298849129194912e-34;0.07559226280297782;4.700198983572903e-40
1.4805501497315183e-34;0.08137136344958289;1.6474741948643855e-40
5.252486235513e-35;0.07559226280297782;5.063666504237696e-41
2.2030659566234064e-35;0.08137136344958289;1.774873771575795e-41
7.815725536342081e-36;0.07559226280297782;5.4552410559111684e-42
3.2781730562204444e-36;0.08137136344958289;1.9121251882716166e-42
1.1629838312839217e-36;0.07559226280297782;5.877096162078096e-43
4.877937745904121e-37;0.08137136344958289;2.0599902901132112e-43
1.7305257017262714e-37;0.07559226280297782;6.331573425318409e-44
7.258395528498936e-38;0.08137136344958289;2.219289835931984e-44
2.5750308162316045e-38;0.07559226280297782;6.821195524904127e-45
1.0800528500465393e-38;0.08137136344958289;2.3909080540376347e-45
3.8316586098247115e-39;0.07559226280297782;7.348680219503595e-46
1.6071239908510352e-39;0.08137136344958289;2.5757975503282707e-46
5.701526991327194e-40;0.07559226280297782;7.916955432718293e-47
2.391408459185738e-40;0.08137136344958289;2.7749845959457707e-47
8.483900405292046e-41;0.07559226280297782;8.529175505187731e-48
3.558427632977313e-41;0.08137136344958289;2.98957482382687e-48
1.2624085827603858e-41;0.07559226280297782;9.18873870347365e-49
5.2949579443438066e-42;0.08137136344958289;3.2207593657698673e-49
1.8784702244182285e-42;0.07559226280297782;9.899306082910294e-50
7.87892364946358e-43;0.08137136344958289;3.4698214640822264e-50
2.7951729988322135e-43;0.07559226280297782;1.0664821809123712e-50
1.1723877418212354e-43;0.08137136344958289;3.7381435945084557e-51
4.159231267996486e-44;0.07559226280297782;1.1489535051018713e-51
1.7445187671875403e-44;0.08137136344958289;4.027215139975696e-52
6.188956729299768e-45;0.07559226280297782;1.2378023566756085e-52
2.5958525669518466e-45;0.08137136344958289;4.338640657751967e-53
9.209198269851353e-46;0.07559226280297782;1.3335219113638937e-53
3.862641478035812e-46;0.08137136344958289;4.674148785905697e-54
1.370333264279079e-46;0.07559226280297782;1.4366434822951686e-54
5.747629652697239e-47;0.08137136344958289;5.035601838503917e-55
2.03906268511696e-47;0.07559226280297782;1.5477394691701997e-55
8.552501393777643e-48;0.08137136344958289;5.4250061428095195e-56
3.0341353758377537e-48;0.07559226280297782;1.6674265354966377e-56
1.2726164438281623e-48;0.08137136344958289;5.844523175856363e-57
4.5148084686675855e-49;0.07559226280297782;1.7963690315198503e-57
1.8936595722511528e-49;0.08137136344958289;6.29648156221847e-58
6.718057365230275e-50;0.07559226280297782;1.935282681849866e-58
2.817774823647192e-50;0.08137136344958289;6.783389999569662e-59
9.996502636986555e-51;0.07559226280297782;2.084938558253377e-59
4.192862895278058e-51;0.08137136344958289;7.307951183779739e-60
1.4874845440956396e-51;0.07559226280297782;2.2461673596627015e-60
6.2390007572871405e-52;0.08137136344958289;7.873076810841727e-61
2.2133843697863535e-52;0.07559226280297782;2.4198640231588902e-61
9.283664031386882e-53;0.08137136344958289;8.481903738901882e-62
3.2935269061185955e-53;0.07559226280297782;2.6069926915232483e-62
1.3814138064817654e-53;0.08137136344958289;9.13781140010321e-63
4.900784350607007e-54;0.07559226280297782;2.808592064930821e-63
2.0555505868014055e-54;0.08137136344958289;9.844440558891144e-64
7.292391389466219e-55;0.07559226280297782;3.0257811664916248e-64
3.0586694552161156e-55;0.08137136344958289;1.0605713520903516e-64
1.0851114509981323e-55;0.07559226280297782;3.2597655536426064e-65
4.551315300310791e-56;0.08137136344958289;1.142585590461886e-65
1.614651214124505e-56;0.07559226280297782;3.511844009867946e-66
6.772379711549924e-57;0.08137136344958289;1.2309420096611478e-66
2.402609004702341e-57;0.07559226280297782;3.7834157538918385e-67
1.0077334557392902e-57;0.08137136344958289;1.3261310520607022e-67
3.575094100187296e-58;0.07559226280297782;4.075988206359766e-68
1.4995123738917471e-58;0.08137136344958289;1.4286810860600522e-68
5.319757730108693e-59;0.07559226280297782;4.3911853571191986e-69
2.2312818401021514e-59;0.08137136344958289;1.5391613389144096e-69
7.915825853526085e-60;0.07559226280297782;4.730756779544047e-70
3.3201584306026245e-60;0.08137136344958289;1.6581850563598942e-70
1.1778788080650382e-60;0.07559226280297782;5.09658734193908e-71
4.940412190957023e-61;0.08137136344958289;1.7864129065732464e-71
1.752689500958008e-61;0.07559226280297782;5.490707669929533e-72
7.35135781220134e-62;0.08137136344958289;1.9245566473606215e-72
2.6080106592755795e-62;0.07559226280297782;5.91530541790987e-73
1.0938856839098087e-62;0.08137136344958289;2.0733830769309202e-73
3.880732779637964e-63;0.07559226280297782;6.3727374121162844e-74
1.6277073161597538e-63;0.08137136344958289;2.2337182901834403e-74
5.774549599095491e-64;0.07559226280297782;6.865542732726124e-75
2.422036549203469e-64;0.08137136344958289;2.406452264135201e-75
8.592558407364701e-65;0.07559226280297782;7.396456807599031e-76
3.6040023826382425e-65;0.08137136344958289;2.5925437979405445e-76
1.2785769472919343e-65;0.07559226280297782;7.968426595890551e-77
5.362773397591262e-66;0.08137136344958289;2.793025834923596e-77
1.902528830930267e-66;0.07559226280297782;8.584626945818322e-78
7.979833379815866e-67;0.08137136344958289;3.0090111961647696e-78
2.830972324495095e-67;0.07559226280297782;9.248478217378088e-79
1.1874031596827295e-67;0.08137136344958289;3.241698757466963e-79
4.212500841912823e-68;0.07559226280297782;9.96366526782877e-80
1.7668617833434806e-68;0.08137136344958289;3.492380103987955e-80
6.268222119155156e-69;0.07559226280297782;1.073415790532956e-80
2.629099085666776e-69;0.08137136344958289;3.76244669947721e-81
9.327145562592875e-70;0.07559226280297782;1.1564232924261811e-81
3.91211246256841e-70;0.08137136344958289;4.0533976099114005e-82
1.3878838798635536e-70;0.07559226280297782;1.2458497844547461e-82
5.82124272273352e-71;0.08137136344958289;4.366847824400655e-83
2.065178088042656e-71;0.07559226280297782;1.3421916486735081e-83
8.662038006629881e-72;0.08137136344958289;4.704537219552361e-84
3.0729952247523834e-72;0.07559226280297782;1.4459836524812949e-84
1.2889155460789256e-72;0.08137136344958289;5.06834021705144e-85
4.572632116342663e-73;0.07559226280297782;1.5578019169688314e-85
1.9179127171369867e-73;0.08137136344958289;5.4602761880636774e-86
6.8040992393970155e-74;0.07559226280297782;1.6782671148096934e-86
2.8538636233739223e-74;0.08137136344958289;5.882520662213976e-87
1.01245333719503e-74;0.07559226280297782;1.8080479154449579e-87
4.246563208035296e-75;0.08137136344958289;6.337417403357703e-88
1.5065355808775595e-75;0.07559226280297782;1.947864696684796e-88
6.318907088671427e-76;0.08137136344958289;6.82749141917423e-89
2.2417324068861047e-76;0.07559226280297782;2.098493543329141e-89
9.402565048298275e-77;0.08137136344958289;7.355462976795616e-90
3.3357089257434513e-77;0.07559226280297782;2.2607705550026175e-90
1.3991063366951404e-77;0.08137136344958289;7.924262702267104e-91
4.963551404755091e-78;0.07559226280297782;2.4355964871154224e-91
2.0818771593978718e-78;0.08137136344958289;8.537047847652601e-92
7.385789076951686e-79;0.07559226280297782;2.623941750710788e-92
3.0978435256468733e-79;0.08137136344958289;9.197219816079415e-93
1.0990090731599936e-79;0.07559226280297782;2.8268517989519213e-93
4.609606511158338e-80;0.08137136344958289;9.908443041998752e-94
1.6353309447424544e-80;0.07559226280297782;3.0454529301471826e-94
6.859117322033348e-81;0.08137136344958289;1.0674665331461477e-94
2.433380546297744e-81;0.07559226280297782;3.2809585395247095e-95
1.0206400551442179e-81;0.08137136344958289;1.1500139775312243e-95
3.6208823065063884e-82;0.07559226280297782;3.5346758544581524e-96
1.5187174577384006e-82;0.08137136344958289;1.238944835693614e-96
5.3878908079208315e-83;0.07559226280297782;3.8080131905291945e-97
2.2598590999972882e-83;0.08137136344958289;1.3347527385598247e-97
8.01720821080396e-84;0.07559226280297782;4.102487768702979e-98
3.3626815348824615e-84;0.08137136344958289;1.437969489654924e-98
1.192964553047172e-84;0.07559226280297782;4.419734137007712e-99
5.0036867807612564e-85;0.08137136344958289;1.549168016998804e-99
1.7751371642178253e-85;0.07559226280297782;4.761513243464736e-100
7.445510715257214e-86;0.08137136344958289;1.6689655532732595e-100
2.6414128933994394e-86;0.07559226280297782;5.129722210630451e-101
1.107895682522639e-86;0.08137136344958289;1.798027061912213e-101
3.930435469470376e-87;0.07559226280297782;5.526404866005969e-102
1.6485542634933933e-87;0.08137136344958289;1.937068928132239e-102
5.848507447765637e-88;0.07559226280297782;5.953763086765835e-103
2.4530569101001214e-88;0.08137136344958289;2.0868629353914457e-103
8.702608052531969e-89;0.07559226280297782;6.414169021777417e-104
3.650160833310089e-89;0.08137136344958289;2.2482405493488412e-104
1.2949523890053044e-89;0.07559226280297782;6.910178258751914e-105
5.4314574008343026e-90;0.08137136344958289;2.4220975331033265e-105
1.9268955693146057e-90;0.07559226280297782;7.444544009614485e-106
8.082035516863895e-91;0.08137136344958289;2.609398919330211e-106
2.8672301519102725e-91;0.07559226280297782;8.020232392832171e-107
1.2026108883007376e-91;0.08137136344958289;2.811184366914256e-107
4.266452668707743e-92;0.07559226280297782;8.640438897528326e-108
1.7894909588577155e-92;0.08137136344958289;3.0285739318124804e-108
6.348502704673373e-93;0.07559226280297782;9.308606120770646e-109
2.662771410924321e-93;0.08137136344958289;3.262774284179075e-109
9.446603471509404e-94;0.07559226280297782;1.0028442876488106e-109
3.9622170493456316e-94;0.08137136344958289;3.515085406262241e-110
1.4056592758831437e-94;0.07559226280297782;1.080394478208507e-110
5.8957985960483125e-95;0.08137136344958289;3.7869078082508366e-111
2.0916279653692422e-95;0.07559226280297782;1.1639416437023134e-111
8.772977515430665e-96;0.08137136344958289;4.0797503021243136e-112
3.11235277323235e-96;0.07559226280297782;1.253949531647814e-112
1.3054233999417531e-96;0.08137136344958289;4.395238376656296e-113
4.6311963434362717e-97;0.07559226280297782;1.350917751269944e-113
1.9424764854556074e-97;0.08137136344958289;4.7351232200591704e-114
6.89124309940695e-98;0.07559226280297782;1.4553845466954658e-114
2.8904146323072923e-98;0.08137136344958289;5.101291440352032e-115
1.0254203867307355e-98;0.07559226280297782;1.5679297845992321e-115
4.300951290381543e-99;0.08137136344958289;5.495775537406977e-116
1.5258306148182472e-99;0.07559226280297782;1.6891781728858837e-116
6.399836824610989e-100;0.08137136344958289;5.920765184801245e-117
2.2704435129667266e-100;0.07559226280297782;1.8198027282729428e-117
9.522988896257274e-101;0.08137136344958289;6.37861938409777e-118
3.3784311938102844e-101;0.07559226280297782;1.9605285120229752e-118
1.4170254649227241e-101;0.08137136344958289;6.871879559019147e-119
5.027122351260918e-102;0.07559226280297782;2.112136654560795e-119
2.108540910961924e-102;0.08137136344958289;7.403283662197162e-120
7.480382960247502e-103;0.07559226280297782;2.2754686913153014e-120
3.137519320051595e-103;0.08137136344958289;7.975781372800793e-121
1.1130846898509681e-103;0.07559226280297782;2.451431233853036e-121
4.6686442897644025e-104;0.08137136344958289;8.592550469400342e-122
1.656275532101408e-104;0.07559226280297782;2.641001002231541e-122
6.946965829039524e-105;0.08137136344958289;9.25701446894914e-123
2.464546196035718e-105;0.07559226280297782;2.8452302465059296e-123
1.0337119565020084e-105;0.08137136344958289;9.972861629791986e-124
3.6672569476938044e-106;0.07559226280297782;3.0652525874817734e-124
1.5381685117097322e-106;0.08137136344958289;1.0744065424180732e-124
5.456896503721917e-107;0.07559226280297782;3.302289309134871e-125
2.2888023646563417e-107;0.08137136344958289;1.1574906593934528e-125
8.119889027971853e-108;0.07559226280297782;3.557656137625336e-126
3.4057492560639823e-108;0.08137136344958289;1.2469996911669517e-126
1.2082435095041257e-108;0.07559226280297782;3.8327705445344725e-127
5.067771763212925e-109;0.08137136344958289;1.3434304779490222e-127
1.797872327109235e-109;0.07559226280297782;4.12915961486273e-128
7.540869486586688e-110;0.08137136344958289;1.447318280723377e-128
2.675242928399222e-110;0.07559226280297782;4.448468523461852e-129
1.1220851149319027e-110;0.08137136344958289;1.559239752334667e-129
3.980774729125255e-111;0.07559226280297782;4.792469666951522e-130
1.6696682092049454e-111;0.08137136344958289;1.6798161383310476e-130
5.923412515484821e-112;0.07559226280297782;5.163072501809372e-131
2.4844745659056644e-112;0.08137136344958289;1.8097167253287026e-131
8.814067164336219e-113;0.07559226280297782;5.5623341432428394e-132
3.6969104607743505e-113;0.08137136344958289;1.9496625560392168e-132
1.311537560052426e-113;0.07559226280297782;5.992470783674341e-133
5.5010210780728016e-114;0.08137136344958289;2.100430431580923e-133
1.9515743859864473e-114;0.07559226280297782;6.455869994220679e-134
8.18554661317461e-115;0.08137136344958289;2.262857223289912e-134
2.9039523533631223e-115;0.07559226280297782;6.955103977448745e-135
1.218013390705417e-115;0.08137136344958289;2.4378445179644845e-135
4.321095486370961e-116;0.07559226280297782;7.492943844970161e-136
1.8124099587313174e-116;0.08137136344958289;2.6263636223274375e-136
6.429811488026403e-117;0.07559226280297782;8.072374999125595e-137
2.6968749962642336e-117;0.08137136344958289;2.8294609544846214e-137
9.567591343897251e-118;0.07559226280297782;8.696613704138539e-138
4.012963353261632e-118;0.08137136344958289;3.048263852306326e-138
1.4236623312251249e-118;0.07559226280297782;9.369124938720338e-139
5.971309347644318e-119;0.08137136344958289;3.283986830972154e-139
2.1184166008952465e-119;0.07559226280297782;1.0093641629221549e-139
8.885337887843839e-120;0.08137136344958289;3.537938324413382e-140
3.15221439559106e-120;0.07559226280297782;1.0874185370087454e-140
1.3221426790139208e-120;0.08137136344958289;3.811527948072675e-141
4.690510634958372e-121;0.07559226280297782;1.1715088746631445e-141
1.967354855533016e-121;0.08137136344958289;4.106274323294742e-142
6.979503059001883e-122;0.07559226280297782;1.2621019384033813e-142
2.9274337702160956e-122;0.08137136344958289;4.423813506779033e-143
1.038553512437541e-122;0.07559226280297782;1.3597005856055467e-143
4.356035950962082e-123;0.08137136344958289;4.7659080718840504e-144
1.5453727709241852e-123;0.07559226280297782;1.464846559727868e-144
6.481803072413648e-124;0.08137136344958289;5.13445689219107e-145
2.299522338053348e-124;0.07559226280297782;1.5781234973808182e-145
9.644955079002888e-125;0.08137136344958289;5.531505681633242e-146
3.4217006295795255e-125;0.07559226280297782;1.700160167934678e-146
1.4351740933305423e-125;0.08137136344958289;5.959258349695428e-147
5.0915074860182913e-126;0.07559226280297782;1.8316339636467291e-147
2.1355461599309808e-126;0.08137136344958289;6.420089234714314e-148
7.576188359694664e-127;0.07559226280297782;1.9732746596808452e-148
3.1777032642865535e-127;0.08137136344958289;6.916556283182662e-149
1.1273405807453762e-127;0.07559226280297782;2.125868464890271e-149
4.728438197834958e-128;0.08137136344958289;7.451415248212247e-150
1.6774883683680523e-128;0.07559226280297782;2.2902623858484386e-150
7.035939460434311e-129;0.08137136344958289;8.027634985967427e-151
2.496111001477092e-129;0.07559226280297782;2.467368928351327e-151
1.0469512769261467e-129;0.08137136344958289;8.64841393497558e-152
3.714225534545078e-130;0.07559226280297782;2.6581711624881206e-152
1.5578686860810859e-130;0.08137136344958289;9.317197869786555e-153
5.526785993612895e-131;0.07559226280297782;2.863728179395047e-153
2.318116321704639e-131;0.08137136344958289;1.0037699027526972e-153
8.223884935123338e-132;0.07559226280297782;3.085180969981243e-154
3.4493685693569064e-132;0.08137136344958289;1.081391671351555e-154
1.2237181520020627e-132;0.07559226280297782;3.3237587582579623e-155
5.132677517458637e-133;0.08137136344958289;1.1650159500315443e-155
1.820898671798946e-133;0.07559226280297782;3.5807858244256125e-156
7.637449570411361e-134;0.08137136344958289;1.2551069143445098e-156
2.7095062433572335e-134;0.07559226280297782;3.8576888555918125e-157
1.1364562792454212e-134;0.08137136344958289;1.3521646346496323e-157
4.031758711504191e-135;0.07559226280297782;4.156004864922193e-158
1.6910525728902276e-135;0.08137136344958289;1.4567278518675397e-158
5.999276933811017e-136;0.07559226280297782;4.4773897231810683e-159
2.516294604995619e-136;0.08137136344958289;1.5693769678841503e-159
8.926953794595763e-137;0.07559226280297782;4.823627350018218e-160
3.744258836559003e-137;0.08137136344958289;1.690737267203152e-160
1.3283351465528145e-137;0.07559226280297782;5.196639616020048e-161
5.571475695777906e-138;0.08137136344958289;1.821482387729679e-161
1.976569277904932e-138;0.07559226280297782;5.598497010488798e-162
8.290383433312829e-139;0.08137136344958289;1.9623380599504855e-162
2.9411448763486378e-139;0.07559226280297782;6.031430134163656e-163
1.2336131614723228e-139;0.08137136344958289;2.1140861352658364e-163
4.376438144804511e-140;0.07559226280297782;6.4978420806768234e-164
1.8356224949050705e-140;0.08137136344958289;2.2775689258333098e-164
6.512161637912308e-141;0.07559226280297782;7.000321775470433e-165
2.7314153650727854e-141;0.08137136344958289;2.453693880012705e-165
9.690128774844361e-142;0.07559226280297782;7.541658346215328e-166
4.064359593142556e-142;0.08137136344958289;2.6434386193642868e-166
1.4418959616482929e-142;0.07559226280297782;8.124856604497616e-167
6.047787207175564e-143;0.08137136344958289;2.8478563651592813e-167
2.1455483332841937e-143;0.07559226280297782;8.753153724707799e-168
8.999137321655143e-144;0.08137136344958289;3.068081784523775e-168
3.192586547781343e-144;0.07559226280297782;9.430037212712584e-169
1.3390760911349595e-144;0.08137136344958289;3.3053372886662783e-169
4.7505845973987216e-145;0.07559226280297782;1.0159264264048184e-169
1.9925518566478355e-145;0.08137136344958289;3.560939818148804e-170
7.068893412686159e-146;0.07559226280297782;1.0944882619087499e-170
2.9649270326868985e-146;0.08137136344958289;3.8363081528645426e-171
1.0518548413447769e-146;0.07559226280297782;1.1791253030942473e-171
4.411826111239426e-147;0.08137136344958289;4.1329707872979226e-172
1.5651652142255452e-147;0.07559226280297782;1.2703073470814601e-172
6.564819107259784e-148;0.08137136344958289;4.452574414780372e-173
2.3289735917265383e-148;0.07559226280297782;1.3685405205151085e-173
9.768483350069273e-149;0.08137136344958289;4.796893067835669e-174
3.4655242409303768e-149;0.07559226280297782;1.4743700889353849e-174
1.453555161254263e-149;0.08137136344958289;5.167837965350431e-175
5.156717236786185e-150;0.07559226280297782;1.5883834833981698e-175
2.162897280051073e-150;0.08137136344958289;5.5674681212285234e-176
7.673220791850168e-151;0.07559226280297782;1.711213561144533e-176
3.218401866507503e-151;0.08137136344958289;5.998001773415515e-177
1.1417790547145908e-151;0.07559226280297782;1.8435421184185885e-177
4.788997919538001e-152;0.08137136344958289;6.461828696732109e-178
1.6989728891544223e-152;0.07559226280297782;1.9861036749323894e-178
7.126052626307647e-153;0.08137136344958289;6.961523467862092e-179
2.528080074829589e-153;0.07559226280297782;2.1396895509844188e-179
1.060360160645155e-153;0.08137136344958289;7.499859756124979e-180
3.761795674050625e-154;0.07559226280297782;2.3051522598626507e-180
1.5778211714751322e-154;0.08137136344958289;8.079825719357528e-181
5.597570596833189e-155;0.07559226280297782;2.4834102399131504e-181
2.3478057188045053e-155;0.08137136344958289;8.704640590362427e-182
8.329212775342749e-156;0.07559226280297782;2.6754529525407522e-182
3.4935465393062887e-156;0.08137136344958289;9.37777254599129e-183
1.2393909868002703e-156;0.07559226280297782;2.882346374439257e-183
5.198414555576434e-157;0.08137136344958289;1.0102957958047768e-183
1.844219927613195e-157;0.07559226280297782;3.1052389145372575e-184
7.735266608755404e-158;0.08137136344958289;1.088422213286807e-184
2.7442083875293797e-158;0.07559226280297782;3.345367788502658e-185
1.1510115030041416e-158;0.08137136344958289;1.172590165469785e-185
4.0833956739274916e-159;0.07559226280297782;3.6040658861892896e-186
1.712710817941691e-159;0.08137136344958289;1.2632668456888099e-186
6.076112989677711e-160;0.07559226280297782;3.882769170144725e-187
2.5485221809151198e-160;0.08137136344958289;1.360955575452227e-187
9.041286226328554e-161;0.07559226280297782;4.183024646246598e-188
3.792213629164726e-161;0.08137136344958289;1.466198598241984e-188
1.3453478690285866e-161;0.07559226280297782;4.506498950710027e-189
5.642832664716632e-162;0.08137136344958289;1.5795800893592198e-189
2.0018842932204576e-162;0.07559226280297782;4.854987601130522e-190
8.396562956556436e-163;0.08137136344958289;1.7017293985219624e-190
2.9788137445346624e-163;0.07559226280297782;5.230424962912137e-191
1.2494127271264068e-163;0.08137136344958289;1.8333245432136907e-191
4.432489607255962e-164;0.07559226280297782;5.6348949864020366e-192
1.859132326860617e-164;0.08137136344958289;1.9750959721733376e-192
6.595566491687869e-165;0.07559226280297782;6.07064277433019e-193
2.76639811147729e-165;0.08137136344958289;2.1278306199169443e-193
9.814235610403722e-166;0.07559226280297782;6.54008704376198e-194
4.1164140930775514e-166;0.08137136344958289;2.2923762747964217e-194
1.460363120255154e-166;0.07559226280297782;7.045833551736668e-195
6.1252445609279e-167;0.08137136344958289;2.46964628484133e-195
2.1730275567672493e-167;0.07559226280297782;7.590689559113572e-196
9.114394247719328e-168;0.08137136344958289;2.660624627504591e-196
3.2334757684409344e-168;0.07559226280297782;8.177679412911195e-197
1.3562263788251856e-168;0.08137136344958289;2.8663713714528e-197
4.811427960282678e-169;0.07559226280297782;8.810061333632118e-198
2.0180715696838912e-169;0.08137136344958289;3.088028560718123e-198
7.1594286380417e-170;0.07559226280297782;9.491345500756017e-199
3.0029004920950294e-170;0.08137136344958289;3.3268265538731067e-199
1.0653265277238033e-170;0.07559226280297782;1.0225313536788049e-199
4.4683308069381525e-171;0.08137136344958289;3.584090853415351e-200
1.5852111502887845e-171;0.07559226280297782;1.1016039498013488e-200
6.648898374352358e-172;0.08137136344958289;3.8612494632702014e-201
2.358802043885069e-172;0.07559226280297782;1.1867912488472445e-201
9.893593715984979e-173;0.08137136344958289;4.159840815250849e-202
3.50990912549585e-173;0.07559226280297782;1.2785661022678727e-202
1.4721716456752435e-173;0.08137136344958289;4.4815223084735324e-203
5.222762164877671e-174;0.07559226280297782;1.3774379272313548e-203
2.1905987010852203e-174;0.08137136344958289;4.8280795091277526e-204
7.771495972000185e-175;0.07559226280297782;1.4839555342582502e-204
3.259621718223762e-175;0.08137136344958289;5.201436061666985e-205
1.1564024502009762e-175;0.07559226280297782;1.5987101735190024e-205
4.8503332630720266e-176;0.08137136344958289;5.603664366434078e-206
1.7207325740743407e-176;0.07559226280297782;1.7223388167022773e-206
7.217319921307515e-177;0.08137136344958289;6.036997082990095e-207
2.56045859377582e-177;0.07559226280297782;1.8555276926710225e-207
1.0739407793498826e-177;0.08137136344958289;6.50383952299824e-208
3.809975070627806e-178;0.07559226280297782;1.999016096531606e-208
1.5980291993786053e-178;0.08137136344958289;7.006783001452623e-209
5.669261777594009e-179;0.07559226280297782;2.1536004932592185e-209
2.3778753644242196e-179;0.08137136344958289;7.548619220360587e-210
8.435889607433121e-180;0.07559226280297782;2.3201389386576275e-210
3.5382903209367392e-180;0.08137136344958289;8.13235576471886e-211
1.2552645522570947e-180;0.07559226280297782;2.4995558421927836e-211
5.264993524278389e-181;0.08137136344958289;8.761232796797083e-212
1.8678398716417725e-181;0.07559226280297782;2.692847098137527e-212
7.834336443979126e-182;0.08137136344958289;9.438741041394474e-213
2.779354981243987e-182;0.07559226280297782;2.901085613508939e-213
1.165753143559125e-182;0.08137136344958289;1.016864116190062e-213
4.135693979471528e-183;0.07559226280297782;3.1254272634824147e-214
1.7346464521094055e-183;0.08137136344958289;1.0954984634711746e-214
6.15393312738398e-184;0.07559226280297782;3.367117307339362e-215
2.58116251321362e-184;0.08137136344958289;1.1802136237870635e-215
9.157082976713195e-185;0.07559226280297782;3.62749730056166e-216
3.8407826053069625e-185;0.08137136344958289;1.2714798278758567e-216
1.3625784828451012e-185;0.07559226280297782;3.908012541440064e-217
5.715103541800004e-186;0.08137136344958289;1.369803669532032e-217
2.0275235319303237e-186;0.07559226280297782;4.2102200935306345e-218
8.504102379646281e-187;0.08137136344958289;1.4757309175703432e-218
3.016965058737479e-187;0.07559226280297782;4.5357974284896325e-219
1.265414646551232e-187;0.08137136344958289;1.589849545239578e-219
4.4892589517701735e-188;0.07559226280297782;4.886551737260979e-220
1.8829432622293774e-188;0.08137136344958289;1.7127929939016233e-220
6.6800395575288085e-189;0.07559226280297782;5.264429961299993e-221
2.80182890125215e-189;0.08137136344958289;1.8452436890915984e-221
9.939931950807684e-190;0.07559226280297782;5.671529599514174e-222
4.1691352837669863e-190;0.08137136344958289;1.9879368284758105e-222
1.4790667979702472e-190;0.07559226280297782;6.110110350907259e-223
6.203693953825265e-191;0.08137136344958289;2.141664462733343e-223
2.2008587218549363e-191;0.07559226280297782;6.582606657551785e-224
9.231127332945324e-192;0.08137136344958289;2.3072798920132924e-224
3.274888679951542e-192;0.07559226280297782;7.091641217512738e-225
1.3735963197298994e-192;0.08137136344958289;2.485702402370994e-225
4.87305057774702e-193;0.07559226280297782;7.640039542728801e-226
2.043918127791142e-193;0.08137136344958289;2.6779223684741184e-226
7.25112339807285e-194;0.07559226280297782;8.230845642658149e-227
3.0413602985881054e-194;0.08137136344958289;2.885006750902159e-227
1.0789707534369283e-194;0.07559226280297782;8.867338920744331e-228
4.525559189508363e-195;0.08137136344958289;3.108105018553476e-228
1.6055138257358256e-195;0.07559226280297782;9.553052377489798e-229
6.734054491094449e-196;0.08137136344958289;3.348455529033501e-229
2.389012525518447e-196;0.07559226280297782;1.029179222117781e-229
1.0020306439513314e-196;0.08137136344958289;3.6073924024398622e-230
3.554862471812256e-197;0.07559226280297782;1.1087658995095787e-230
1.4910265617027023e-197;0.08137136344958289;3.8863529266990153e-231
5.289652966870378e-198;0.07559226280297782;1.1945070338532297e-231
2.2186549095308527e-198;0.08137136344958289;4.1868855355593096e-232
7.8710298167052165e-199;0.07559226280297782;1.2868785507887235e-232
3.3013694953657345e-199;0.08137136344958289;4.510658403524196e-233
1.1712131355966234e-199;0.07559226280297782;1.3863931794005383e-233
4.912454162254583e-200;0.08137136344958289;4.8594687054336936e-234
1.7427709473069703e-200;0.07559226280297782;1.493603298236881e-234
7.30975612700358e-201;0.08137136344958289;5.2352525920915085e-235
2.5932518023118317e-201;0.07559226280297782;1.6091040014122686e-235
1.0876953325452163e-201;0.08137136344958289;5.640095937309838e-236
3.8587715273687263e-202;0.07559226280297782;1.7335364018125874e-236
1.6184960426656803e-202;0.08137136344958289;6.076245916025689e-237
5.741871146935022e-203;0.07559226280297782;1.8675911897377645e-237
2.4083301286167516e-203;0.08137136344958289;6.546123477755774e-238
8.543932708679023e-204;0.07559226280297782;2.0120124667351475e-238
3.583607160911215e-204;0.08137136344958289;7.052336784626639e-239
1.2713414192410352e-204;0.07559226280297782;2.167601875904157e-239
5.3324252066348544e-205;0.08137136344958289;7.597695688570926e-240
1.8917623293497465e-205;0.07559226280297782;2.3352230515983746e-240
7.934675121344655e-206;0.08137136344958289;8.185227328048738e-241
2.8149517168120124e-206;0.07559226280297782;2.5158064132241673e-241
1.1806835884533207e-206;0.08137136344958289;8.818192930867117e-242
4.188662098323205e-207;0.07559226280297782;2.710354329744946e-242
1.7568630280690966e-207;0.08137136344958289;9.500105916365804e-243
6.232749950609906e-208;0.07559226280297782;2.9199466835577266e-243
2.6142208882902163e-208;0.08137136344958289;1.0234751397449164e-243
9.274362800088122e-209;0.07559226280297782;3.1457468646256683e-244
3.8899736311737616e-209;0.08137136344958289;1.1026207190715106e-244
1.3800297786571983e-209;0.07559226280297782;3.389008228138285e-245
5.7883000319548186e-210;0.08137136344958289;1.1878866451302221e-245
2.0534911465427475e-210;0.07559226280297782;3.651081051544088e-246
8.613019119571377e-211;0.08137136344958289;1.2797462058095214e-246
3.055604997909911e-211;0.07559226280297782;3.9334200295722355e-247
1.2816215114033868e-211;0.08137136344958289;1.3787092884644151e-247
4.546755372659536e-212;0.07559226280297782;4.237592348846065e-248
1.9070591574091888e-212;0.08137136344958289;1.4853252101620025e-248
6.765594516617505e-213;0.07559226280297782;4.56528638690834e-249
2.8377134727364567e-213;0.08137136344958289;1.6001857667906313e-249
1.006723815372339e-213;0.07559226280297782;4.918321083944283e-250
4.222531703887868e-214;0.08137136344958289;1.7239285179573843e-250
1.4980100240245267e-214;0.07559226280297782;5.298656039222222e-251
6.283148091461338e-215;0.08137136344958289;1.857240325907479e-251
2.2290463360579222e-215;0.07559226280297782;5.708402388294383e-252
9.349355483319454e-216;0.08137136344958289;2.0008611681091714e-252
3.3168319895113634e-216;0.07559226280297782;6.149834521334243e-253
1.391188727069229e-216;0.08137136344958289;2.1555882446667418e-253
4.935462430135891e-217;0.07559226280297782;6.6254027076557745e-254
2.0700957170550766e-217;0.08137136344958289;2.322280403360757e-254
7.343992543581138e-218;0.07559226280297782;7.13774669648982e-255
3.0803126810820694e-218;0.08137136344958289;2.5018629068777382e-255
1.092789728290776e-218;0.07559226280297782;7.68971036951168e-256
4.583520527607846e-219;0.08137136344958289;2.6953325686908265e-256
1.6260765287698753e-219;0.07559226280297782;8.2843575264523e-257
6.820301249294757e-220;0.08137136344958289;2.903763286099397e-257
2.4196099294893202e-220;0.07559226280297782;8.92498889141452e-258
1.014864204293389e-220;0.08137136344958289;3.1283120011399105e-258
3.6003915604834625e-221;0.07559226280297782;9.615160434291924e-259
1.510122963062015e-221;0.08137136344958289;3.370225122455448e-259
5.357400476338944e-222;0.07559226280297782;1.0358703108987314e-259
2.24707044934647e-222;0.08137136344958289;3.630845443770002e-260
7.971838446377951e-223;0.07559226280297782;1.1159744117992491e-260
3.343651959366174e-223;0.08137136344958289;3.911619597369976e-261
1.1862135096269223e-223;0.07559226280297782;1.2022729821363048e-261
4.975370678131071e-224;0.08137136344958289;4.214106083965301e-262
1.7650915781675744e-224;0.07559226280297782;1.2952450417249757e-262
7.40337621428126e-225;0.08137136344958289;4.539983923501572e-263
2.6264650115964196e-225;0.07559226280297782;1.395406653098136e-263
1.1016260479063255e-225;0.08137136344958289;4.891061974941593e-264
3.908192947303977e-226;0.07559226280297782;1.5033137860287494e-264
1.6392250161280372e-226;0.08137136344958289;5.269288976747914e-265
5.815410464604946e-227;0.07559226280297782;1.6195654035663817e-265
2.439174943808562e-227;0.08137136344958289;5.6767643637982344e-266
8.653359577644789e-228;0.07559226280297782;1.744806786717627e-266
3.629504398704704e-228;0.08137136344958289;6.115749920775569e-267
1.287624191547132e-228;0.07559226280297782;1.8797331162249132e-267
5.400720523820979e-229;0.08137136344958289;6.588682336717765e-268
1.915991175197026e-229;0.07559226280297782;2.0250933313250875e-268
8.036298891614671e-230;0.08137136344958289;7.098186730413523e-269
2.8510043594490066e-230;0.07559226280297782;2.1816942869067642e-269
1.1958052558082684e-230;0.08137136344958289;7.647091221720405e-270
4.2423086091518157e-231;0.07559226280297782;2.3504052321416332e-270
1.7793641439975983e-231;0.08137136344958289;8.238442629686417e-271
6.3125762244578885e-232;0.07559226280297782;2.5321626354494144e-271
2.647702660249853e-232;0.08137136344958289;8.875523384611186e-272
9.393144690988937e-233;0.07559226280297782;2.7279753825785226e-272
3.9397946736997997e-233;0.08137136344958289;9.56186974792084e-273
1.3977045828611912e-233;0.07559226280297782;2.938930376655533e-273
5.862433990019326e-234;0.08137136344958289;1.0301291440990253e-273
2.0797913427494429e-234;0.07559226280297782;3.166198571287889e-274
8.72333081638981e-235;0.08137136344958289;1.109789279186668e-274
3.0947398201420335e-235;0.07559226280297782;3.411041470207805e-275
1.2980359465322565e-235;0.08137136344958289;1.1956095517274957e-275
4.604988181993106e-236;0.07559226280297782;3.674818129535272e-276
1.9314839181889413e-236;0.08137136344958289;1.2880663266360346e-276
6.85224522535884e-237;0.07559226280297782;3.9589927015277344e-277
2.87405763776342e-237;0.08137136344958289;1.387672806240504e-277
1.0196174837549982e-237;0.07559226280297782;4.2651425616897063e-278
4.276612001476795e-238;0.08137136344958289;1.4949818789289102e-278
1.5171958664459919e-238;0.07559226280297782;4.594967064353815e-279
6.36361984215741e-239;0.08137136344958289;1.6105891880816056e-279
2.2575949646170657e-239;0.07559226280297782;4.950296975332921e-280
9.469097846967552e-240;0.08137136344958289;1.7351364383251572e-280
3.359312490221417e-240;0.07559226280297782;5.3331046340016605e-281
1.4090064500937814e-240;0.08137136344958289;1.8693149574596346e-281
4.9986736256172467e-241;0.07559226280297782;5.745514901214004e-282
2.0966085771747142e-241;0.08137136344958289;2.0138695338305687e-282
7.438051115570544e-242;0.07559226280297782;6.189816953826148e-283
3.119763948270066e-242;0.08137136344958289;2.169602550445824e-283
1.1067856903941907e-242;0.07559226280297782;6.668476991292448e-284
4.642224208603245e-243;0.08137136344958289;2.3373784387847283e-284
1.646902589707982e-243;0.07559226280297782;7.184151924865765e-285
6.907652617401315e-244;0.08137136344958289;2.5181284770213264e-285
2.450599211325951e-244;0.07559226280297782;7.739704125386689e-286
1.0278621311366626e-244;0.08137136344958289;2.7128559592954134e-286
3.6465037653600555e-245;0.07559226280297782;8.338217311523126e-287
1.5294639425893118e-245;0.08137136344958289;2.9226417647244986e-287
5.426015665609563e-246;0.07559226280297782;8.983013666651001e-288
2.275849922687555e-246;0.08137136344958289;3.148650357068883e-288
8.073938187894159e-247;0.07559226280297782;9.677672279387793e-289
3.3864759582552296e-247;0.08137136344958289;3.392136248352197e-289
1.201406001739074e-247;0.07559226280297782;1.0426049010136673e-289
5.039093000604289e-248;0.08137136344958289;3.6544509623153285e-290
1.7876980816856187e-248;0.07559226280297782;1.1232297893915499e-290
7.498195345766383e-249;0.08137136344958289;3.9370505363559425e-291
2.660103600811323e-249;0.07559226280297782;1.210089419827165e-291
1.1157351816394424e-249;0.08137136344958289;4.2415036035947065e-292
3.9582473346826424e-250;0.07559226280297782;1.303665926427091e-292
1.6602194770117213e-250;0.08137136344958289;4.56950009992974e-293
5.8898916409660266e-251;0.07559226280297782;1.4044787268446246e-293
2.4704148055983826e-251;0.08137136344958289;4.922860644409599e-294
8.764187937008435e-252;0.07559226280297782;1.5130874054254231e-294
3.6759894677928743e-252;0.08137136344958289;5.303546644992852e-295
1.3041155063186576e-252;0.07559226280297782;1.6300948193075166e-295
5.469890536885383e-253;0.08137136344958289;5.713671185788424e-296
1.9405303332658647e-253;0.07559226280297782;1.756150444716773e-296
8.139224213684321e-254;0.08137136344958289;6.155510756208854e-297
2.887518748208795e-254;0.07559226280297782;1.891953982032203e-297
1.2111205947157184e-254;0.08137136344958289;6.6315178871418515e-298
4.296642200498375e-255;0.07559226280297782;2.0382592396318276e-298
1.8021534441555643e-255;0.08137136344958289;7.144334764279992e-299
6.393424877520001e-256;0.07559226280297782;2.1958783180772964e-299
2.6816132517704394e-256;0.08137136344958289;7.696807894172506e-300
9.513447887224676e-257;0.07559226280297782;2.3656861178624926e-300
3.9902538018566704e-257;0.08137136344958289;8.29200390440642e-301
1.4156057580525846e-257;0.07559226280297782;2.5486251957474442e-301
5.937517422663228e-258;0.08137136344958289;8.933226565619463e-302
2.1064283801067193e-258;0.07559226280297782;2.745710996633682e-302
8.835055336085548e-259;0.08137136344958289;9.624035129829309e-303
3.134375863674744e-259;0.07559226280297782;2.958037490021817e-303
1.3146606104051028e-259;0.08137136344958289;1.0368264086870388e-303
4.6639668111047126e-260;0.07559226280297782;3.1867832423377017e-304
1.956221500381084e-260;0.08137136344958289;1.1170044448600488e-304
6.94000571762429e-261;0.07559226280297782;3.4332179588330727e-305
2.9108672826015674e-261;0.08137136344958289;1.2033826679020493e-305
1.0326762884757668e-261;0.07559226280297782;3.698709531372909e-306
4.331384935330492e-262;0.08137136344958289;1.296440539758543e-306
1.5366274325565596e-262;0.07559226280297782;3.98473163122993e-307
6.445122239046385e-263;0.08137136344958289;1.396694599282883e-307
2.2865092312427736e-263;0.07559226280297782;4.292871889031686e-308
9.590373817255955e-264;0.08137136344958289;1.5047013294025e-308
3.4023370621856877e-264;0.07559226280297782;4.62484070726497e-309
1.4270523745460734e-264;0.08137136344958289;1.621060246003773e-309
5.062694401819909e-265;0.07559226280297782;4.9824807542532e-310
2.1234610021492082e-265;0.08137136344958289;1.7464172256811e-310
7.533314347683459e-266;0.07559226280297782;5.367777192306e-311
3.159720489644112e-266;0.08137136344958289;1.8814680908216e-311
1.1209609065207072e-266;0.07559226280297782;5.78286869681e-312
4.70167974009033e-267;0.08137136344958289;2.026962471925e-312
1.6679953815203802e-267;0.07559226280297782;6.23005932743e-313
6.996122742763788e-268;0.08137136344958289;2.1837079686e-313
2.481985390024774e-268;0.07559226280297782;6.7118313176e-314
1.0410265296137816e-268;0.08137136344958289;2.3525746325e-314
3.6932065547335965e-269;0.07559226280297782;7.23085885e-315
1.5490526327323807e-269;0.08137136344958289;2.534499797e-315
5.495509647537063e-270;0.07559226280297782;7.7900229e-316
2.304997990651932e-270;0.08137136344958289;2.73049327e-316
8.177345577236858e-271;0.07559226280297782;8.3924273e-317
3.4298484277695583e-271;0.08137136344958289;2.941643e-317
1.2167930724955405e-271;0.07559226280297782;9.041416e-318
5.103631450084723e-272;0.08137136344958289;3.16912e-318
1.810594119190245e-272;0.07559226280297782;9.7406e-319
7.594228878280894e-273;0.08137136344958289;3.4142e-319
2.6941730180324577e-273;0.07559226280297782;1.0494e-319
1.1300250188472774e-273;0.08137136344958289;3.6783e-320
4.0089427962686555e-274;0.07559226280297782;1.1304e-320
1.6814828255608985e-274;0.08137136344958289;3.96e-321
5.965326738923159e-275;0.07559226280297782;1.22e-321
2.5020547735663683e-275;0.08137136344958289;4.25e-322
8.876435736432236e-276;0.07559226280297782;1.33e-322
3.723069896856065e-276;0.08137136344958289;4.4e-323
1.3208180344742393e-276;0.07559226280297782;1.5e-323
5.539946448541694e-277;0.08137136344958289;5.0e-324
1.965383777896419e-277;0.07559226280297782;0.0
8.243467757246987e-278;0.08137136344958289;0.0
2.9245007969292185e-278;0.07559226280297782;0.0
1.2266320856343038e-278;0.08137136344958289;0.0
4.351671672182887e-279;0.07559226280297782;0.0
1.825234619477728e-279;0.08137136344958289;0.0
6.475309003971987e-280;0.07559226280297782;0.0
2.715958154981138e-280;0.08137136344958289;0.0
9.635291872993693e-281;0.07559226280297782;0.0
4.0413591879597527e-281;0.08137136344958289;0.0
1.433736203489757e-281;0.07559226280297782;0.0
6.0135624903323055e-282;0.08137136344958289;0.0
2.1334065727253825e-282;0.07559226280297782;0.0
8.948210773462163e-283;0.08137136344958289;0.0
3.1745195479262996e-283;0.07559226280297782;0.0
1.33149819553766e-283;0.08137136344958289;0.0
4.72370081212053e-284;0.07559226280297782;0.0
1.9812759104623697e-284;0.08137136344958289;0.0
7.028890207024882e-285;0.07559226280297782;0.0
2.9481483689081537e-285;0.08137136344958289;0.0
1.0459023445270147e-285;0.07559226280297782;0.0
4.386859376424477e-286;0.08137136344958289;0.0
1.5563078694753506e-286;0.07559226280297782;0.0
6.52766848218381e-287;0.08137136344958289;0.0
2.3157938188638824e-287;0.07559226280297782;0.0
9.713203035932663e-288;0.08137136344958289;0.0
3.445912673625478e-288;0.07559226280297782;0.0
1.445329423127935e-288;0.08137136344958289;0.0
5.127535127491679e-289;0.07559226280297782;0.0
2.1506573409733636e-289;0.08137136344958289;0.0
7.629797668668001e-290;0.07559226280297782;0.0
3.2001887765300135e-290;0.08137136344958289;0.0
1.1353176724756814e-290;0.07559226280297782;0.0
4.761896751433965e-291;0.08137136344958289;0.0
1.6893583203768265e-291;0.07559226280297782;0.0
7.085725953924719e-292;0.08137136344958289;0.0
2.5137735488632958e-292;0.07559226280297782;0.0
1.0543595318189807e-292;0.08137136344958289;0.0
3.740507492546196e-293;0.07559226280297782;0.0
1.568892206058005e-293;0.08137136344958289;0.0
5.565893677304773e-294;0.07559226280297782;0.0
2.334519374034689e-294;0.08137136344958289;0.0
8.282077362174599e-295;0.07559226280297782;0.0
3.4737763924756273e-295;0.08137136344958289;0.0
1.2323772139725867e-295;0.07559226280297782;0.0
5.168996479162086e-296;0.08137136344958289;0.0
1.833783398903265e-296;0.07559226280297782;0.0
7.691492365330047e-297;0.08137136344958289;0.0
2.7286787811122375e-297;0.07559226280297782;0.0
1.1444978738991223e-297;0.08137136344958289;0.0
4.060287542653749e-298;0.07559226280297782;0.0
1.7030185055685247e-298;0.08137136344958289;0.0
6.041727975877536e-299;0.07559226280297782;0.0
2.5340999720935104e-299;0.08137136344958289;0.0
8.990121155469608e-300;0.07559226280297782;0.0
3.770753310998559e-300;0.08137136344958289;0.0
1.3377344811404419e-300;0.07559226280297782;0.0
5.610899604982873e-301;0.08137136344958289;0.0
1.9905555343304087e-301;0.07559226280297782;0.0
8.349046405493976e-302;0.08137136344958289;0.0
2.9619564951898926e-302;0.07559226280297782;0.0
1.2423422407912535e-302;0.08137136344958289;0.0
4.407405936729489e-303;0.07559226280297782;0.0
1.8486114081706494e-303;0.08137136344958289;0.0
6.558241865693919e-304;0.07559226280297782;0.0
2.7507429323518304e-304;0.08137136344958289;0.0
9.758696382039254e-305;0.07559226280297782;0.0
4.0931191089918087e-305;0.08137136344958289;0.0
1.452098855563473e-305;0.07559226280297782;0.0
6.090581509217908e-306;0.08137136344958289;0.0
2.1607302899694542e-306;0.07559226280297782;0.0
9.062815455073345e-307;0.08137136344958289;0.0
3.2151773745319873e-307;0.07559226280297782;0.0
1.3485514289301957e-307;0.08137136344958289;0.0
4.784199859506089e-308;0.07559226280297782;0.0
2.0066512062227093e-308;0.08137136344958289;0.0
7.118913089213253e-309;0.07559226280297782;0.0
2.985906934694655e-309;0.08137136344958289;0.0
1.05929779398898e-309;0.07559226280297782;0.0
4.44304430934973e-310;0.08137136344958289;0.0
1.57624036462837e-310;0.07559226280297782;0.0
6.611271940686e-311;0.08137136344958289;0.0
2.345453470386e-311;0.07559226280297782;0.0
9.83760539631e-312;0.08137136344958289;0.0
3.490046382006e-312;0.07559226280297782;0.0
1.463840555975e-312;0.08137136344958289;0.0
5.1932063042e-313;0.07559226280297782;0.0
2.17820199833e-313;0.08137136344958289;0.0
7.7275167047e-314;0.07559226280297782;0.0
3.2411753633e-314;0.08137136344958289;0.0
1.1498583133e-314;0.07559226280297782;0.0
4.822884993e-315;0.08137136344958289;0.0
1.710994865e-315;0.07559226280297782;0.0
7.17647677e-316;0.08137136344958289;0.0
2.54596884e-316;0.07559226280297782;0.0
1.0678633e-316;0.08137136344958289;0.0
3.7884143e-317;0.07559226280297782;0.0
1.588986e-317;0.08137136344958289;0.0
5.63718e-318;0.07559226280297782;0.0
2.36442e-318;0.08137136344958289;0.0
8.38815e-319;0.07559226280297782;0.0
3.5183e-319;0.08137136344958289;0.0
1.24816e-319;0.07559226280297782;0.0
5.235e-320;0.08137136344958289;0.0
1.857e-320;0.07559226280297782;0.0
7.79e-321;0.08137136344958289;0.0
2.76e-321;0.07559226280297782;0.0
1.156e-321;0.08137136344958289;0.0
4.1e-322;0.07559226280297782;0.0
1.73e-322;0.08137136344958289;0.0
6.0e-323;0.07559226280297782;0.0
2.5e-323;0.08137136344958289;0.0
1.0e-323;0.07559226280297782;0.0
5.0e-324;0.08137136344958289;0.0
0.0;0.07559226280297782;0.0
0.0;0.08137136344958289;0.0
0.0;0.07559226280297782;0.0
0.0;0.08137136344958289;0.0
0.0;0.07559226280297782;0.0
0.0;0.08137136344958289;0.0
0.0;0.07559226280297782;0.0
0.0;0.08137136344958289;0.0
0.0;0.07559226280297782;0.0
0.0;0.08137136344958289;0.0
0.0;0.07559226280297782;0.0
0.0;0.08137136344958289;0.0
0.0;0.07559226280297782;0.0
0.0;0.08137136344958289;0.0
0.0;0.07559226280297782;0.0
0.0;0.08137136344958289;0.0
0.0;0.07559226280297782;0.0
0.0;0.08137136344958289;0.0
0.0;0.07559226280297782;0.0
0.0;0.08137136344958289;0.0
0.0;0.07559226280297782;0.0
0.0;0.08137136344958289;0.0
0.0;0.07559226280297782;0.0
0.0;0.08137136344958289;0.0
0.0;0.07559226280297782;0.0
0.0;0.08137136344958289;0.0
0.0;0.07559226280297782;0.0
0.0;0.08137136344958289;0.0
0.0;0.07559226280297782;0.0
0.0;0.08137136344958289;0.0
0.0;0.07559226280297782;0.0
0.0;0.08137136344958289;0.0
0.0;0.07559226280297782;0.0
0.0;0.08137136344958289;0.0
0.0;0.07559226280297782;0.0
0.0;0.08137136344958289;0.0
0.0;0.07559226280297782;0.0
0.0;0.08137136344958289;0.0
0.0;0.07559226280297782;0.0
0.0;0.08137136344958289;0.0
0.0;0.07559226280297782;0.0
0.0;0.08137136344958289;0.0
0.0;0.07559226280297782;0.0
0.0;0.08137136344958289;0.0
0.0;0.07559226280297782;0.0
0.0;0.08137136344958289;0.0
0.0;0.07559226280297782;0.0
0.0;0.08137136344958289;0.0
0.0;0.07559226280297782;0.0
0.0;0.08137136344958289;0.0
0.0;0.07559226280297782;0.0
0.0;0.08137136344958289;0.0
0.0;0.07559226280297782;0.0
0.0;0.08137136344958289;0.0
0.0;0.07559226280297782;0.0
0.0;0.08137136344958289;0.0
0.0;0.07559226280297782;0.0
0.0;0.08137136344958289;0.0
0.0;0.07559226280297782;0.0
0.0;0.08137136344958289;0.0
0.0;0.07559226280297782;0.0
0.0;0.08137136344958289;0.0
0.0;0.07559226280297782;0.0
0.0;0.08137136344958289;0.0
0.0;0.07559226280297782;0.0
0.0;0.08137136344958289;0.0
0.0;0.07559226280297782;0.0
0.0;0.08137136344958289;0.0
0.0;0.07559226280297782;0.0
0.0;0.08137136344958289;0.0
0.0;0.07559226280297782;0.0
0.0;0.08137136344958289;0.0
0.0;0.07559226280297782;0.0
0.0;0.08137136344958289;0.0
0.0;0.07559226280297782;0.0
0.0;0.08137136344958289;0.0
0.0;0.07559226280297782;0.0
0.0;0.08137136344958289;0.0
0.0;0.07559226280297782;0.0
0.0;0.08137136344958289;0.0
0.0;0.07559226280297782;0.0
0.0;0.08137136344958289;0.0
0.0;0.07559226280297782;0.0
0.0;0.08137136344958289;0.0
0.0;0.07559226280297782;0.0
0.0;0.08137136344958289;0.0
0.0;0.07559226280297782;0.0
0.0;0.08137136344958289;0.0
0.0;0.07559226280297782;0.0
0.0;0.08137136344958289;0.0
0.0;0.07559226280297782;0.0
0.0;0.08137136344958289;0.0
0.0;0.07559226280297782;0.0
0.0;0.08137136344958289;0.0
0.0;0.07559226280297782;0.0
0.0;0.08137136344958289;0.0
0.0;0.07559226280297782;0.0
0.0;0.08137136344958289;0.0
0.0;0.07559226280297782;0.0
0.0;0.08137136344958289;0.0
0.0;0.07559226280297782;0.0
0.0;0.08137136344958289;0.0
0.0;0.07559226280297782;0.0
0.0;0.08137136344958289;0.0
0.0;0.07559226280297782;0.0
0.0;0.08137136344958289;0.0
0.0;0.07559226280297782;0.0
0.0;0.08137136344958289;0.0
0.0;0.07559226280297782;0.0
0.0;0.08137136344958289;0.0
0.0;0.07559226280297782;0.0
0.0;0.08137136344958289;0.0
0.0;0.07559226280297782;0.0
0.0;0.08137136344958289;0.0
0.0;0.07559226280297782;0.0
0.0;0.08137136344958289;0.0
0.0;0.07559226280297782;0.0
0.0;0.08137136344958289;0.0
0.0;0.07559226280297782;0.0
0.0;0.08137136344958289;0.0
0.0;0.07559226280297782;0.0
0.0;0.08137136344958289;0.0
0.0;0.07559226280297782;0.0
0.0;0.08137136344958289;0.0
0.0;0.07559226280297782;0.0
0.0;0.08137136344958289;0.0
0.0;0.07559226280297782;0.0
0.0;0.08137136344958289;0.0
0.0;0.07559226280297782;0.0
0.0;0.08137136344958289;0.0
0.0;0.07559226280297782;0.0
0.0;0.08137136344958289;0.0
0.0;0.07559226280297782;0.0
0.0;0.08137136344958289;0.0
0.0;0.07559226280297782;0.0
0.0;0.08137136344958289;0.0
0.0;0.07559226280297782;0.0
0.0;0.08137136344958289;0.0
0.0;0.07559226280297782;0.0
0.0;0.08137136344958289;0.0
0.0;0.07559226280297782;0.0
0.0;0.08137136344958289;0.0
0.0;0.07559226280297782;0.0
0.0;0.08137136344958289;0.0
0.0;0.07559226280297782;0.0
0.0;0.08137136344958289;0.0
0.0;0.07559226280297782;0.0
0.0;0.08137136344958289;0.0
0.0;0.07559226280297782;0.0
0.0;0.08137136344958289;0.0
0.0;0.07559226280297782;0.0
0.0;0.08137136344958289;0.0
0.0;0.07559226280297782;0.0
0.0;0.08137136344958289;0.0
0.0;0.07559226280297782;0.0
0.0;0.08137136344958289;0.0
0.0;0.07559226280297782;0.0
0.0;0.08137136344958289;0.0
0.0;0.07559226280297782;0.0
0.0;0.08137136344958289;0.0
0.0;0.07559226280297782;0.0
0.0;0.08137136344958289;0.0
0.0;0.07559226280297782;0.0
0.0;0.08137136344958289;0.0
0.0;0.07559226280297782;0.0
0.0;0.08137136344958289;0.0
0.0;0.07559226280297782;0.0
0.0;0.08137136344958289;0.0
0.0;0.07559226280297782;0.0
0.0;0.08137136344958289;0.0
0.0;0.07559226280297782;0.0
0.0;0.08137136344958289;0.0
0.0;0.07559226280297782;0.0
0.0;0.08137136344958289;0.0
0.0;0.07559226280297782;0.0
0.0;0.08137136344958289;0.0
0.0;0.07559226280297782;0.0
0.0;0.08137136344958289;0.0
0.0;0.07559226280297782;0.0
0.0;0.08137136344958289;0.0
0.0;0.07559226280297782;0.0
0.0;0.08137136344958289;0.0
0.0;0.07559226280297782;0.0
0.0;0.08137136344958289;0.0
0.0;0.07559226280297782;0.0
0.0;0.08137136344958289;0.0
0.0;0.07559226280297782;0.0
0.0;0.08137136344958289;0.0
0.0;0.07559226280297782;0.0
0.0;0.08137136344958289;0.0
0.0;0.07559226280297782;0.0
0.0;0.08137136344958289;0.0
0.0;0.07559226280297782;0.0
0.0;0.08137136344958289;0.0
0.0;0.07559226280297782;0.0
0.0;0.08137136344958289;0.0
0.0;0.07559226280297782;0.0
0.0;0.08137136344958289;0.0
0.0;0.07559226280297782;0.0
0.0;0.08137136344958289;0.0
0.0;0.07559226280297782;0.0
0.0;0.08137136344958289;0.0
0.0;0.07559226280297782;0.0
0.0;0.08137136344958289;0.0
0.0;0.07559226280297782;0.0
0.0;0.08137136344958289;0.0
0.0;0.07559226280297782;0.0
0.0;0.08137136344958289;0.0
0.0;0.07559226280297782;0.0
0.0;0.08137136344958289;0.0
0.0;0.07559226280297782;0.0
0.0;0.08137136344958289;0.0
0.0;0.07559226280297782;0.0
0.0;0.08137136344958289;0.0
0.0;0.07559226280297782;0.0
0.0;0.08137136344958289;0.0
0.0;0.07559226280297782;0.0
0.0;0.08137136344958289;0.0
0.0;0.07559226280297782;0.0
0.0;0.08137136344958289;0.0
0.0;0.07559226280297782;0.0
