# ["m", "w0", "wp"] [calculated @ 2025-10-14T10:32:56.370]
0.6016603208113351;0.8516642305592093;0.07281405888765491
0.0;0.0;0.0
0.0017175843657709592;0.0034411202318248165;0.00012595831523501958
0.012334378340338684;0.0563497419419957;0.0007370131675335431
0.00821323245615179;0.0742380585546388;0.00043090992731662897
0.004253370751778835;0.07523159368265663;0.0002049142385786909
0.0021997090133448536;0.07549598232456156;9.734579418673712e-5
0.0012576065560829944;0.08134289895798125;4.9816625977797035e-5
0.0006001921817702314;0.0755851007124194;2.2204179430727105e-5
0.0003430297009410949;0.08136924638306844;1.1359246445228383e-5
0.0001637022167603997;0.07559173009510885;5.062789240782295e-6
9.356155115058715e-5;0.08137120597462942;2.5900487866591195e-6
4.465021236839283e-5;0.07559222317663739;1.1543906133701003e-6
2.551930026293832e-5;0.08137135173519641;5.905733098368345e-7
1.2178564010302394e-5;0.07559225985516518;2.6322077109458143e-7
6.960523962236501e-6;0.08137136257813397;1.3466102764032825e-7
3.3217697818349255e-6;0.07559226258368403;6.001897888723329e-8
1.8985214610227345e-6;0.0813713633847534;3.070510065621055e-8
9.060312233717286e-7;0.07559226278666377;1.3685392957506745e-8
5.178323420262763e-7;0.0813713634447599;7.001308688320929e-9
2.4712508763503864e-7;0.07559226280176419;3.1205129296986437e-9
1.4124167149809027e-7;0.08137136344922413;1.5964228912340176e-9
6.740475205848502e-8;0.07559226280288761;7.115324470663228e-10
3.852445723211902e-8;0.08137136344955619;3.6401281296972545e-10
1.8385023788738846e-8;0.0755922628029712;1.6224205334560453e-10
1.0507761564979549e-8;0.08137136344958096;8.300139578318447e-11
5.014618251753952e-9;0.07559226280297736;3.699407385040956e-11
2.8660508432771205e-9;0.08137136344958273;1.8925794529139316e-11
1.367765225809722e-9;0.07559226280297779;8.435306827232155e-12
7.817314264214728e-10;0.08137136344958287;4.315417773429119e-12
3.730656291382911e-10;0.07559226280297782;1.9233999899360413e-12
2.1322162671842821e-10;0.08137136344958289;9.83992007880381e-13
1.01755740691973e-10;0.07559226280297782;4.385694079749566e-13
5.815739340128811e-11;0.08137136344958289;2.2436767942525457e-13
2.7754448426936426e-11;0.07559226280297782;1.0000162556832729e-13
1.5862754915100626e-11;0.08137136344958289;5.115982159157637e-14
7.57018132092841e-12;0.07559226280297782;2.2802149293735122e-14
4.326655284571181e-12;0.08137136344958289;1.1665349269497125e-14
2.0648093721839803e-12;0.07559226280297782;5.1992956060354556e-15
1.1801194717878066e-12;0.08137136344958289;2.6599071174588637e-15
5.631883257105337e-13;0.07559226280297782;1.1855318746802067e-15
3.218841983226695e-13;0.08137136344958289;6.065061328260878e-16
1.5361277146913896e-13;0.07559226280297782;2.703223537148477e-16
8.77957186596251e-14;0.08137136344958289;1.3829418581618777e-16
4.1898744134405694e-14;0.07559226280297782;6.163830469564287e-17
2.3946774197449633e-14;0.08137136344958289;3.153353411522118e-17
1.1428117227824894e-14;0.07559226280297782;1.405462979121813e-17
6.531616839846555e-15;0.08137136344958289;7.190206644822106e-18
3.117083007403617e-15;0.07559226280297782;3.2047055729967127e-18
1.7815350907309576e-15;0.08137136344958289;1.6394950025689925e-18
8.502018557691741e-16;0.07559226280297782;7.307298706660622e-19
4.859236782144616e-16;0.08137136344958289;3.738340212216815e-19
2.3189731997398428e-16;0.07559226280297782;1.6661940753088562e-19
1.3253840593877492e-16;0.08137136344958289;8.524080598220157e-20
6.325129337957672e-17;0.07559226280297782;3.799218846854876e-20
3.615059285305824e-17;0.08137136344958289;1.9436419886960023e-20
1.7252144676092432e-17;0.07559226280297782;8.662894713283465e-21
9.860276758053687e-18;0.08137136344958289;4.431849437241308e-21
4.705619126848226e-18;0.07559226280297782;1.9752940759272124e-21
2.6894457344200508e-18;0.08137136344958289;1.010540498127102e-21
1.2834839831620963e-18;0.07559226280297782;4.504021825880256e-22
7.335613934448991e-19;0.08137136344958289;2.304212074024413e-22
3.5007744796740576e-19;0.07559226280297782;1.0269970864203238e-22
2.000829803204263e-19;0.08137136344958289;5.2540133640562785e-23
9.54855854713801e-20;0.07559226280297782;2.3417360223597556e-23
5.457375397838635e-20;0.08137136344958289;1.1980084967382879e-23
2.6044228457872893e-20;0.07559226280297782;5.339574640402552e-24
1.48852971828178e-20;0.08137136344958289;2.7316724545768705e-24
7.103709241738742e-21;0.07559226280297782;1.217517989568255e-24
4.0600482112437556e-21;0.08137136344958289;6.228699061325734e-25
1.937576498869561e-21;0.07559226280297782;2.776157568256355e-25
1.1074008986969481e-21;0.08137136344958289;1.4202541718190614e-25
5.284848466084925e-22;0.07559226280297782;6.33013303279407e-26
3.020498000586878e-22;0.08137136344958289;3.238432123160108e-26
1.4414720309507835e-22;0.07559226280297782;1.4433829214542065e-26
8.238577539791253e-23;0.08137136344958289;7.384201239756232e-27
3.9316957323332005e-23;0.07559226280297782;3.291169786089164e-27
2.2471181860065803e-23;0.08137136344958289;1.6837292206702123e-27
1.0723920408952391e-23;0.07559226280297782;7.50445249134108e-28
6.129140761852245e-24;0.08137136344958289;3.8392020971415276e-28
2.9250093793320757e-24;0.07559226280297782;1.7111486448627023e-28
1.671757485322084e-24;0.08137136344958289;8.754063635498844e-29
7.978126974943155e-25;0.07559226280297782;3.9017232612158316e-29
4.559812212382318e-25;0.08137136344958289;1.996082211754902e-29
2.176078835099327e-25;0.07559226280297782;8.896623009822858e-30
1.2437143302627503e-25;0.08137136344958289;4.551422473018487e-30
5.935376951807638e-26;0.07559226280297782;2.0285882847120513e-30
3.392300523035724e-26;0.08137136344958289;1.0378052770524583e-30
1.6189073204437172e-26;0.07559226280297782;4.625542101005497e-31
9.252689752442819e-27;0.08137136344958289;2.3663806193839e-31
4.415660426399819e-27;0.07559226280297782;1.0547058705513217e-31
2.5237229742354065e-27;0.08137136344958289;5.395768704992488e-32
1.2043961229311951e-27;0.07559226280297782;2.4049169785604336e-32
6.883595820341931e-28;0.08137136344958289;1.2303312357822001e-32
3.2850579094787253e-28;0.07559226280297782;5.4836384581276614e-33
1.8775393298539236e-28;0.08137136344958289;2.805374048633275e-33
8.960179514996037e-29;0.07559226280297782;1.2503671023794172e-33
5.121093723619012e-29;0.08137136344958289;6.396751804599617e-34
2.4439391679915426e-29;0.07559226280297782;2.851059388124775e-34
1.3968070073999704e-29;0.08137136344958289;1.4585731863308277e-34
6.6659810184013e-30;0.07559226280297782;6.50092250439574e-35
3.809869377947779e-30;0.08137136344958289;3.325806291801913e-35
1.8181836732951093e-30;0.07559226280297782;1.4823259587011244e-35
1.0391632201246413e-30;0.08137136344958289;7.583429884937121e-36
4.959197844565296e-31;0.07559226280297782;3.3799668375579966e-36
2.8343759088178836e-31;0.08137136344958289;1.7291568953223577e-36
1.3526489992603359e-31;0.07559226280297782;7.706925562446563e-37
7.730919105781664e-32;0.08137136344958289;3.9427852752747455e-37
3.689425936505199e-32;0.07559226280297782;1.7573161063321545e-37
2.1086515036414757e-32;0.08137136344958289;8.990251705311713e-38
1.006311596607884e-32;0.07559226280297782;4.006993284873595e-38
5.751465127198323e-33;0.08137136344958289;2.0499372925964888e-38
2.744771264948474e-33;0.07559226280297782;9.136657387459988e-39
1.5687443397950333e-33;0.08137136344958289;4.6742216361918147e-39
7.486517418940605e-34;0.07559226280297782;2.0833203921493583e-39
4.278838085970876e-34;0.08137136344958289;1.0658056704051693e-39
2.0419895741349953e-34;0.07559226280297782;4.750341040808089e-40
1.1670770629423929e-34;0.08137136344958289;2.4302264964767248e-40
5.569640979298044e-35;0.07559226280297782;1.0831622485442415e-40
3.183268082314427e-35;0.08137136344958289;5.541348660616861e-41
1.5191507846663126e-35;0.07559226280297782;2.469802581735969e-41
8.682542057963423e-36;0.08137136344958289;1.2635260550009562e-41
4.143568885553435e-36;0.07559226280297782;5.631589174149943e-42
2.3682119959401346e-36;0.08137136344958289;2.881064140599584e-42
1.1301816305942133e-36;0.07559226280297782;1.2841024971360781e-42
6.459430913520122e-37;0.08137136344958289;6.569338676789333e-43
3.0826337232764257e-37;0.07559226280297782;2.927982088466184e-43
1.7618459748564753e-37;0.08137136344958289;1.4979260628810176e-43
8.408056204987973e-38;0.07559226280297782;6.676319942916736e-44
4.805533615385247e-38;0.08137136344958289;3.4155378497776593e-44
2.293344441554248e-38;0.07559226280297782;1.522319694364571e-44
1.3107362197469535e-38;0.08137136344958289;7.78803379709302e-45
6.255225463987364e-39;0.07559226280297782;3.471159668297438e-45
3.575106481944363e-39;0.08137136344958289;1.77581022645119e-45
1.7061477943015887e-39;0.07559226280297782;7.914861436410765e-46
9.751303248267714e-40;0.08137136344958289;4.049163168174386e-46
4.6536137070663e-40;0.07559226280297782;1.804729184016733e-46
2.659722599030442e-40;0.08137136344958289;9.23281222186986e-47
1.2692992135221364e-40;0.07559226280297782;4.115103535051543e-47
7.254542417240435e-41;0.08137136344958289;2.1052454046385862e-47
3.4620847256864146e-41;0.07559226280297782;9.383167986735821e-48
1.9787170926293383e-41;0.08137136344958289;4.800333968943526e-48
9.443030075289757e-42;0.07559226280297782;2.1395291933086496e-48
5.39706174073603e-42;0.08137136344958289;1.0945615253509583e-48
2.5756393637982733e-42;0.07559226280297782;4.878507104946759e-49
1.4720788303602655e-42;0.08137136344958289;2.4957949603708382e-49
7.025200681830532e-43;0.07559226280297782;1.1123863907746482e-49
4.0151774926690396e-43;0.08137136344958289;5.690856420533516e-50
1.9161628492589517e-43;0.07559226280297782;2.5364388239302324e-50
1.0951621587880958e-43;0.08137136344958289;1.2976164834596645e-50
5.226441536931968e-44;0.07559226280297782;5.783531658509759e-51
2.9871161517298903e-44;0.08137136344958289;2.958796380929198e-51
1.4255412137612277e-44;0.07559226280297782;1.3187480860726936e-51
8.147526676597021e-45;0.08137136344958289;6.746582010471076e-52
3.8882435358202825e-45;0.07559226280297782;3.0069801934282194e-52
2.222283552898237e-45;0.08137136344958289;1.5383406954728565e-52
1.0605402108269368e-45;0.07559226280297782;6.856449673111548e-53
6.061402908526212e-46;0.08137136344958289;3.5076904003760516e-53
2.8926828487443556e-46;0.07559226280297782;1.563392476699855e-53
1.653281606281703e-46;0.08137136344958289;7.998158003034769e-54
7.889954551459454e-47;0.07559226280297782;3.5648129173717153e-54
4.509418217067503e-47;0.08137136344958289;1.8237222827490938e-54
2.1520293125503751e-47;0.07559226280297782;8.128407501797084e-55
1.2299690856752588e-47;0.08137136344958289;4.158411178340804e-55
5.869780531523309e-48;0.07559226280297782;1.8534214851303954e-55
3.3548095982559524e-48;0.08137136344958289;9.48191711628542e-56
1.601015529264242e-48;0.07559226280297782;4.226130642174985e-56
9.150431154431283e-49;0.08137136344958289;2.1620457512327833e-56
4.366859563452971e-49;0.07559226280297782;9.63632953864986e-57
2.4958313686569633e-49;0.08137136344958289;4.929848861888132e-57
1.191085414123634e-49;0.07559226280297782;2.1972545299656397e-57
6.807519903316792e-50;0.08137136344958289;1.1240932245398619e-57
3.2487522053864346e-50;0.07559226280297782;5.01013113975652e-58
1.8567891972201432e-50;0.08137136344958289;2.563132487133636e-58
8.861153672819366e-51;0.07559226280297782;1.1423990118227443e-58
5.0644965741982486e-51;0.08137136344958289;5.844397958442545e-59
2.416929314680691e-51;0.07559226280297782;2.604872938070454e-59
1.3813698177728455e-51;0.08137136344958289;1.332626685046832e-59
6.5923101300919534e-52;0.07559226280297782;5.939573610682205e-60
3.767763578270103e-52;0.08137136344958289;3.0386258675857836e-60
1.798089525719316e-52;0.07559226280297782;1.3543284265851674e-60
1.0276786273372258e-52;0.08137136344958289;6.928607438801944e-61
4.904389931146053e-53;0.07559226280297782;3.088109698241426e-61
2.8030510384906495e-53;0.08137136344958289;1.579845730700718e-61
1.3376998337779907e-53;0.07559226280297782;7.0414393740653405e-62
7.645478766783032e-54;0.08137136344958289;3.602329262927423e-62
3.648651250027159e-54;0.07559226280297782;1.6055734188093422e-62
2.0853471724441213e-54;0.08137136344958289;8.213951442453544e-63
9.951900724041035e-55;0.07559226280297782;3.660992967832365e-63
5.6879012580797005e-55;0.08137136344958289;1.8729270251147438e-63
2.7144366845264023e-55;0.07559226280297782;8.34771512377012e-64
1.5514069383347072e-55;0.08137136344958289;4.270606742663387e-64
7.403778151145794e-56;0.07559226280297782;1.9034275236229073e-64
4.231549352046323e-56;0.08137136344958289;9.737742958439407e-65
2.019421975243001e-56;0.07559226280297782;4.340153304188156e-65
1.1541787957983558e-56;0.08137136344958289;2.2203785934524833e-65
5.508086588822539e-57;0.07559226280297782;9.896321488512416e-66
3.148087335969136e-57;0.08137136344958289;5.062858117433954e-66
1.5023614797653148e-57;0.07559226280297782;2.2565373188427615e-66
8.586584601074841e-58;0.08137136344958289;1.1544217005538095e-66
4.0977751157051565e-58;0.07559226280297782;5.145306442642127e-67
2.342039061909252e-58;0.08137136344958289;2.632286806775073e-67
1.1176911232784958e-58;0.07559226280297782;1.1732213851562424e-67
6.388042769440773e-59;0.08137136344958289;6.002082107256039e-68
3.0485651647103e-59;0.07559226280297782;2.675153431446785e-68
1.7423744585599847e-59;0.08137136344958289;1.3685814756021562e-68
8.315132302584651e-60;0.07559226280297782;6.099825635916483e-69
4.752423963667291e-60;0.08137136344958289;3.120609185097698e-69
2.2679989265066973e-60;0.07559226280297782;1.3908687386375853e-69
1.2962502646592587e-60;0.08137136344958289;7.115543984570893e-70
6.186094151546623e-61;0.07559226280297782;3.1714281089096314e-70
3.5355952277721335e-61;0.08137136344958289;1.622470588055329e-70
1.6872918414799046e-61;0.07559226280297782;7.2314201696950066e-71
9.643534088636067e-62;0.08137136344958289;3.69952151910329e-71
4.602183039216856e-62;0.07559226280297782;1.6488924192782953e-71
2.6303279568935856e-62;0.08137136344958289;8.435567073491754e-72
1.2552712106921874e-62;0.07559226280297782;3.759767993771683e-72
7.174366883784724e-63;0.08137136344958289;1.923459330725181e-72
3.4238225619569573e-63;0.07559226280297782;8.572939751386013e-73
1.9568487666433372e-63;0.08137136344958289;4.3858293873091576e-73
9.338667879829232e-64;0.07559226280297782;1.9547827446439367e-73
5.337414656292974e-64;0.08137136344958289;1.0000471082137447e-73
2.5471739902288422e-64;0.07559226280297782;4.4572523423367124e-74
1.455809753866551e-64;0.08137136344958289;2.2802852786306417e-74
6.947559780460848e-65;0.07559226280297782;1.0163328123138784e-74
3.970802674950825e-65;0.08137136344958289;5.199456014854315e-75
1.894985858376349e-65;0.07559226280297782;2.3174195806116786e-75
1.083058678616463e-65;0.08137136344958289;1.1855684507439987e-75
5.168680107720011e-66;0.07559226280297782;5.284128828208905e-76
2.954103231384984e-66;0.08137136344958289;2.703306937079469e-76
1.4097864602974128e-66;0.07559226280297782;1.204875358209348e-76
8.057482086591132e-67;0.08137136344958289;6.164020636240749e-77
3.845271562984442e-67;0.07559226280297782;2.747330120095071e-77
2.1977233864403168e-67;0.08137136344958289;1.4055063405064173e-77
1.0488193644573298e-67;0.07559226280297782;6.264401323634814e-78
5.994413678367993e-68;0.08137136344958289;3.204804444666024e-78
2.8607135835340365e-68;0.07559226280297782;1.428394922638549e-78
1.6350099184049966e-68;0.08137136344958289;7.307524151652302e-79
7.802756589310765e-69;0.07559226280297782;3.256994482971171e-79
4.4595811645927596e-69;0.08137136344958289;1.6662454807768055e-79
2.1282455797906065e-69;0.07559226280297782;7.426526721692197e-80
1.2163757503680314e-69;0.08137136344958289;3.799336060464963e-80
5.804909067781577e-70;0.07559226280297782;1.693380183367552e-80
3.317733014549811e-70;0.08137136344958289;8.663161981162482e-81
1.5833214740438078e-70;0.07559226280297782;3.861208008645705e-81
9.049302694914276e-71;0.08137136344958289;1.9753550177573527e-81
4.318598036413863e-71;0.07559226280297782;8.804241027777354e-82
2.468248014685247e-71;0.08137136344958289;4.504160784092302e-82
1.1779218122068905e-71;0.07559226280297782;2.007523549667187e-82
6.732284759820794e-72;0.08137136344958289;1.0270287713642291e-82
3.2128477435814756e-72;0.07559226280297782;4.577510758455188e-83
1.8362683902774301e-72;0.08137136344958289;2.34180826966745e-83
8.763222241463622e-73;0.07559226280297782;1.0437538701474631e-83
5.008524923449336e-73;0.08137136344958289;5.339739377114271e-84
2.3902179680534e-73;0.07559226280297782;2.379944469678242e-84
1.3661032364132339e-73;0.08137136344958289;1.2175555524685914e-84
6.519453435487837e-74;0.07559226280297782;5.426696696177821e-85
3.726123122201516e-74;0.08137136344958289;2.776243218350192e-85
1.7782174540386712e-74;0.07559226280297782;1.2373833678686047e-85
1.0163209596265817e-74;0.08137136344958289;6.33032833024204e-86
4.850187742174077e-75;0.07559226280297782;2.8214541641073493e-86
2.7720723634221173e-75;0.08137136344958289;1.443427452745975e-86
1.3229158830326095e-75;0.07559226280297782;6.433417327946528e-87
7.560982694750377e-76;0.08137136344958289;3.2912713253548837e-87
3.608327196001425e-76;0.07559226280297782;1.466933577799843e-87
2.0623003953526088e-76;0.08137136344958289;7.504684018927062e-88
9.841914607266519e-77;0.07559226280297782;3.344869471359956e-88
5.625039882215921e-77;0.08137136344958289;1.7112014372703355e-88
2.6844373549068734e-77;0.07559226280297782;7.62689732497377e-89
1.5342611458458109e-77;0.08137136344958289;3.901843637295082e-89
7.321953298699511e-78;0.07559226280297782;1.739068244777919e-89
4.1847832423275003e-78;0.08137136344958289;8.896897488694052e-90
1.9971037882609367e-78;0.07559226280297782;3.96538491490097e-90
1.1414230773347774e-78;0.08137136344958289;2.028650870776665e-90
5.447212483306305e-79;0.07559226280297782;9.041782903311079e-91
3.113295399137028e-79;0.08137136344958289;4.625684808364605e-91
1.485757726398701e-79;0.07559226280297782;2.0616873222923958e-91
8.491687643919039e-80;0.08137136344958289;1.0547384103674394e-91
4.052487448063644e-80;0.07559226280297782;4.7010137938001556e-92
2.3161553851226268e-80;0.08137136344958289;2.404991175128828e-92
1.1053386581754443e-80;0.07559226280297782;1.0719147588746318e-92
6.317443590702689e-81;0.08137136344958289;5.483807639500456e-93
3.014873124013935e-81;0.07559226280297782;2.4441563047711096e-93
1.723118136981012e-81;0.08137136344958289;1.2504056787415326e-93
8.223235373767998e-82;0.07559226280297782;5.573111101132861e-94
4.6999012675990645e-82;0.08137136344958289;2.8511473490917345e-94
2.2429335242591962e-82;0.07559226280297782;1.2707684563765647e-94
1.2819244050138333e-82;0.08137136344958289;6.501123071045455e-95
6.117726862463176e-83;0.07559226280297782;2.897578103895005e-95
3.496520642889089e-83;0.08137136344958289;1.4823716914646081e-95
1.668644280309865e-83;0.07559226280297782;6.606993450334598e-96
9.536955968957935e-84;0.08137136344958289;3.3800711163929287e-96
4.551320771273785e-84;0.07559226280297782;1.5065120209904149e-96
2.6012581775776305e-84;0.08137136344958289;7.707163336737605e-97
1.2413982421215344e-84;0.07559226280297782;3.435115361395851e-97
7.095077431875615e-85;0.08137136344958289;1.7573703230996495e-97
3.38598326285654e-85;0.07559226280297782;7.832674005707695e-98
1.935222124364024e-85;0.08137136344958289;4.0071169087466694e-98
9.235459071338208e-86;0.07559226280297782;1.7859889880018262e-98
5.278426777701815e-86;0.08137136344958289;9.136939271878765e-99
2.519023209417947e-86;0.07559226280297782;4.072372554940234e-99
1.439720479462575e-86;0.08137136344958289;2.0833846668105375e-99
6.870776948467182e-87;0.07559226280297782;9.285733751799324e-100
3.9269182775069684e-87;0.08137136344958289;4.750487598467699e-100
1.8740429107239537e-87;0.07559226280297782;2.117312454743485e-100
1.071088963322561e-87;0.08137136344958289;1.0831956662973576e-100
5.111557044532236e-88;0.07559226280297782;4.82784898947076e-101
2.921455162239141e-88;0.08137136344958289;2.469878780156877e-101
1.3942058247435613e-88;0.07559226280297782;1.100835439423021e-101
7.96843264867385e-89;0.08137136344958289;5.631762920102539e-102
3.8027745065041186e-89;0.07559226280297782;2.5101006003556065e-102
2.1734346532905616e-89;0.08137136344958289;1.2841421143035764e-102
1.0372280541847178e-89;0.07559226280297782;5.723475824150345e-103
5.928164797766633e-90;0.08137136344958289;2.9280724226545246e-103
2.829097635286389e-90;0.07559226280297782;1.3050542876645114e-103
1.616940165018209e-90;0.08137136344958289;6.676525920933311e-104
7.716522318974662e-91;0.07559226280297782;2.975755897430317e-104
4.4102948997539803e-91;0.08137136344958289;1.5223666610159485e-104
2.1047246993724322e-91;0.07559226280297782;6.785252724573002e-105
1.2029326454746638e-91;0.08137136344958289;3.4712667606162257e-105
5.740754548529579e-92;0.07559226280297782;1.5471583060990481e-105
3.2810661927151226e-92;0.08137136344958289;7.91510562594543e-106
1.5658229694500988e-92;0.07559226280297782;3.527796120935068e-106
8.949291883861237e-93;0.08137136344958289;1.8047848635738777e-106
4.270869884666151e-93;0.07559226280297782;8.044002621983639e-107
2.440969505594433e-93;0.08137136344958289;4.115230494345188e-107
1.1649036913894612e-93;0.07559226280297782;1.834175671277993e-107
6.657881097818407e-94;0.08137136344958289;9.383457476506767e-108
3.177340089626421e-94;0.07559226280297782;4.182246763463217e-108
1.815974374571009e-94;0.08137136344958289;2.139595202125393e-108
8.666373125752258e-95;0.07559226280297782;9.536266489845683e-109
4.9531718585048874e-95;0.08137136344958289;4.878657616789493e-109
2.3638018290825027e-95;0.07559226280297782;2.174438375081634e-109
1.351005377797823e-95;0.08137136344958289;1.1124207101518457e-109
6.447401936307439e-96;0.07559226280297782;4.958106248459271e-110
3.684942866871537e-96;0.08137136344958289;2.5365170782144102e-110
1.758565003921488e-96;0.07559226280297782;1.1305364112739185e-110
1.005088814245968e-96;0.08137136344958289;5.783710092196271e-111
4.796584583322187e-97;0.07559226280297782;2.5778240988951894e-111
2.741436057541956e-97;0.08137136344958289;1.3187887721269026e-111
1.3082953211089388e-97;0.07559226280297782;5.877897446360733e-112
7.477420453862476e-98;0.08137136344958289;3.007072964868383e-112
3.568448794141838e-98;0.07559226280297782;1.340265164125876e-112
2.039508325938233e-98;0.08137136344958289;6.856661208495778e-113
9.733144031745764e-99;0.07559226280297782;3.0560429584928163e-113
5.562873235813181e-99;0.08137136344958289;1.563440710529905e-113
2.654769570975171e-99;0.07559226280297782;6.968321503935158e-114
1.517304844710098e-99;0.08137136344958289;3.564922899083264e-114
7.241032755693823e-100;0.07559226280297782;1.58890124391945e-114
4.1385339808919747e-100;0.08137136344958289;8.128658279661136e-115
1.97503225674577e-100;0.07559226280297782;3.622977443711629e-115
1.1288083321364494e-100;0.08137136344958289;1.8534786669438262e-115
5.387011144396524e-101;0.07559226280297782;8.261032967199733e-116
3.078887974784835e-101;0.08137136344958289;4.2262610268801607e-116
1.4693374738936165e-101;0.07559226280297782;1.883662450165472e-116
8.397839466097036e-102;0.08137136344958289;9.63662683896832e-117
4.007700289303792e-102;0.07559226280297782;4.295085421219576e-117
2.2905577687757753e-102;0.08137136344958289;2.197322319726141e-117
1.093122709674292e-102;0.07559226280297782;9.793558699411568e-118
6.247624657842475e-103;0.08137136344958289;5.0102857124677964e-118
2.9815534399984984e-103;0.07559226280297782;2.2331055751525765e-118
1.7040746318370722e-103;0.08137136344958289;1.1424342571502005e-118
8.132354068662267e-104;0.07559226280297782;5.091877899375989e-119
4.647959040281826e-104;0.08137136344958289;2.6049533036859074e-119
2.21814513906956e-104;0.07559226280297782;1.161038726992662e-119
1.2677568714726971e-104;0.08137136344958289;5.939756858579555e-120
6.050115152926743e-105;0.07559226280297782;2.6473748039833033e-120
3.4578779013267463e-105;0.08137136344958289;1.3543702103650757e-120
1.6502028076949005e-105;0.07559226280297782;6.036485424495164e-121
9.43155572613386e-106;0.08137136344958289;3.088204972691432e-121
4.501020621412142e-106;0.07559226280297782;1.3764260438422013e-121
2.5725096707734472e-106;0.08137136344958289;7.041656616757194e-122
1.2276785944072237e-106;0.07559226280297782;3.1384961959475507e-122
7.016664268743752e-107;0.08137136344958289;1.6056229540070387e-122
3.3485621549826084e-107;0.07559226280297782;7.156329550755371e-123
1.9138344947586852e-107;0.08137136344958289;3.6611059168936276e-123
9.13339090284931e-108;0.07559226280297782;1.631770422571844e-123
5.2200908195711774e-108;0.08137136344958289;8.347972667719296e-124
2.491183544558806e-108;0.07559226280297782;3.720726795902289e-124
1.4238090200170151e-108;0.08137136344958289;1.9034862482240894e-124
6.794842702664265e-109;0.07559226280297782;8.483918876238754e-125
3.8835188803254335e-109;0.08137136344958289;4.3402872067238206e-125
1.8533314197098436e-109;0.07559226280297782;1.9344844017537017e-125
1.0592515345677423e-109;0.08137136344958289;9.896626810110103e-126
5.055065292294271e-110;0.07559226280297782;4.4109685102121664e-126
2.8891679120408675e-110;0.08137136344958289;2.2566069375975862e-126
1.378797382788599e-110;0.07559226280297782;1.0057792753689307e-126
7.880367364653326e-111;0.08137136344958289;5.14546518578577e-127
3.760747117713046e-111;0.07559226280297782;2.2933556392879196e-127
2.1494143536305097e-111;0.08137136344958289;1.1732575814164555e-127
1.025764848405972e-111;0.07559226280297782;5.229258761893327e-128
5.86264808454917e-112;0.08137136344958289;2.6752359653580606e-128
2.7978310992236447e-112;0.07559226280297782;1.1923640071510553e-128
1.5990701143878393e-112;0.08137136344958289;6.100013827913973e-129
7.631241089951001e-113;0.07559226280297782;2.7188020143691697e-129
4.361553335372965e-113;0.08137136344958289;1.3909116497602618e-129
2.0814637663122694e-113;0.07559226280297782;6.1993521684703274e-130
1.1896381106831936e-113;0.08137136344958289;3.17152595390165e-130
5.6773090502618026e-114;0.07559226280297782;1.413562558273846e-130
3.2448046041579756e-114;0.08137136344958289;7.231643273679879e-131
1.5485178543025883e-114;0.07559226280297782;3.2231740540830456e-131
8.850386369278517e-115;0.08137136344958289;1.6489432909550542e-131
4.22366921346886e-115;0.07559226280297782;7.349410128406595e-132
2.413992472309052e-115;0.08137136344958289;3.759883990242903e-132
1.152029443847714e-115;0.07559226280297782;1.6757962284755285e-132
6.58429972796748e-116;0.08137136344958289;8.57320424397193e-133
3.1422248580922375e-116;0.07559226280297782;3.8211134639476956e-133
1.7959046436563382e-116;0.08137136344958289;1.954843053657884e-133
8.570594364181859e-117;0.07559226280297782;8.712818334508847e-134
4.898430542896943e-117;0.08137136344958289;4.457389857615291e-134
2.337677635200908e-117;0.07559226280297782;1.986677549525725e-134
1.3360743772416705e-117;0.08137136344958289;1.0163641682432884e-134
6.376146733716272e-118;0.07559226280297782;4.529978170389601e-135
3.644217726247495e-118;0.08137136344958289;2.3174910777078103e-135
1.7391297481607884e-118;0.07559226280297782;1.0329155946371458e-135
9.939808039514772e-119;0.08137136344958289;5.284291854304818e-136
4.7435738342473345e-119;0.07559226280297782;2.3552312737808374e-136
2.7111383370646774e-119;0.08137136344958289;1.2049125310588566e-136
1.2938363422713172e-119;0.07559226280297782;5.370346213955609e-137
7.394781723632406e-120;0.08137136344958289;2.7474148808036384e-137
3.5290111192032065e-120;0.07559226280297782;1.2245344556524044e-137
2.0169681492303478e-120;0.08137136344958289;6.264594593126198e-138
9.625575563596493e-121;0.07559226280297782;2.792156358901602e-138
5.501393640881335e-121;0.08137136344958289;1.428438991520144e-138
2.6254296685646365e-121;0.07559226280297782;6.366613121066525e-139
1.5005359407127278e-121;0.08137136344958289;3.25709496785945e-139
7.161006527908834e-122;0.07559226280297782;1.4517010304280332e-139
4.092795855651432e-122;0.08137136344958289;7.426755845110064e-140
1.9532046547180403e-122;0.07559226280297782;3.310136554037669e-140
1.1163330021992763e-122;0.08137136344958289;1.6934324275820957e-140
5.327475136831483e-123;0.07559226280297782;7.547700095759881e-141
3.044860813369094e-123;0.08137136344958289;3.861327134747206e-141
1.4530986942407589e-123;0.07559226280297782;1.7210098678873197e-141
8.305028476740967e-124;0.08137136344958289;8.804512656476958e-142
3.963408107916595e-124;0.07559226280297782;3.924208603663842e-142
2.265243051394529e-124;0.08137136344958289;2.0075854858419814e-142
1.0810417690249695e-124;0.07559226280297782;8.947893589926565e-143
6.178577347762213e-125;0.08137136344958289;4.577651983949908e-143
2.9486019974636146e-125;0.07559226280297782;2.040278888892306e-143
1.6852415911298888e-125;0.08137136344958289;1.0437860720721457e-143
8.04247716282792e-126;0.07559226280297782;4.652198757868551e-144
4.596590866508489e-126;0.08137136344958289;2.3800178957940678e-144
2.1936307094089862e-126;0.07559226280297782;1.0607840624407906e-144
1.2537459142521686e-126;0.08137136344958289;5.426864120781725e-145
5.983250672445996e-127;0.07559226280297782;2.4187763371570545e-145
3.4196622304520804e-127;0.08137136344958289;1.2374215436561689e-145
1.6319651459917144e-127;0.07559226280297782;5.515240260802316e-146
9.327320342539862e-128;0.08137136344958289;2.8215412116930745e-146
4.451276377232217e-128;0.07559226280297782;1.2575728754700388e-146
2.544078885851153e-128;0.08137136344958289;6.433615811924569e-147
1.21411057308243e-128;0.07559226280297782;2.8674898324155997e-147
6.939117709847202e-129;0.08137136344958289;1.4669788356771423e-147
3.311554616581937e-129;0.07559226280297782;6.538386839755545e-148
1.892683236314245e-129;0.08137136344958289;3.344972667369923e-148
9.032450768271671e-130;0.07559226280297782;1.4908684935170329e-148
5.162399577026131e-130;0.08137136344958289;7.627132630231311e-149
2.463651557269517e-130;0.07559226280297782;3.3994453363436147e-149
1.4080734103598696e-130;0.08137136344958289;1.7391218985618613e-149
6.719747664672745e-131;0.07559226280297782;7.751340004192221e-150
3.8405991232949436e-131;0.08137136344958289;3.9655072550714095e-150
1.832848827328509e-131;0.07559226280297782;1.7674433890210788e-150
1.0475449303516148e-131;0.08137136344958289;9.042061860659524e-151
4.999197873902737e-132;0.07559226280297782;4.030085290678531e-151
2.85723749310218e-132;0.08137136344958289;2.0617509295294752e-151
1.3635592313884944e-132;0.07559226280297782;9.18931126792079e-152
7.793275357887126e-133;0.08137136344958289;4.701158829614112e-152
3.719184205951986e-133;0.07559226280297782;2.095326413414901e-152
2.125659520794999e-133;0.08137136344958289;1.0719478296198725e-152
1.0144283313396987e-133;0.07559226280297782;4.777716904726775e-153
5.797855446970167e-134;0.08137136344958289;2.444231711952334e-153
2.7669101137227413e-134;0.07559226280297782;1.0894044324344645e-153
1.5813975594449607e-134;0.08137136344958289;5.5732830429182355e-154
7.546902369446468e-135;0.07559226280297782;2.4840358712625107e-154
4.313350451545593e-135;0.08137136344958289;1.2708076621618488e-154
2.0584599077317194e-135;0.07559226280297782;5.664043605853499e-155
1.1764905040310356e-135;0.08137136344958289;2.897667500058732e-155
5.614564737041448e-136;0.07559226280297782;1.2915026848104479e-155
3.2089437703334143e-136;0.08137136344958289;6.607197289488216e-156
1.5314039913056144e-136;0.07559226280297782;2.944855832587209e-156
8.752573935683855e-137;0.08137136344958289;1.5065584999429926e-156
4.1769901932283095e-137;0.07559226280297782;6.714795080736276e-157
2.3873135829878636e-137;0.08137136344958289;3.4352213416746416e-157
1.1392974795273103e-137;0.07559226280297782;1.5310927101197895e-157
6.51153156248437e-138;0.08137136344958289;7.832915659593367e-158
3.107497712016614e-138;0.07559226280297782;3.4911637046188326e-158
1.776056718789492e-138;0.08137136344958289;1.7860440893858974e-158
8.4758741274447e-139;0.07559226280297782;7.960474197211953e-159
4.8442942157125916e-139;0.08137136344958289;4.0724981958964474e-159
2.3118421598986637e-139;0.07559226280297782;1.8151297047640434e-159
1.3213083906678955e-139;0.08137136344958289;9.286020235526424e-160
6.3056790272276355e-140;0.07559226280297782;4.138818572228683e-160
3.603942670506381e-140;0.08137136344958289;2.1173777781287675e-160
1.7199092863745147e-140;0.07559226280297782;9.43724248953981e-161
9.829955568307019e-141;0.08137136344958289;4.827997938407845e-161
4.691148947772971e-141;0.07559226280297782;2.151859141736125e-161
2.681175460022314e-141;0.08137136344958289;1.1008694024299361e-161
1.2795371607406593e-141;0.07559226280297782;4.906621580409485e-162
7.313056297632855e-142;0.08137136344958289;2.510178042052155e-162
3.490009300373e-142;0.07559226280297782;1.1187969912341165e-162
1.994677081368726e-142;0.08137136344958289;5.72365240499252e-163
9.519195917404665e-143;0.07559226280297782;2.551056133189815e-163
5.4405935042856455e-143;0.08137136344958289;1.3050945512372555e-163
2.5964140240041524e-143;0.07559226280297782;5.816861723507745e-164
1.483952362783651e-143;0.08137136344958289;2.9758477055375952e-164
7.081864731578516e-144;0.07559226280297782;1.3263479337125175e-164
4.047563217646271e-144;0.08137136344958289;6.785462063386918e-165
1.93161828632518e-144;0.07559226280297782;3.024309197782708e-165
1.1039955467378778e-144;0.08137136344958289;1.5472060390719938e-165
5.2685971075222284e-145;0.07559226280297782;6.895962885237591e-166
3.0112097123113575e-145;0.08137136344958289;3.527904960603344e-166
1.4370393818439242e-145;0.07559226280297782;1.5724021918605092e-166
8.213243213082562e-146;0.08137136344958289;8.044250795785913e-167
3.9196054335260385e-146;0.07559226280297782;3.585356670437692e-167
2.2402081064446195e-146;0.08137136344958289;1.834232259319013e-167
1.0690943441517632e-146;0.07559226280297782;8.175250912771842e-168
6.110293132664522e-147;0.08137136344958289;4.182375794261701e-168
2.9160147266891816e-147;0.07559226280297782;1.8641026160060591e-168
1.6666166888549393e-147;0.08137136344958289;9.536560703016102e-169
7.953593555875305e-148;0.07559226280297782;4.2504855203550765e-169
4.545790401971383e-148;0.08137136344958289;2.1745054609174692e-169
2.1693872075840182e-148;0.07559226280297782;9.691862992744942e-170
1.2398898029067867e-148;0.08137136344958289;4.958259216097091e-170
5.91712516281736e-149;0.07559226280297782;2.2099171452369027e-170
3.3818689103781273e-149;0.08137136344958289;1.1305712906160795e-170
1.6139290427290119e-149;0.07559226280297782;5.039004154792377e-171
9.224236944419794e-150;0.08137136344958289;2.577903629999079e-171
4.402081894992336e-150;0.07559226280297782;1.1489825727965441e-171
2.5159623114216224e-150;0.08137136344958289;5.878078791423284e-172
1.200692502407183e-150;0.07559226280297782;2.6198846280660754e-172
6.862428177675355e-151;0.08137136344958289;1.3403065140256044e-172
3.2749560769798826e-151;0.07559226280297782;5.973802933904302e-173
1.8717657367110242e-151;0.08137136344958289;3.0561372436188346e-173
8.932626200834095e-152;0.07559226280297782;1.3621333210946169e-173
5.105345924818382e-152;0.08137136344958289;6.968536490792359e-174
2.4364238471683745e-152;0.07559226280297782;3.10590624592901e-174
1.3925117070397372e-152;0.08137136344958289;1.588950264746726e-174
6.645482559761031e-153;0.07559226280297782;7.082018668149725e-175
3.7981537055428943e-153;0.08137136344958289;3.623089219916832e-175
1.8125926038449246e-153;0.07559226280297782;1.6148262196182068e-175
1.0359677048314798e-153;0.08137136344958289;8.261287836828512e-176
4.943947889363629e-154;0.07559226280297782;3.682090999412341e-176
2.8256599618060962e-154;0.08137136344958289;1.8837205649740342e-176
1.348489488531215e-154;0.07559226280297782;8.395822388342728e-177
7.707145871938992e-155;0.08137136344958289;4.295217933319608e-177
3.678080637927678e-155;0.07559226280297782;1.9143968355982268e-177
2.1021672209057686e-155;0.08137136344958289;9.793860850568695e-178
1.0032171028513972e-155;0.07559226280297782;4.3651652865323715e-178
5.733778882712264e-156;0.08137136344958289;2.2331744709905697e-178
2.73633085983837e-156;0.07559226280297782;9.953353256976576e-179
1.5639203175126863e-156;0.08137136344958289;5.092034994140672e-179
7.463495741073791e-157;0.07559226280297782;2.269541576439718e-179
4.2656802948983254e-157;0.08137136344958289;1.161074547393153e-179
2.0357102825027877e-157;0.07559226280297782;5.174958462946279e-180
1.1634882017022076e-157;0.08137136344958289;2.647456480867561e-180
5.5525138595327435e-158;0.07559226280297782;1.179982573186874e-180
3.1734792621923504e-158;0.08137136344958289;6.036671662318618e-181
1.5144792667844142e-158;0.07559226280297782;2.690570142725354e-181
8.655842502597682e-159;0.08137136344958289;1.3764685093784364e-181
4.130827058778166e-159;0.07559226280297782;6.134978479702229e-182
2.3609295426123785e-159;0.08137136344958289;3.1385930249232435e-182
1.1267062259468244e-159;0.07559226280297782;1.3988842122616059e-182
6.439567614021515e-160;0.08137136344958289;7.156550338042287e-183
3.073154362368361e-160;0.07559226280297782;3.1897048144327857e-183
1.756428148621077e-160;0.08137136344958289;1.6318207660002614e-183
8.382200716967923e-161;0.07559226280297782;7.273094309047065e-184
4.790756190758996e-161;0.08137136344958289;3.7208415878733453e-184
2.2862922123244697e-161;0.07559226280297782;1.658394864281497e-184
1.3067055943799386e-161;0.08137136344958289;8.484180622350043e-185
6.235990113615788e-162;0.07559226280297782;3.7814352585173355e-185
3.564112725413638e-162;0.08137136344958289;1.9345440845225847e-185
1.7009012447090877e-162;0.07559226280297782;8.622344968822165e-186
9.721317161332935e-163;0.08137136344958289;4.411104597540615e-186
4.6393034490804414e-163;0.07559226280297782;1.9660480129579913e-186
2.651543725802281e-163;0.08137136344958289;1.005810305700314e-186
1.2653960104738989e-163;0.07559226280297782;4.4829391577730826e-187
7.232234082235658e-164;0.08137136344958289;2.2934263939626373e-187
3.4514385206698155e-164;0.07559226280297782;1.0221898631081241e-187
1.9726323692597208e-164;0.08137136344958289;5.229420095136361e-188
9.413991954583588e-165;0.07559226280297782;2.330774698178256e-188
5.380465316808914e-165;0.08137136344958289;1.192400793999998e-188
2.567719053670571e-165;0.07559226280297782;5.314580871648993e-189
1.4675520627418041e-165;0.08137136344958289;2.7188858949277994e-189
7.003597592169949e-166;0.07559226280297782;1.2118189657444605e-189
4.0028304803478706e-166;0.08137136344958289;6.199543431063289e-190
1.9102704855085665e-166;0.07559226280297782;2.7631627802896426e-190
1.0917944419952716e-166;0.08137136344958289;1.4136061695469061e-190
5.2103697846445076e-167;0.07559226280297782;6.300502604931184e-191
2.977930515479062e-167;0.08137136344958289;3.2232734955424803e-191
1.4211575532723012e-167;0.07559226280297782;1.436626656884232e-191
8.122472339037428e-168;0.08137136344958289;7.349636872621098e-192
3.8762868562134267e-168;0.07559226280297782;3.2757643011766008e-192
2.2154498419455145e-168;0.08137136344958289;1.6758479301893868e-192
1.0572789594690367e-168;0.07559226280297782;7.469325245666584e-193
6.042763578999237e-169;0.08137136344958289;3.8212313530511475e-193
2.883787602932707e-169;0.07559226280297782;1.7031390080633463e-193
1.648197624714165e-169;0.08137136344958289;8.713087142632895e-194
7.865692270093762e-170;0.07559226280297782;3.8834598646910676e-194
4.495551372478665e-170;0.08137136344958289;1.9867388425591226e-194
2.145411639362552e-170;0.07559226280297782;8.854979217354314e-195
1.2261868261155701e-170;0.08137136344958289;4.53011792940754e-195
5.851730457105025e-171;0.07559226280297782;2.0190927593380563e-195
3.3444932733810266e-171;0.08137136344958289;1.032947462179039e-195
1.5960922703292902e-171;0.07559226280297782;4.603890614245184e-196
9.122292800295244e-172;0.08137136344958289;2.3553039374444275e-196
4.353431098850047e-172;0.07559226280297782;1.0497689464689944e-196
2.4881564749027976e-172;0.08137136344958289;5.370511900032808e-197
1.1874227251614159e-172;0.07559226280297782;2.3936599135540033e-197
6.78658620056608e-173;0.08137136344958289;1.2245722350249559e-197
3.238762016015837e-173;0.07559226280297782;5.45797034769175e-198
1.8510794125001034e-173;0.08137136344958289;2.7922425025905932e-198
8.833904871545242e-174;0.07559226280297782;1.2445143166579684e-198
5.048922816446238e-174;0.08137136344958289;6.366809543999242e-199
2.40949705145391e-174;0.07559226280297782;2.8377139956827843e-199
1.3771219880838054e-174;0.08137136344958289;1.45174581835034e-199
6.572038215699684e-175;0.07559226280297782;6.470492635969473e-200
3.756177384780755e-175;0.08137136344958289;3.310238678466667e-200
1.792560247482137e-175;0.07559226280297782;1.4753874074635687e-200
1.0245184281437655e-175;0.08137136344958289;7.547932957622201e-201
4.889308514940108e-176;0.07559226280297782;3.364145706621192e-201
2.7944314181196192e-176;0.08137136344958289;1.721062964533693e-201
1.333586293004305e-176;0.07559226280297782;7.670850569908526e-202
7.621968269250357e-177;0.08137136344958289;3.924329673461532e-202
3.637431337078861e-177;0.07559226280297782;1.7490903663909543e-202
2.0789345525091135e-177;0.08137136344958289;8.948169650599201e-203
9.9212977828054e-178;0.07559226280297782;3.9882371347485516e-203
5.670410477897929e-178;0.08137136344958289;2.0403418356357826e-203
2.706089560831352e-178;0.07559226280297782;9.093890029139928e-204
1.5466362300365665e-178;0.08137136344958289;4.652342287639591e-204
7.381010903565241e-179;0.07559226280297782;2.073568673777076e-204
4.218536977852959e-179;0.08137136344958289;1.0608167897814615e-204
2.0132120808969877e-179;0.07559226280297782;4.728105388444289e-205
1.150629597826767e-179;0.08137136344958289;2.418850961314781e-205
5.491148754043765e-180;0.07559226280297782;1.0780921243141442e-205
3.138406699634554e-180;0.08137136344958289;5.515410417154851e-206
1.4977415904240877e-180;0.07559226280297782;2.4582417967011834e-206
8.560180123051167e-181;0.08137136344958289;1.2576116741448765e-206
4.085174108667384e-181;0.07559226280297782;5.6052285280286635e-207
2.3348370925799097e-181;0.08137136344958289;2.8675783002951005e-207
1.1142541280035456e-181;0.07559226280297782;1.278091800960684e-207
6.36839899455749e-182;0.08137136344958289;6.538588562256018e-208
3.039190567517697e-182;0.07559226280297782;2.914276632102676e-208
1.737016508893442e-182;0.08137136344958289;1.490914489835048e-208
8.289562563468596e-183;0.07559226280297782;6.645069064707176e-209
4.737809855737567e-183;0.08137136344958289;3.399550216129762e-209
2.261024636891576e-183;0.07559226280297782;1.515193938293656e-209
1.2922641848363139e-183;0.08137136344958289;7.751579148758909e-210
6.1670713858411e-184;0.07559226280297782;3.454911677043663e-210
3.5247229717088085e-184;0.08137136344958289;1.7674979182357944e-210
1.682103275546215e-184;0.07559226280297782;7.877813126427174e-211
9.613879401033974e-185;0.08137136344958289;4.030209626986848e-211
4.588030934909321e-185;0.07559226280297782;1.7962815103861749e-211
2.6222394746902974e-185;0.08137136344958289;9.189594776818634e-212
1.2514111449458713e-185;0.07559226280297782;4.095841336640859e-212
7.152305095365062e-186;0.08137136344958289;2.095391058486196e-212
3.4132940163484055e-186;0.07559226280297782;9.339246748316969e-213
1.9508312902362506e-186;0.08137136344958289;4.777864306987334e-213
9.309950681751165e-187;0.07559226280297782;2.1295143697505276e-213
5.321001652224094e-187;0.08137136344958289;1.0894380427716217e-213
2.53934121354613e-187;0.07559226280297782;4.855671525962423e-214
1.4513330150421563e-187;0.08137136344958289;2.484112508809278e-214
6.926195443176124e-188;0.07559226280297782;1.1071794726045605e-214
3.9585921189686625e-188;0.08137136344958289;5.664218353091156e-215
1.8891586156742444e-188;0.07559226280297782;2.5245661243816186e-215
1.0797281810546872e-188;0.08137136344958289;1.2915425302887493e-215
5.152785976740559e-189;0.07559226280297782;5.756459791818748e-216
2.9450191126722925e-189;0.08137136344958289;2.944946687364793e-216
1.4054512470154859e-189;0.07559226280297782;1.312575218957378e-216
8.032704643805005e-190;0.08137136344958289;6.715002245788925e-217
3.8334470258492584e-190;0.07559226280297782;2.9929049584773976e-217
2.1909652000885424e-190;0.08137136344958289;1.5311399474365013e-217
1.0455941556989894e-190;0.07559226280297782;6.824355633952797e-218
5.975980346421863e-191;0.08137136344958289;3.4912714141027365e-218
2.8519166459322184e-191;0.07559226280297782;1.5560744649357688e-218
1.6299821238318682e-191;0.08137136344958289;7.960719793992836e-219
7.77876244909574e-192;0.07559226280297782;3.5481265489422276e-219
4.44586757317942e-192;0.08137136344958289;1.815185705198359e-219
2.1217010436040647e-192;0.07559226280297782;8.090359613881541e-220
1.2126352914706625e-192;0.08137136344958289;4.138946263179349e-220
5.78705847863228e-193;0.07559226280297782;1.8447458899525092e-220
3.3075307033235215e-193;0.08137136344958289;9.437533647618896e-221
1.5784526258337121e-193;0.07559226280297782;4.206348742097462e-221
9.021475319393232e-194;0.08137136344958289;2.1519255309567956e-221
4.305317980111713e-194;0.07559226280297782;9.59122328799465e-222
2.4606579420907868e-194;0.08137136344958289;4.906772959640836e-222
1.174299602440261e-194;0.07559226280297782;2.1869695025405798e-222
6.711582411535852e-195;0.08137136344958289;1.1188315083913474e-222
3.202967963484959e-195;0.07559226280297782;4.986679447896153e-223
1.8306217087842373e-195;0.08137136344958289;2.5511348384476487e-223
8.736274587670958e-196;0.07559226280297782;1.1370516089585249e-223
4.9931232832843245e-196;0.08137136344958289;5.81704118549441e-224
2.3828678444895693e-196;0.07559226280297782;2.5926799084321133e-224
1.3619023527604475e-196;0.08137136344958289;1.3263888542374507e-224
6.499405561628644e-197;0.07559226280297782;5.911771334411562e-225
3.714664976656511e-197;0.08137136344958289;3.0244025038578187e-225
1.7727492841122312e-197;0.07559226280297782;1.3479890130943761e-225
1.0131956862274135e-197;0.08137136344958289;6.896175639684595e-226
4.8352730023096605e-198;0.07559226280297782;3.073654707932004e-226
2.7635480051119707e-198;0.08137136344958289;1.5724507036585533e-226
1.3188478041649873e-198;0.07559226280297782;7.008479425144328e-227
7.537732029826434e-199;0.08137136344958289;3.585467285965711e-227
3.5972312829492193e-199;0.07559226280297782;1.5980579642180809e-227
2.055958646217516e-199;0.08137136344958289;8.175503135850182e-228
9.811649882695378e-200;0.07559226280297782;3.6438563946390516e-228
5.607742406111902e-200;0.08137136344958289;1.86416012735405e-228
2.676182481702148e-200;0.07559226280297782;8.308640688918051e-229
1.5295431623179993e-200;0.08137136344958289;4.2506166564576686e-229
7.29943766950027e-201;0.07559226280297782;1.8945178574849663e-229
4.171914677899456e-201;0.08137136344958289;9.692162006383173e-230
1.9909625242382752e-201;0.07559226280297782;4.319837680689032e-230
1.1379131042824638e-201;0.08137136344958289;2.209985325664784e-230
5.430461841579944e-202;0.07559226280297782;9.849998253526034e-231
3.103721750967605e-202;0.08137136344958289;5.039159618294769e-231
1.4811888950113913e-202;0.07559226280297782;2.2459747973444754e-231
8.465574982110568e-203;0.08137136344958289;1.1490180212402154e-231
4.0400257044560403e-203;0.07559226280297782;5.121222014938737e-232
2.3090330103010705e-203;0.08137136344958289;2.6199654568226278e-232
1.1019396477813874e-203;0.07559226280297782;1.1677297072657506e-232
6.298016914299169e-204;0.08137136344958289;5.9739872378457455e-233
3.005602132712322e-204;0.07559226280297782;2.6626314290872754e-233
1.7178194021412717e-204;0.08137136344958289;1.3621753456713567e-233
8.197948225524806e-205;0.07559226280297782;6.071273243329334e-234
4.685448671427341e-205;0.08137136344958289;3.106002069438624e-234
2.236036312888053e-205;0.07559226280297782;1.3843582852847988e-234
1.277982378427856e-205;0.08137136344958289;7.082237162795155e-235
6.098914331986931e-206;0.07559226280297782;3.1565831172930955e-235
3.485768544497967e-206;0.08137136344958289;1.6148760402835856e-235
1.6635130572129392e-206;0.07559226280297782;7.197570948426782e-236
9.507629018139404e-207;0.08137136344958289;3.6822045993906906e-236
4.537325072766524e-207;0.07559226280297782;1.6411741947749586e-236
2.5932590874184138e-207;0.08137136344958289;8.396081416498649e-237
1.2375808369336083e-207;0.07559226280297782;3.742169069113462e-237
7.073259465264914e-208;0.08137136344958289;1.91445589862494e-237
3.375571076311336e-208;0.07559226280297782;8.532811072958494e-238
1.9292711517215026e-208;0.08137136344958289;4.3652999607384454e-238
9.207059249125195e-209;0.07559226280297782;1.9456326922196494e-238
5.262195166377104e-209;0.08137136344958289;9.953660338120042e-239
2.5112769987807294e-209;0.07559226280297782;4.436388595348763e-239
1.4352932165255243e-209;0.08137136344958289;2.2696115964022822e-239
6.849648724921982e-210;0.07559226280297782;1.0115755069106673e-239
3.9148426697797467e-210;0.08137136344958289;5.175118120914922e-240
1.8682800693672858e-210;0.07559226280297782;2.306572078141251e-240
1.0677952736534551e-210;0.08137136344958289;1.1800189780434573e-240
5.095838571830981e-211;0.07559226280297782;5.259394593201321e-241
2.912471439116115e-211;0.08137136344958289;2.690653152273462e-241
1.38991852324125e-211;0.07559226280297782;1.199235512695796e-241
7.943929040483867e-212;0.08137136344958289;6.135167756236291e-242
3.791080651432407e-212;0.07559226280297782;2.73447026920137e-242
2.16675115685922e-212;0.08137136344958289;1.39892737067791e-242
1.0340384896914239e-212;0.07559226280297782;6.235078576298769e-243
5.909935186763464e-213;0.08137136344958289;3.1898032232982647e-243
2.8203979194146824e-213;0.07559226280297782;1.4217088147012148e-243
1.6119679364737592e-213;0.08137136344958289;7.273318698763714e-244
7.692793356476001e-214;0.07559226280297782;3.241748967659327e-244
4.3967328677973056e-214;0.08137136344958289;1.6584460291279643e-244
2.098252491893865e-214;0.07559226280297782;7.391764235160105e-245
1.1992335252683116e-214;0.08137136344958289;3.781551923467645e-245
5.723101239983951e-215;0.07559226280297782;1.6854537181403984e-245
3.270976635084855e-215;0.08137136344958289;8.622610985659311e-246
1.561007930630052e-215;0.07559226280297782;3.843134258098751e-246
8.921772050091096e-216;0.08137136344958289;1.9661086695283304e-246
4.257736596490378e-216;0.07559226280297782;8.763029661869314e-247
2.43346331673573e-216;0.08137136344958289;4.483077465542053e-247
1.1613215134516655e-216;0.07559226280297782;1.998126625240278e-247
6.637407547122881e-217;0.08137136344958289;1.022221399739437e-247
3.167569498586096e-217;0.07559226280297782;4.556084099391738e-248
1.8103900989023254e-217;0.08137136344958289;2.330846607306865e-248
8.639723291228401e-218;0.07559226280297782;1.0388682107788867e-248
4.93794043372291e-218;0.08137136344958289;5.314744837252228e-249
2.35653293739296e-218;0.07559226280297782;2.368804297337288e-249
1.346850921344503e-218;0.08137136344958289;1.2118563528183506e-249
6.427575626936938e-219;0.07559226280297782;5.401295121810138e-250
3.67361135411446e-219;0.08137136344958289;2.7632480294679072e-250
1.753157266950794e-219;0.07559226280297782;1.2315913571114186e-250
1.0019980806492507e-219;0.08137136344958289;6.30069698822034e-251
4.781834677730718e-220;0.07559226280297782;2.8082473493935197e-251
2.7330059084783125e-220;0.08137136344958289;1.4366709797315342e-251
1.3042722017128547e-220;0.07559226280297782;6.403303441388371e-252
7.454426749937048e-221;0.08137136344958289;3.27586536515186e-252
3.5574755105674017e-221;0.07559226280297782;1.4600670760483869e-252
2.0332366643552783e-221;0.08137136344958289;7.469555689505776e-253
9.703213785946364e-222;0.07559226280297782;3.329212626066427e-253
5.545766927434747e-222;0.08137136344958289;1.7031915533574344e-253
2.646605928729569e-222;0.07559226280297782;7.591196932922859e-254
1.512639003250579e-222;0.08137136344958289;3.883579677307481e-254
7.218765964047411e-223;0.07559226280297782;1.7309279204105553e-254
4.125807636876799e-223;0.08137136344958289;8.855252411430032e-255
1.968958864559923e-223;0.07559226280297782;3.946823527476598e-255
1.1253371504986295e-223;0.08137136344958289;2.019155052446448e-255
5.370445626908035e-224;0.07559226280297782;8.999459638589713e-256
3.0694201323719867e-224;0.08137136344958289;4.604032653611989e-256
1.464819136179465e-224;0.07559226280297782;2.0520368651594188e-256
8.372015395418105e-225;0.08137136344958289;1.0498013339709884e-256
3.995376270018976e-225;0.07559226280297782;4.679009035072664e-257
2.283514108801818e-225;0.08137136344958289;2.393733762819111e-257
1.0897612643609653e-225;0.07559226280297782;1.06689728250037e-257
6.228412680596304e-226;0.08137136344958289;5.458138737151277e-258
2.972384909559398e-226;0.07559226280297782;2.4327155662117562e-258
1.6988344573954884e-226;0.08137136344958289;1.2445527124497743e-258
8.1073463881626395e-227;0.07559226280297782;5.547024182327449e-259
4.633666170877298e-227;0.08137136344958289;2.8378015449173163e-259
2.21132415409137e-227;0.07559226280297782;1.2648201748977987e-259
1.263858411257446e-227;0.08137136344958289;6.470692263796005e-260
6.031510534208357e-228;0.07559226280297782;2.884014964141111e-260
3.447244632652877e-228;0.08137136344958289;1.4754329261586723e-260
1.6451282936948936e-228;0.07559226280297782;6.576067079307887e-261
9.402552890027337e-229;0.08137136344958289;3.3642494973421435e-261
4.487179600144224e-229;0.07559226280297782;1.4994602583289865e-261
2.5645989847179956e-229;0.08137136344958289;7.671087231212885e-262
1.2239033783030116e-229;0.07559226280297782;3.419036088276442e-262
6.9950874292794975e-230;0.08137136344958289;1.7491443293776836e-262
3.3382650415271486e-230;0.07559226280297782;7.796010403079252e-263
1.9079492908964344e-230;0.08137136344958289;3.98836017995635e-263
9.105304948936289e-231;0.07559226280297782;1.7776290344907796e-263
5.204038596279777e-231;0.08137136344958289;9.094170594098955e-264
2.4835229432590737e-231;0.07559226280297782;4.053310374004259e-264
1.4194306861711873e-231;0.08137136344958289;2.0736326475779634e-264
6.773947983383869e-232;0.07559226280297782;9.242268588798592e-265
3.871576729436102e-232;0.08137136344958289;4.7282512600889164e-265
1.8476322679497615e-232;0.07559226280297782;2.107401624492612e-265
1.0559942459989493e-232;0.08137136344958289;1.0781253856436442e-265
5.0395205365363295e-233;0.07559226280297782;4.805250533723576e-266
2.880283474958556e-233;0.08137136344958289;2.4583176384484245e-266
1.374557463555942e-233;0.07559226280297782;1.0956825895685653e-266
7.856134564702531e-234;0.08137136344958289;5.605401460701845e-267
3.74918250043672e-234;0.07559226280297782;2.498351186183409e-267
2.1428047216637899e-234;0.08137136344958289;1.2781312326860098e-267
1.0226105342455071e-234;0.07559226280297782;5.696685070045524e-268
5.844619943012009e-235;0.08137136344958289;2.914366543449888e-268
2.789227530609867e-235;0.07559226280297782;1.298945519218815e-268
1.5941528377691022e-235;0.08137136344958289;6.645274078570756e-269
7.607774374485614e-236;0.07559226280297782;2.961826818847043e-269
4.348141187872726e-236;0.08137136344958289;1.515240685101001e-269
2.0750630881814336e-236;0.07559226280297782;6.753491947928135e-270
1.185979872302158e-236;0.08137136344958289;3.4550182680789612e-270
5.659850842020017e-237;0.07559226280297782;1.5399162841156473e-270
3.234826553996926e-237;0.08137136344958289;7.878056172946303e-271
1.5437560301835913e-237;0.07559226280297782;3.511283022721367e-271
8.823170678378633e-238;0.08137136344958289;1.7963369293154508e-271
4.210681071371907e-238;0.07559226280297782;8.006349820978562e-272
2.4065692401223653e-238;0.08137136344958289;4.095967701656616e-272
1.1484868553161936e-238;0.07559226280297782;1.8255901629428427e-272
6.564052446243072e-239;0.08137136344958289;9.33953488302862e-273
3.1325622493757815e-239;0.07559226280297782;4.162670277410307e-273
1.7903820841173454e-239;0.08137136344958289;2.1295800695896454e-273
8.544239057496759e-240;0.07559226280297782;9.49162861970225e-274
4.883367452316755e-240;0.08137136344958289;4.855821333281219e-274
2.330489077629677e-240;0.07559226280297782;2.1642601467440417e-274
1.331965834885091e-240;0.08137136344958289;1.1072136313377728e-274
6.356539540154695e-241;0.07559226280297782;4.9348980775139875e-275
3.6330114467619166e-241;0.08137136344958289;2.5246440123689346e-275
1.733781776254721e-241;0.07559226280297782;1.1252445355096879e-275
9.909242284312638e-242;0.08137136344958289;5.756637390283245e-276
4.728986941218364e-242;0.07559226280297782;2.565757680921067e-276
2.7028013560686257e-242;0.08137136344958289;1.3126157145661148e-276
1.2898576854650408e-242;0.07559226280297782;5.850383867204099e-277
7.372042140831687e-243;0.08137136344958289;2.992997295668011e-277
3.518159109833774e-243;0.07559226280297782;1.3339915787119488e-277
2.0107658006080392e-243;0.08137136344958289;6.824566179170809e-278
9.595976099986447e-244;0.07559226280297782;3.041738067907046e-278
5.484476387486777e-244;0.08137136344958289;1.5561224729903074e-278
2.617356249014607e-244;0.07559226280297782;6.935703809081342e-279
1.4959216650593644e-244;0.08137136344958289;3.5482360158454576e-279
7.138985823719894e-245;0.07559226280297782;1.5814638293429656e-279
4.080210160261858e-245;0.08137136344958289;8.090609217891079e-280
1.947198384265086e-245;0.07559226280297782;3.606018815632472e-280
1.112900183262166e-245;0.08137136344958289;1.844802804106229e-280
5.311092697630381e-246;0.07559226280297782;8.222364278857895e-281
3.0354976073719564e-246;0.08137136344958289;4.206478516490895e-281
1.4486302921553113e-246;0.07559226280297782;1.8748453014486143e-281
8.279489807748804e-247;0.08137136344958289;9.591519196693805e-282
3.95122029085704e-247;0.07559226280297782;4.274980753896e-282
2.258277236329789e-247;0.08137136344958289;2.187036974987122e-282
1.077717473631744e-247;0.07559226280297782;9.747716482026816e-283
6.1595776968677146e-248;0.08137136344958289;4.98683329707516e-283
2.9395347955131608e-248;0.07559226280297782;2.222652734223017e-283
1.6800593298904223e-248;0.08137136344958289;1.1370866893077538e-283
8.017745861458651e-249;0.07559226280297782;5.0680435628774623e-284
4.582455958607692e-249;0.08137136344958289;2.5927598978678743e-284
2.1868851083871979e-249;0.07559226280297782;1.1556040743450876e-284
1.2498905389221444e-249;0.08137136344958289;5.911953724552283e-285
5.964851667692577e-250;0.07559226280297782;2.6349828293203625e-285
3.409146478216774e-250;0.08137136344958289;1.348030601290518e-285
1.6269467143527412e-250;0.07559226280297782;6.008229518183367e-286
9.298638039104148e-251;0.08137136344958289;3.073749536416221e-286
4.437588323746401e-251;0.07559226280297782;1.3699831946336026e-286
2.5362556268776622e-251;0.08137136344958289;7.008695650954886e-287
1.2103770797978847e-251;0.07559226280297782;3.123805353804075e-287
6.9177793326476635e-252;0.08137136344958289;1.5981072675487555e-287
3.3013713044549237e-252;0.07559226280297782;7.122831817703298e-288
1.8868630743708325e-252;0.08137136344958289;3.643968815002255e-288
9.004675213858453e-253;0.07559226280297782;1.624132343633481e-288
5.1465247592127635e-253;0.08137136344958289;8.308897027341645e-289
2.4560756191725708e-253;0.07559226280297782;3.7033106173871876e-289
1.4037434648522088e-253;0.08137136344958289;1.8945763072048697e-289
6.6990838690217566e-254;0.07559226280297782;8.444206891521415e-290
3.828788954309232e-254;0.08137136344958289;4.319970956446483e-290
1.8272126612822466e-254;0.07559226280297782;1.925429362906788e-290
1.0443236405865507e-254;0.08137136344958289;9.850302145957907e-291
4.983824915208432e-255;0.07559226280297782;4.390321411080088e-291
2.8484512447741044e-255;0.08137136344958289;2.2460440902240825e-291
1.3593661707675467e-255;0.07559226280297782;1.0010713695302352e-291
7.769310373265174e-256;0.08137136344958289;5.121380015028916e-292
3.7077473981646643e-256;0.07559226280297782;2.282620776610969e-292
2.1191229369598357e-256;0.08137136344958289;1.1677657340965572e-292
1.0113088779334956e-256;0.07559226280297782;5.204781365649372e-293
5.780026548304819e-257;0.08137136344958289;2.662713576669372e-293
2.7584016297695132e-257;0.07559226280297782;1.186782725443836e-293
1.5765346274359016e-257;0.08137136344958289;6.07146055442758e-294
7.523695002720479e-258;0.07559226280297782;2.706075699370278e-294
4.300086532013255e-258;0.08137136344958289;1.3844009955467782e-294
2.052129968422723e-258;0.07559226280297782;6.170333906725609e-295
1.172872695658792e-258;0.08137136344958289;3.1566805042870034e-295
5.597299472899858e-259;0.07559226280297782;1.4069458784670213e-295
3.1990759952866996e-259;0.08137136344958289;7.197793008094496e-296
1.526694793771038e-259;0.07559226280297782;3.208086847257492e-296
8.72565902633719e-260;0.08137136344958289;1.6412248283288287e-296
4.1641455930891066e-260;0.07559226280297782;7.315008613380557e-297
2.3799723906551477e-260;0.08137136344958289;3.742284522622148e-297
1.1357940428690543e-260;0.07559226280297782;1.667952071172117e-297
6.491508049058489e-261;0.08137136344958289;8.533074327493264e-298
3.0979418922282302e-261;0.07559226280297782;3.803227390106457e-298
1.7705951933077327e-261;0.08137136344958289;1.9456927189359117e-298
8.449810093544473e-262;0.07559226280297782;8.672034904870692e-299
4.829397598943337e-262;0.08137136344958289;4.436525466938412e-299
2.3047330486115508e-262;0.07559226280297782;1.9773782021797705e-299
1.3172452549760263e-262;0.08137136344958289;1.0116067160675555e-299
6.286288527857474e-263;0.07559226280297782;4.508774004426134e-300
3.592860240243007e-263;0.08137136344958289;2.3066432405699214e-300
1.714620419023331e-263;0.07559226280297782;1.0280806676527055e-300
9.799727618797886e-264;0.08137136344958289;5.2595568561958885e-301
4.676723265729165e-264;0.07559226280297782;2.344206780299161e-301
2.6729306174218095e-264;0.08137136344958289;1.1992725115446242e-301
1.2756024751338774e-264;0.07559226280297782;5.345208407962124e-302
7.290568027468649e-265;0.08137136344958289;2.7345546331574473e-302
3.479277224913964e-265;0.07559226280297782;1.2188025887760123e-302
1.9885432796761716e-265;0.08137136344958289;6.2352709411239e-303
9.48992358025531e-266;0.07559226280297782;2.7790866829333866e-303
5.42386321648278e-266;0.08137136344958289;1.4217526773028117e-303
2.5884298300292148e-266;0.07559226280297782;6.33681193524036e-304
1.4793890830430182e-266;0.08137136344958289;3.2418489821925255e-304
7.0600873951450985e-267;0.07559226280297782;1.4449058300052732e-304
4.0351166164660495e-267;0.08137136344958289;7.391992286084721e-305
1.9256783957911706e-267;0.07559226280297782;3.2946422884554826e-305
1.1006006665257347e-267;0.08137136344958289;1.6855057178074075e-305
5.252395723269436e-268;0.07559226280297782;7.512370414367787e-306
3.0019499863123283e-268;0.08137136344958289;3.8432528265883765e-306
1.4326203635101033e-268;0.07559226280297782;1.7129540721437596e-306
8.187986791583399e-269;0.08137136344958289;8.763300019114657e-307
3.90755231341609e-269;0.07559226280297782;3.905839956536297e-307
2.2333192759650752e-269;0.08137136344958289;1.9981882715008857e-307
1.0658067881062712e-269;0.07559226280297782;8.90600980736346e-308
6.0915034615397025e-270;0.08137136344958289;4.556224663830545e-308
2.907047733368236e-270;0.07559226280297782;2.0307286415081977e-308
1.6614917007742027e-270;0.08137136344958289;1.038900261971062e-308
7.929135579157882e-271;0.07559226280297782;4.630422495192126e-309
4.5318117098201365e-271;0.08137136344958289;2.368877379756197e-309
2.1627161573924989e-271;0.07559226280297782;1.055818687230283e-309
1.2360770362977526e-271;0.08137136344958289;5.4014617627239e-310
5.89892949963071e-272;0.07559226280297782;2.40745439851795e-310
3.371469375816757e-272;0.08137136344958289;1.2316293542037e-310
1.6089660736417267e-272;0.07559226280297782;5.4894242269454e-311
9.195871631201582e-273;0.08137136344958289;2.808333989522e-311
4.3885451187239026e-273;0.07559226280297782;1.2516863605774e-311
2.5082255133061046e-273;0.08137136344958289;6.40350099629e-312
1.1970002708313105e-273;0.07559226280297782;2.854067531466e-312
6.841325627310483e-274;0.08137136344958289;1.46011212208e-312
3.2648853084752206e-274;0.07559226280297782;6.50778160627e-313
1.8660098978581418e-274;0.08137136344958289;3.32931533903e-313
8.905157615456843e-275;0.07559226280297782;1.48388995593e-313
5.0896465518385506e-275;0.08137136344958289;7.5914311367e-314
2.4289316365959813e-275;0.07559226280297782;3.3835330294e-314
1.3882296150934666e-275;0.08137136344958289;1.730981323e-314
6.6250471356246544e-276;0.07559226280297782;7.715057113e-315
3.786474059827186e-276;0.08137136344958289;3.946945293e-315
1.8070187274088763e-276;0.07559226280297782;1.75917024e-315
1.0327820160196517e-276;0.08137136344958289;8.9997373e-316
4.928744829071356e-277;0.07559226280297782;4.01122105e-316
2.816970817072754e-277;0.08137136344958289;2.0521002e-316
1.344342768651391e-277;0.07559226280297782;9.1462974e-317
7.68344574281253e-278;0.08137136344958289;4.6791534e-317
3.666770227108307e-278;0.07559226280297782;2.0855183e-317
2.0957028778910224e-278;0.08137136344958289;1.0669303e-317
1.0001321249264264e-278;0.07559226280297782;4.75535e-318
5.716147024932378e-279;0.08137136344958289;2.43279e-318
2.727916409691914e-279;0.07559226280297782;1.084306e-318
1.5591111295091863e-279;0.08137136344958289;5.54717e-319
7.440544856824632e-280;0.07559226280297782;2.4724e-319
4.252562965152509e-280;0.08137136344958289;1.26486e-319
2.029450300226463e-280;0.07559226280297782;5.6373e-320
1.1599103765156028e-280;0.08137136344958289;2.884e-320
5.535439407117547e-281;0.07559226280297782;1.2856e-320
3.163720543524794e-281;0.08137136344958289;6.576e-321
1.5098221142173668e-281;0.07559226280297782;2.93e-321
8.629225050635766e-282;0.08137136344958289;1.497e-321
4.118124414204042e-282;0.07559226280297782;6.67e-322
2.3536694834480496e-282;0.08137136344958289;3.4e-322
1.1232415084643452e-282;0.07559226280297782;1.53e-322
6.419765395858422e-283;0.08137136344958289;8.0e-323
3.0637041513014017e-283;0.07559226280297782;3.5e-323
1.7510269826621904e-283;0.08137136344958289;2.0e-323
8.356424736772796e-284;0.07559226280297782;1.0e-323
