# ["m", "w0", "wp"] [calculated @ 2025-10-14T10:33:31.188]
0.5155403936709559;0.9740158965442954;0.9685521303209257
0.0;0.0;0.0
0.005560215394224114;0.015570051733079777;0.006036493711618927
0.007980463563700656;0.06156026729270673;0.007151304347898016
0.004260909610704923;0.07515773877321932;0.0033100018500117558
0.0019107893253738492;0.07550804468224774;0.0013251712889438398
0.0009472955787437288;0.08135321503173458;0.0005715754366064545
0.0003941431186439286;0.07558886914673371;0.00021526167976096929
0.00019528940213335086;0.08137062464576529;9.278677696411593e-5
8.124441933140171e-5;0.07559212356032874;3.4939540303998786e-5
4.025363342142757e-5;0.08137133291441385;1.5059872979510032e-5
1.6746214976990126e-5;0.07559225701746618;5.670854434195371e-6
8.297117748792462e-6;0.08137136217476773;2.444283014723044e-6
3.451743764607959e-6;0.07559226256060947;9.204036667132708e-7
1.7102084455617872e-6;0.08137136339601389;3.9671737171420554e-7
7.114760940799536e-7;0.07559226279277109;1.4938535758935622e-7
3.5250947852531335e-7;0.08137136344732254;6.43888836838875e-8
1.466499978083993e-7;0.07559226280254663;2.424586619808694e-8
7.265952366062647e-8;0.08137136344948719;1.0450584165085908e-8
3.0227609818562286e-8;0.07559226280295955;3.935205124304357e-9
1.4976636636626114e-8;0.08137136344957882;1.6961733601281406e-9
6.2305380736954205e-9;0.07559226280297705;6.387001905252359e-10
3.0869958073326303e-9;0.08137136344958273;2.752960046526619e-10
1.2842432768613432e-9;0.0755922628029778;1.0366370251523637e-10
6.362939387172786e-10;0.08137136344958287;4.468168876894569e-11
2.647092072371441e-10;0.07559226280297782;1.682505090567169e-11
1.3115339369278273e-10;0.08137136344958289;7.252024284754861e-12
5.456206441453e-11;0.07559226280297782;2.730775875349745e-12
2.703343789790509e-11;0.08137136344958289;1.1770337620542113e-12
1.1246374481065452e-11;0.07559226280297782;4.4321630425956095e-13
5.572152911968994e-12;0.08137136344958289;1.910374845169493e-13
2.318111316452963e-12;0.07559226280297782;7.193585315248178e-14
1.1485364233592465e-12;0.08137136344958289;3.100617982858041e-14
4.778108789205272e-13;0.07559226280297782;1.1675488737762909e-14
2.3673720671759455e-13;0.08137136344958289;5.032432195143189e-15
9.848674409826997e-14;0.07559226280297782;1.8949804762401104e-15
4.87964542565657e-14;0.08137136344958289;8.16784716425132e-16
2.0300163079148776e-14;0.07559226280297782;3.07563228057144e-16
1.0057962502081633e-14;0.08137136344958289;1.3256756318138558e-16
4.184285152414483e-15;0.07559226280297782;4.9918793591277655e-17
2.073154929687712e-15;0.08137136344958289;2.151626793993951e-17
8.624680584315004e-16;0.07559226280297782;8.102028221480336e-18
4.273202809812566e-16;0.08137136344958289;3.492179949252276e-18
1.7777257637075075e-16;0.07559226280297782;1.3149929431214009e-18
8.8079583403545e-17;0.08137136344958289;5.667953583772803e-19
3.664261951563558e-17;0.07559226280297782;2.1342883450770526e-19
1.8155031150703495e-17;0.08137136344958289;9.199324861446956e-20
7.552804782259716e-18;0.07559226280297782;3.464038924132236e-20
3.742128917355296e-18;0.08137136344958289;1.4930887604429677e-20
1.556789902932126e-18;0.07559226280297782;5.622279527310082e-21
7.713304768173911e-19;0.08137136344958289;2.4233452781995378e-21
3.2088672642036844e-19;0.07559226280297782;9.125193964478496e-22
1.5898722828817403e-19;0.08137136344958289;3.933190372171672e-22
6.614141766904149e-20;0.07559226280297782;1.4810570069466834e-22
3.2770569189813325e-20;0.08137136344958289;6.383731877959054e-23
1.3633119637175836e-20;0.07559226280297782;2.4038172408877962e-23
6.754694805282175e-21;0.08137136344958289;1.0361062860827085e-23
2.8100690549387012e-21;0.07559226280297782;3.9014955538422646e-24
1.3922828635728665e-21;0.08137136344958289;1.681643678937401e-24
5.7921358454094e-22;0.07559226280297782;6.33228986702383e-25
2.8697840954750296e-22;0.08137136344958289;2.729377768377303e-25
1.193879473983541e-22;0.07559226280297782;1.0277570333387527e-25
5.915220944045193e-23;0.08137136344958289;4.4298938567173024e-26
2.4608335101962194e-23;0.07559226280297782;1.6680924938038708e-26
1.219249868728509e-23;0.08137136344958289;7.189902332006127e-27
5.0722888674004726e-24;0.07559226280297782;2.707383630200538e-27
2.5131271620394933e-24;0.08137136344958289;1.1669511102483773e-27
1.0455040638772554e-24;0.07559226280297782;4.3941964539166e-28
5.180076942855933e-25;0.08137136344958289;1.8940102811243012e-28
2.155000979161611e-25;0.07559226280297782;7.13196395967829e-29
1.067721424495351e-25;0.08137136344958289;3.07405761346851e-29
4.4419045134698976e-26;0.07559226280297782;1.157547470978761e-29
2.200795572928014e-26;0.08137136344958289;4.98932360880016e-30
9.15568758324198e-27;0.07559226280297782;1.8787477827212233e-30
4.5362966806709785e-27;0.08137136344958289;8.097880132195422e-31
1.887177332779899e-27;0.07559226280297782;3.0492859425414205e-31
9.350249440791475e-28;0.08137136344958289;1.3143196909445391e-31
3.88986436352077e-28;0.07559226280297782;4.949118154600334e-32
1.927280571783272e-28;0.08137136344958289;2.1331956287382365e-32
8.017818200635198e-29;0.07559226280297782;8.032625004587254e-33
3.9725254667204293e-29;0.08137136344958289;3.462265399978663e-33
1.652638824667176e-29;0.07559226280297782;1.3037285118025406e-33
8.188199899270801e-30;0.08137136344958289;5.619401023702525e-34
3.406431795349175e-30;0.07559226280297782;2.116005703635119e-34
1.6877580308067778e-30;0.08137136344958289;9.120522033170409e-35
7.021363290737571e-31;0.07559226280297782;3.434365435197671e-35
3.478819771860286e-31;0.08137136344958289;1.480298733026508e-35
1.4472487759134419e-31;0.07559226280297782;5.574118218215534e-36
7.17056994200822e-32;0.08137136344958289;2.4025865307165598e-36
2.9830802547220545e-32;0.07559226280297782;9.047026152839788e-37
1.4780033650819666e-32;0.08137136344958289;3.899498059948186e-37
6.148747854698371e-33;0.07559226280297782;1.4683700453767855e-37
3.046471849323892e-33;0.08137136344958289;6.329047851194166e-38
1.2673846143029869e-33;0.07559226280297782;2.38322577356874e-38
6.2794110947157775e-34;0.08137136344958289;1.0272308406594695e-38
2.612342868059813e-34;0.07559226280297782;3.868074744295731e-39
1.2943170213501437e-34;0.08137136344958289;1.6672384611578888e-39
5.384581115540918e-35;0.07559226280297782;6.278046500417694e-40
2.667856151616609e-35;0.08137136344958289;2.7059974996268623e-40
1.1098739811046887e-35;0.07559226280297782;1.0189531088956005e-40
5.499005520528601e-36;0.08137136344958289;4.391946706232678e-41
2.2876807452633666e-36;0.07559226280297782;1.653803357555457e-41
1.1334592270456739e-36;0.08137136344958289;7.128312525435792e-42
4.715385062941762e-37;0.07559226280297782;2.6841917666124277e-42
2.3362948347276375e-37;0.08137136344958289;1.1569548279849437e-42
9.71938778514067e-38;0.07559226280297782;4.356555092861669e-43
4.81558879625681e-38;0.08137136344958289;1.877785898445641e-43
2.0033676498734835e-38;0.07559226280297782;7.070870462095187e-44
9.925928487248299e-39;0.08137136344958289;3.047724764278505e-44
4.1293567344802857e-39;0.07559226280297782;1.1476317417321758e-44
2.0459399774862535e-39;0.08137136344958289;4.946584297222191e-45
8.511461708825404e-40;0.07559226280297782;1.8626541409457117e-45
4.217107142021008e-40;0.08137136344958289;8.028512448471603e-46
1.7543890024294272e-40;0.07559226280297782;3.02316529128546e-46
8.692333520524352e-41;0.08137136344958289;1.303061026807129e-46
3.6161600405884584e-41;0.07559226280297782;4.906723249112028e-47
1.7916704387031862e-41;0.08137136344958289;2.1149223476721202e-47
7.453656755166977e-42;0.07559226280297782;7.963816306299061e-48
3.693004822402655e-42;0.08137136344958289;3.4326071033241155e-48
1.5363534356959855e-42;0.07559226280297782;1.2925605733307334e-48
7.612049807642466e-43;0.08137136344958289;5.5712643723115476e-49
3.1667434615078218e-43;0.07559226280297782;2.097879674104997e-49
1.5690015329124845e-43;0.08137136344958289;9.042394242012146e-50
6.527315862355353e-44;0.07559226280297782;3.404946133922316e-50
3.234037969391802e-44;0.08137136344958289;1.4676182669473572e-50
1.3454153418120355e-44;0.07559226280297782;5.526369466284403e-51
6.666023817104339e-45;0.08137136344958289;2.3820056058496665e-51
2.7731804008792303e-45;0.07559226280297782;8.969527938669381e-52
1.3740059316173996e-45;0.08137136344958289;3.866094361240838e-52
5.716100669301791e-46;0.07559226280297782;1.4557917622663404e-52
2.8321115434296234e-46;0.08137136344958289;6.274832256193074e-53
1.1782070452839373e-46;0.07559226280297782;2.362810695918225e-53
5.837569991408724e-47;0.08137136344958289;1.018431423663543e-53
2.4285293801976883e-47;0.07559226280297782;3.834940222531748e-54
1.2032443949339985e-47;0.08137136344958289;1.652956640684164e-54
5.005703347379027e-48;0.07559226280297782;6.224267790812842e-55
2.4801365569420736e-48;0.08137136344958289;2.6828175098459297e-55
1.031779405523267e-48;0.07559226280297782;1.0102246002200722e-55
5.11207645510611e-49;0.08137136344958289;4.354324616861605e-56
2.1267116083084588e-49;0.07559226280297782;1.6396366242406312e-56
1.0537051119101209e-49;0.08137136344958289;7.067250306598692e-57
4.383594245729448e-50;0.07559226280297782;2.661198568086301e-57
2.1719050421409893e-50;0.08137136344958289;1.1470441754091813e-57
9.035498013045727e-51;0.07559226280297782;4.319236173481096e-58
4.476747297473321e-51;0.08137136344958289;1.861700496318422e-58
1.862403766573241e-51;0.07559226280297782;7.0103003007863775e-59
9.227505796330141e-52;0.08137136344958289;3.02161748631509e-59
3.838800899229024e-52;0.07559226280297782;1.137800952143757e-59
1.9019805578341067e-52;0.08137136344958289;4.904211097144981e-60
7.912565797177279e-53;0.07559226280297782;1.846698359775001e-60
3.920376884312189e-53;0.08137136344958289;7.959738978970148e-61
1.6309441187021128e-53;0.07559226280297782;2.9972683935360253e-61
8.080710842045242e-54;0.08137136344958289;1.2918988061142095e-61
3.3617145013542105e-54;0.07559226280297782;4.8646915048890725e-62
1.6656023040551104e-54;0.08137136344958289;2.096805598335411e-62
6.929191662071468e-55;0.07559226280297782;7.895597033878203e-63
3.4331522182911334e-55;0.08137136344958289;3.4032028641893956e-63
1.4282502892610058e-55;0.07559226280297782;1.2814883011334504e-63
7.076439631034134e-56;0.08137136344958289;5.523540066862326e-64
2.9439204286121946e-56;0.07559226280297782;2.0799089149250376e-64
1.4586011533329572e-56;0.08137136344958289;8.964935705500604e-65
6.068031321376065e-57;0.07559226280297782;3.3757788428956953e-65
3.006479861954709e-57;0.08137136344958289;1.4550464236862923e-65
1.2507472606709995e-57;0.07559226280297782;5.479029737488732e-66
6.1969793042360766e-58;0.08137136344958289;2.3616009803430516e-66
2.5780498274047342e-58;0.07559226280297782;8.892693586092635e-67
1.2773261175999445e-58;0.08137136344958289;3.832976803741978e-67
5.3138960376502855e-59;0.07559226280297782;1.4433212266589903e-67
2.6328343707516604e-59;0.08137136344958289;6.221081080297439e-68
1.095304318744743e-59;0.07559226280297782;2.3425704969552875e-68
5.426818357739332e-60;0.08137136344958289;1.0097073838237608e-68
2.2576496456851417e-60;0.07559226280297782;3.802089536165255e-69
1.118579953796667e-60;0.08137136344958289;1.6387971604759746e-69
4.65348473062132e-61;0.07559226280297782;6.170949757886097e-70
2.3056255628149995e-61;0.08137136344958289;2.6598360834141237e-70
9.591798346352372e-62;0.07559226280297782;1.0015708612891327e-70
4.752373058235856e-62;0.08137136344958289;4.317024804080692e-71
1.977068817088488e-62;0.07559226280297782;1.6255912453370735e-71
9.795627724161461e-63;0.08137136344958289;7.006711156097315e-72
4.0751493790422817e-63;0.07559226280297782;2.63840233282674e-72
2.0190822844614857e-63;0.08137136344958289;1.1372184190040375e-72
8.39972909287223e-64;0.07559226280297782;4.2822369336900387e-73
4.161747859579047e-64;0.08137136344958289;1.8457528842139124e-73
1.7313585901046383e-64;0.07559226280297782;6.95024899277302e-74
8.57822654381334e-65;0.08137136344958289;2.995733847300523e-74
3.5686895784208064e-65;0.07559226280297782;1.1280543746073535e-74
1.7681506213215617e-65;0.08137136344958289;4.862200872401233e-75
7.355810275189478e-66;0.07559226280297782;1.8308792582740033e-75
3.644525594785751e-66;0.08137136344958289;7.891554633560781e-76
1.5161852443474924e-66;0.07559226280297782;2.971593332586247e-76
7.51212405259949e-67;0.08137136344958289;1.2808322027164405e-76
3.12517263112507e-67;0.07559226280297782;4.823019811036339e-77
1.548404759795938e-67;0.08137136344958289;2.0788440398532948e-77
6.44162974857099e-68;0.07559226280297782;7.827962138212237e-78
3.1915837429881965e-68;0.08137136344958289;3.374050506278778e-78
1.3277536544512944e-68;0.07559226280297782;1.2705108757186981e-78
6.578516840679952e-69;0.08137136344958289;5.476224575136218e-79
2.73677599570179e-69;0.07559226280297782;2.0620920960255797e-79
1.355968926655537e-69;0.08137136344958289;8.888140690697775e-80
5.641063630696479e-70;0.07559226280297782;3.3468614033593274e-80
2.794933530739928e-70;0.08137136344958289;1.4425822727635795e-80
1.1627403534503205e-70;0.07559226280297782;5.432095528073552e-81
5.760938387077646e-71;0.08137136344958289;2.341371143989348e-81
2.3966493166021125e-71;0.07559226280297782;8.816517408369261e-82
1.1874490299924433e-71;0.08137136344958289;3.800142936322095e-82
4.939991916273336e-72;0.07559226280297782;1.43095751557309e-82
2.4475790298206307e-72;0.08137136344958289;6.16779034522192e-83
1.018234915045659e-72;0.07559226280297782;2.3225036786422548e-83
5.044968630995327e-73;0.08137136344958289;1.0010580754478315e-83
2.0987936008611722e-73;0.07559226280297782;3.769520253818672e-84
1.0398727958374466e-73;0.08137136344958289;1.6247589725478277e-84
4.326049435083734e-74;0.07559226280297782;6.118088455410318e-85
2.1433937663740257e-74;0.08137136344958289;2.6370515194073195e-85
8.916886208872253e-75;0.07559226280297782;9.929912516136762e-86
4.417979637625969e-75;0.08137136344958289;4.280044507219215e-86
1.8379554107068802e-75;0.07559226280297782;1.61166618130428e-86
9.106373446022078e-76;0.08137136344958289;6.946690593248063e-87
3.7884077609799804e-76;0.07559226280297782;2.6158013736161915e-87
1.8770126650691627e-76;0.08137136344958289;1.1274768315358904e-87
7.808695074889537e-77;0.07559226280297782;4.2455546350640534e-88
3.868912872631053e-77;0.08137136344958289;1.829941881801641e-88
1.6095342059174416e-77;0.07559226280297782;6.890712093478153e-89
7.97463282724238e-78;0.08137136344958289;2.970071931509246e-89
3.317584225242584e-78;0.07559226280297782;1.1183912877496078e-89
1.6437374224476732e-78;0.08137136344958289;4.820550513688543e-90
6.838229999159747e-79;0.07559226280297782;1.8151956656236878e-90
3.3880841569595155e-79;0.08137136344958289;7.823954365716174e-91
1.409501201676023e-79;0.07559226280297782;2.946138208148051e-91
6.983544998048797e-80;0.08137136344958289;1.2698603975414e-91
2.9052746657691637e-80;0.07559226280297782;4.781705083307114e-92
1.4394536404768274e-80;0.08137136344958289;2.0610363428370962e-92
5.988374379194193e-81;0.07559226280297782;7.7609066134402e-93
2.967012861893084e-81;0.08137136344958289;3.3451478719390673e-93
1.2343283107759278e-81;0.07559226280297782;1.2596274846143894e-93
6.115629621613168e-82;0.08137136344958289;5.429314395172174e-94
2.5442069622039357e-82;0.07559226280297782;2.0444278987305698e-94
1.260558258749477e-82;0.08137136344958289;8.812003513774938e-95
5.244138864851849e-83;0.07559226280297782;3.3181916750470276e-95
2.5982723317413124e-83;0.08137136344958289;1.4302248916701282e-95
1.080925916892654e-83;0.07559226280297782;5.3855633642976645e-96
5.355578818379823e-84;0.08137136344958289;2.321314599517846e-96
2.228012773729696e-84;0.07559226280297782;8.740993767472493e-97
1.1038960054143479e-84;0.08137136344958289;3.7675903288484387e-97
4.59239698329453e-85;0.07559226280297782;1.4186997139333955e-97
2.2753588960126688e-85;0.08137136344958289;6.114956106759794e-98
9.465883813972831e-86;0.07559226280297782;2.3026087557738737e-98
4.689987172949957e-86;0.08137136344958289;9.924828583745718e-99
1.951115217294497e-86;0.07559226280297782;3.737229964941983e-99
9.667037459884173e-87;0.08137136344958289;1.6108410378914459e-99
4.021653620487882e-87;0.07559226280297782;6.06567997096242e-100
1.9925771607606234e-87;0.08137136344958289;2.614462131471787e-100
8.289463225862419e-88;0.07559226280297782;9.844851361911242e-101
4.10711529572623e-88;0.08137136344958289;4.243380989254778e-101
1.7086305051947568e-88;0.07559226280297782;1.5978604015066023e-101
8.46561748502084e-89;0.08137136344958289;6.887184175749514e-102
3.521842275834891e-89;0.07559226280297782;2.593394017690055e-102
1.7449395559278687e-89;0.08137136344958289;1.1178186920007122e-102
7.259248256511773e-90;0.07559226280297782;4.209186562636509e-103
3.596682769129682e-90;0.08137136344958289;1.8142663188620145e-103
1.4962818071452967e-90;0.07559226280297782;6.831685196397793e-104
7.413510054149461e-91;0.08137136344958289;2.9446298396261203e-104
3.084147514015193e-91;0.07559226280297782;1.1088109763765581e-104
1.5280783669523992e-91;0.08137136344958289;4.779256938339271e-105
6.357068463161785e-92;0.07559226280297782;1.799646421034456e-105
3.149686826472919e-92;0.08137136344958289;7.756933172138262e-106
1.3103238175762239e-92;0.07559226280297782;2.9209011362115465e-106
6.492158595663233e-93;0.08137136344958289;1.258982578532961e-106
2.7008494825201006e-93;0.07559226280297782;4.740744263874802e-107
1.3381686990907079e-93;0.08137136344958289;2.0433811892858837e-107
5.567011626730765e-94;0.07559226280297782;7.694425496582122e-108
2.7582435654333846e-94;0.08137136344958289;3.3164928219998268e-108
1.1474766977106029e-94;0.07559226280297782;1.248837322308188e-108
5.68531274974843e-95;0.08137136344958289;5.382806055007445e-109
2.365187752557402e-95;0.07559226280297782;2.0269150156599212e-109
1.1718610157393188e-95;0.08137136344958289;8.736518539591829e-110
4.875143099645242e-96;0.07559226280297782;3.2897675360264315e-110
2.4154488955253185e-96;0.08137136344958289;1.4179733657991974e-110
1.0048682273244507e-96;0.07559226280297782;5.3394298021764045e-111
4.978741752249189e-97;0.08137136344958289;2.30142986248369e-111
2.071242081816353e-97;0.07559226280297782;8.666117073671695e-112
1.0262220608976445e-97;0.08137136344958289;3.735316572005174e-112
4.269260033138422e-98;0.07559226280297782;1.4065469145033426e-112
2.115256767028033e-98;0.08137136344958289;6.062574454491049e-113
8.799831458894234e-99;0.07559226280297782;2.2828842558673983e-113
4.3599834392023844e-99;0.08137136344958289;9.839810979265116e-114
1.8138279960431213e-99;0.07559226280297782;3.705216279634332e-114
8.98683123790578e-100;0.08137136344958289;1.597042326398852e-114
3.7386761491943533e-100;0.07559226280297782;6.013720425633671e-115
1.8523725336299358e-100;0.08137136344958289;2.5920662476993527e-115
7.70618789601175e-101;0.07559226280297782;9.760518854584327e-116
3.818124445103297e-101;0.08137136344958289;4.207031536610752e-116
1.5884053477441417e-101;0.07559226280297782;1.5841728841369857e-116
7.869947331667655e-102;0.08137136344958289;6.828187499353736e-117
3.274033261047215e-102;0.07559226280297782;2.5711786066128914e-117
1.6221595679694288e-102;0.08137136344958289;1.1082432855707034e-117
6.748462418404115e-103;0.07559226280297782;4.173130024697572e-118
3.3436077181436e-103;0.08137136344958289;1.7987250351997417e-118
1.3909982392190461e-103;0.07559226280297782;6.77316393277472e-119
6.891869821921339e-104;0.08137136344958289;2.919405688605813e-119
2.8671362179239165e-104;0.07559226280297782;1.099312731420698e-119
1.420557483001665e-104;0.08137136344958289;4.738317090092394e-120
5.909763118568954e-105;0.07559226280297782;1.7842303736601976e-120
2.928063957466688e-105;0.08137136344958289;7.690486092388082e-121
1.2181248975637119e-105;0.07559226280297782;2.895880248905543e-121
6.035347841679293e-106;0.08137136344958289;1.2481979405912093e-121
2.5108083628636405e-106;0.07559226280297782;4.700134321106643e-122
1.2440105168186842e-106;0.08137136344958289;2.0258772724889468e-122
5.1752974162456594e-107;0.07559226280297782;7.628513867171702e-123
2.56416399941066e-107;0.08137136344958289;3.28808323561511e-123
1.0667362648120063e-107;0.07559226280297782;1.2381395901879107e-123
5.285274462701348e-108;0.08137136344958289;5.336696112420648e-124
2.1987649542479043e-108;0.07559226280297782;2.0095521506327732e-124
1.0894048178081909e-108;0.08137136344958289;8.661680181279772e-125
4.532111153904385e-109;0.07559226280297782;3.261586882542e-125
2.2454895491976304e-109;0.08137136344958289;1.405826788378711e-125
9.341622200982506e-110;0.07559226280297782;5.293691427226871e-126
4.62842024666312e-110;0.08137136344958289;2.2817154611580196e-126
1.9255023185102207e-110;0.07559226280297782;8.591881785118868e-127
9.54013524016435e-111;0.08137136344958289;3.703319277115001e-127
3.9688601174625695e-111;0.07559226280297782;1.3944982178178934e-127
1.9664199780960403e-111;0.08137136344958289;6.010641511492901e-128
8.180644853324478e-112;0.07559226280297782;2.2633287190535717e-128
4.0531999106006616e-112;0.08137136344958289;9.75552164862933e-129
1.6862007789533901e-112;0.07559226280297782;3.673476828467096e-129
8.354486680510541e-113;0.08137136344958289;1.5833618167861326e-129
3.4756099524202734e-113;0.07559226280297782;5.962205973742704e-130
1.722033189438332e-113;0.08137136344958289;2.569862210503651e-130
7.163953837609245e-114;0.07559226280297782;9.676908752454861e-131
3.549467991187139e-114;0.08137136344958289;4.1709934589554156e-131
1.4766396485790231e-114;0.07559226280297782;1.570602616141324e-131
7.3161905924539e-115;0.08137136344958289;6.76969619754021e-132
3.0436609464296135e-115;0.07559226280297782;2.549153496155671e-132
1.5080188050155784e-115;0.08137136344958289;1.0987499035413922e-132
6.273617240154337e-116;0.07559226280297782;4.137382352595021e-133
3.1083399038649976e-116;0.08137136344958289;1.783316880557915e-133
1.2931227876130938e-116;0.07559226280297782;6.715143971275132e-134
6.406934002298241e-117;0.08137136344958289;2.89439761153345e-134
2.6653945878966682e-117;0.07559226280297782;1.0898958498885122e-134
1.3206021406720685e-117;0.08137136344958289;4.6977279388672717e-135
5.493931726547297e-118;0.07559226280297782;1.7689463825131328e-135
2.722035240759569e-118;0.08137136344958289;7.624608208518437e-136
1.132413412746566e-118;0.07559226280297782;2.8710736943593177e-136
5.610679873778054e-119;0.08137136344958289;1.2375056855128248e-136
2.3341391942892456e-119;0.07559226280297782;4.659872249339288e-137
1.1564776302173765e-119;0.08137136344958289;2.0085232969290288e-137
4.811145573685081e-120;0.07559226280297782;7.563166846892085e-138
2.383740543537029e-120;0.08137136344958289;3.259917010106425e-138
9.916770082873253e-121;0.07559226280297782;1.2275334964823979e-138
4.913384254422779e-121;0.08137136344958289;5.2909811546769926e-139
2.044052240166273e-121;0.07559226280297782;1.9923380185715515e-139
1.0127505234184752e-121;0.08137136344958289;8.587482899827936e-140
4.2132161234075853e-122;0.07559226280297782;3.2336476288592516e-140
2.087489130859539e-122;0.08137136344958289;1.39378426040414e-140
8.684313323174962e-123;0.07559226280297782;5.248344854215081e-141
4.302748574987517e-123;0.08137136344958289;2.2621699364190176e-141
1.790017309486559e-123;0.07559226280297782;8.518282407438163e-142
8.868858297688015e-124;0.08137136344958289;3.671596075962412e-142
3.6895973798076446e-124;0.07559226280297782;1.3825527321169624e-142
1.8280558608911427e-124;0.08137136344958289;5.959153434052898e-143
7.605026360883722e-125;0.07559226280297782;2.2439406979686357e-143
3.7680027331247485e-125;0.08137136344958289;9.671954353332836e-144
1.5675538546905497e-125;0.07559226280297782;3.642009262308554e-144
7.766636075286247e-126;0.08137136344958289;1.5697984965178462e-144
3.231054003959649e-126;0.07559226280297782;5.911132802550865e-145
1.600864972725607e-126;0.08137136344958289;2.547848376497488e-145
6.6598732447151546e-127;0.07559226280297782;9.594014867289113e-146
3.2997151354298647e-127;0.08137136344958289;4.135264089002839e-146
1.372738170928653e-127;0.07559226280297782;1.5571485931434908e-146
6.801398094460751e-128;0.08137136344958289;6.711705941192746e-147
2.82949842539404e-128;0.07559226280297782;2.527317056174089e-147
1.4019093812868825e-128;0.08137136344958289;1.0893378432791786e-147
5.832183812511949e-129;0.07559226280297782;4.1019409005366984e-148
2.8896263474723025e-129;0.08137136344958289;1.7680407145329327e-148
1.2021341916170034e-129;0.07559226280297782;6.657621017668155e-149
5.956119945742342e-130;0.08137136344958289;2.869603757486451e-149
2.4778481973671568e-130;0.07559226280297782;1.0805596348084254e-149
1.2276800022640223e-130;0.08137136344958289;4.657486480539408e-150
5.107359670834289e-131;0.07559226280297782;1.7537933163793624e-150
2.5305034178104375e-131;0.08137136344958289;7.559294644710113e-151
1.0527328847256014e-131;0.07559226280297782;2.8464796365655715e-151
5.215893014255681e-132;0.08137136344958289;1.2269050219320218e-151
2.169901080026448e-132;0.07559226280297782;4.619955068656366e-152
1.0751038605472904e-132;0.08137136344958289;1.991317978186494e-152
4.472616715423709e-133;0.07559226280297782;7.498379599214792e-153
2.216012306626331e-133;0.08137136344958289;3.2319920608071817e-153
9.218991808992409e-134;0.07559226280297782;1.21701825620293e-153
4.567661528644796e-134;0.08137136344958289;5.245657798275733e-154
1.9002256482471123e-134;0.07559226280297782;1.975271345406841e-154
9.414898905513936e-135;0.08137136344958289;8.513921203673595e-155
3.916759651238713e-135;0.07559226280297782;3.205947707110458e-155
1.9406061689371025e-135;0.08137136344958289;1.3818448905719631e-155
8.07325497354649e-136;0.07559226280297782;5.203386726905547e-156
3.999992289573247e-136;0.08137136344958289;2.242791841643926e-156
1.664065494733131e-136;0.07559226280297782;8.445313493319536e-157
8.244814724776855e-137;0.08137136344958289;3.6401446206184015e-157
3.4299845351533287e-137;0.07559226280297782;1.3707095732794209e-157
1.6994275219752896e-137;0.08137136344958289;5.9081064113843945e-158
7.069910378303796e-138;0.07559226280297782;2.2247187576471445e-158
3.5028730163796816e-138;0.08137136344958289;9.589102908310131e-159
1.4572553387624358e-138;0.07559226280297782;3.6108112521500024e-159
7.220148673724558e-139;0.08137136344958289;1.5563513617320877e-159
3.0037058586605593e-139;0.07559226280297782;5.860497131979935e-160
1.4882225712128407e-139;0.08137136344958289;2.526023116371151e-160
6.1912615074128645e-140;0.07559226280297782;9.511831063862613e-161
3.0675357552226663e-140;0.08137136344958289;4.099840782315468e-161
1.2761475609421164e-140;0.07559226280297782;1.5438098193709963e-161
6.322828178785714e-141;0.08137136344958289;6.654212438278956e-162
2.63040512074741e-141;0.07559226280297782;2.5056676704878966e-162
1.3032661839517744e-141;0.08137136344958289;1.0800064081693246e-162
5.421811169036156e-142;0.07559226280297782;4.066803045394723e-163
2.686302234071492e-142;0.08137136344958289;1.7528954064900384e-163
1.1175478682284676e-142;0.07559226280297782;6.600590814507894e-164
5.537026726878151e-143;0.08137136344958289;2.8450222913975023e-164
2.30349822014184e-143;0.07559226280297782;1.0713033951792294e-164
1.1412961872013644e-143;0.08137136344958289;4.617589736718089e-165
4.747988163234424e-144;0.07559226280297782;1.738770053735123e-165
2.3524484369877147e-144;0.08137136344958289;7.494540566910849e-166
9.786589545020818e-145;0.07559226280297782;2.8220962552445196e-166
4.848884724881272e-145;0.08137136344958289;1.2163951652619829e-166
2.0172193280588405e-145;0.07559226280297782;4.580379824667934e-167
9.994558310189127e-146;0.08137136344958289;1.974260042844237e-167
4.157907919582111e-146;0.07559226280297782;7.43414732904184e-168
2.0600860091227747e-146;0.08137136344958289;3.2043063209083474e-168
8.57031163009926e-147;0.07559226280297782;1.2065930910851207e-168
4.2462650507094756e-147;0.08137136344958289;5.2007226886996597e-169
1.7665191932484283e-147;0.07559226280297782;1.9583508679831143e-169
8.752434025099081e-148;0.08137136344958289;8.440989648295573e-170
3.641162882753821e-148;0.07559226280297782;3.1784850671415515e-170
1.8040584007094116e-148;0.08137136344958289;1.370007795213702e-170
7.505192804819767e-149;0.07559226280297782;5.158813717812764e-171
3.718538984512202e-149;0.08137136344958289;2.223579742601987e-171
1.5469760856981315e-149;0.07559226280297782;8.372969642115341e-172
7.66468101803115e-150;0.08137136344958289;3.6089625832666686e-172
3.188638949002171e-150;0.07559226280297782;1.358967864757655e-172
1.5798499182837896e-150;0.08137136344958289;5.857496665344545e-173
6.57244700877534e-151;0.07559226280297782;2.205661475415797e-173
3.256398744356926e-151;0.08137136344958289;9.506961181477941e-174
1.3547178082572724e-151;0.07559226280297782;3.579880488933385e-174
6.71211401762059e-152;0.08137136344958289;1.5430194171661853e-174
2.7923547159208723e-152;0.07559226280297782;5.810295214332479e-175
1.3835060790270539e-152;0.08137136344958289;2.5043848147718479e-175
5.755622914233356e-153;0.07559226280297782;9.430351259506291e-176
2.85169331998826e-153;0.08137136344958289;4.064720917108409e-176
1.1863534006611062e-153;0.07559226280297782;1.5305853075812925e-176
5.8779320991379744e-154;0.08137136344958289;6.597211433532752e-177
2.445320710256505e-154;0.07559226280297782;2.4842037367613007e-177
1.2115638634738899e-154;0.08137136344958289;1.0707549075644051e-177
5.040313765423682e-155;0.07559226280297782;4.03196618651133e-178
2.497284709176976e-155;0.08137136344958289;1.737879835479685e-178
1.0389133313828032e-155;0.07559226280297782;6.544049140818427e-179
5.147422357751369e-156;0.08137136344958289;2.820651393918762e-179
2.1414161108959945e-156;0.07559226280297782;1.062126445918944e-179
1.0609906364184982e-156;0.08137136344958289;4.578034754525967e-180
4.413903279016905e-157;0.07559226280297782;1.723875482663816e-180
2.1869220210239193e-157;0.08137136344958289;7.430341182477658e-181
9.097971224455036e-158;0.07559226280297782;2.7979217457091626e-181
4.5077004092926486e-158;0.08137136344958289;1.205975337636778e-181
1.8752807927283753e-158;0.07559226280297782;4.5411435882918e-182
9.291306587339392e-159;0.08137136344958289;1.957348228393432e-182
3.865343124105789e-159;0.07559226280297782;7.37046528235078e-183
1.9151312257125578e-159;0.08137136344958289;3.176857741305495e-183
7.967274834257849e-160;0.07559226280297782;1.196257229531311e-183
3.9474831416036214e-160;0.08137136344958289;5.156172500166915e-184
1.6422207873016033e-160;0.07559226280297782;1.9415753339652197e-184
8.13658246705627e-161;0.08137136344958289;8.368682835811299e-185
3.384958056987516e-161;0.07559226280297782;3.151257676360386e-185
1.6771186061687123e-161;0.08137136344958289;1.358272098230528e-185
6.977101456858126e-162;0.07559226280297782;5.114622527955011e-186
3.456889708357978e-162;0.08137136344958289;2.2045322173482833e-186
1.4381254928344654e-162;0.07559226280297782;8.301245499440763e-187
7.12536752725597e-163;0.08137136344958289;3.5780476560313635e-187
2.9642752738064884e-163;0.07559226280297782;1.3473267375126963e-187
1.4686862087535296e-163;0.08137136344958289;5.807320450154684e-188
6.1099868840945036e-164;0.07559226280297782;2.186767440788129e-188
3.027267255382555e-164;0.08137136344958289;9.425523093281348e-189
1.2593951733729556e-164;0.07559226280297782;3.5492146833804e-189
6.239826438684416e-165;0.08137136344958289;1.5298016760830467e-189
2.5958749712605195e-165;0.07559226280297782;5.760523334014418e-190
1.2861578017493106e-165;0.08137136344958289;2.482931870184157e-190
5.3506373606064746e-166;0.07559226280297782;9.349569423656075e-191
2.6510383057215066e-166;0.08137136344958289;4.029901894055396e-191
1.1028774683557199e-166;0.07559226280297782;1.5174740789887045e-191
5.464340447839237e-167;0.08137136344958289;6.5406987081392375e-192
2.2732594796311424e-167;0.07559226280297782;2.4629236663843648e-192
1.126314035728936e-167;0.08137136344958289;1.061582656733188e-192
4.685659839834601e-168;0.07559226280297782;3.997427745506381e-193
2.3215671116934893e-168;0.08137136344958289;1.7229928901545474e-193
9.658117927743677e-169;0.07559226280297782;6.487991811781357e-194
4.785231900807055e-169;0.08137136344958289;2.7964892612872235e-194
1.9907386599684673e-169;0.07559226280297782;1.0530281078141051e-194
9.863356621983668e-170;0.08137136344958289;4.538818606380493e-195
4.103325763820829e-170;0.07559226280297782;1.7091085007736792e-195
2.0330426167229555e-170;0.08137136344958289;7.366691739822076e-196
8.457806472850878e-171;0.07559226280297782;2.7739543187317447e-196
4.19052300329424e-171;0.08137136344958289;1.1956447678537942e-196
1.7433295441205378e-171;0.07559226280297782;4.502243455536737e-197
8.63753809029532e-172;0.08137136344958289;1.9405812831401055e-197
3.593364200468751e-172;0.07559226280297782;7.307328745842833e-198
1.780375962681809e-172;0.08137136344958289;3.1496442904471343e-198
7.406669795023928e-173;0.07559226280297782;1.1860099065534727e-198
3.669724561975048e-173;0.08137136344958289;5.112003935384768e-199
1.5266684475056447e-173;0.07559226280297782;1.9249435017457047e-199
7.564064356652841e-174;0.08137136344958289;8.296995414577267e-200
3.146780689717194e-174;0.07559226280297782;3.1242635195863365e-200
1.5591107350245581e-174;0.08137136344958289;1.346636931028396e-200
6.48616844433762e-175;0.07559226280297782;5.070809886610106e-201
3.2136509810771634e-175;0.08137136344958289;2.185647856118493e-201
1.3369340045143753e-175;0.07559226280297782;8.23013575677746e-202
6.624002000740202e-176;0.08137136344958289;3.5473975508062364e-202
2.755698603521811e-176;0.07559226280297782;1.3357853299498924e-202
1.3653443626632816e-176;0.08137136344958289;5.757574052123004e-203
5.680067054776159e-177;0.07559226280297782;2.1680352553601205e-203
2.8142582512023507e-177;0.08137136344958289;9.34478261624382e-204
1.1707797690763723e-177;0.07559226280297782;3.5188115658230284e-204
5.800770648813778e-178;0.08137136344958289;1.5166971601981103e-204
2.4132202216273705e-178;0.07559226280297782;5.711177807259971e-205
1.1956592862706684e-178;0.08137136344958289;2.4616626948114694e-205
4.9741479925515974e-179;0.07559226280297782;9.269479577406622e-206
2.46450207290583e-179;0.08137136344958289;3.9953811360963617e-206
1.0252751916325321e-179;0.07559226280297782;1.5044751631919825e-206
5.079850536938138e-180;0.08137136344958289;6.48467007942257e-207
2.113305072851071e-180;0.07559226280297782;2.441825884355414e-207
1.0470626809903557e-180;0.08137136344958289;1.0524889768099494e-207
4.3559605922258096e-181;0.07559226280297782;3.963185166086547e-208
2.1582136126854025e-181;0.08137136344958289;1.7082334686872643e-208
8.978539314925213e-182;0.07559226280297782;6.432414678426052e-209
4.448526418279884e-182;0.08137136344958289;2.772534105191154e-209
1.8506633961182212e-182;0.07559226280297782;1.0440077074694871e-209
9.169336704122976e-183;0.08137136344958289;4.4999383897772095e-210
3.814601557781739e-183;0.07559226280297782;1.6944680151162077e-210
1.8899907000234635e-183;0.08137136344958289;7.303587528058414e-211
7.862685929354889e-184;0.07559226280297782;2.750192200411291e-211
3.8956632976178285e-184;0.08137136344958289;1.185402691316656e-211
1.62066284216656e-184;0.07559226280297782;4.4636765472875546e-212
8.029771007983361e-185;0.08137136344958289;1.9239579661124785e-212
3.340522655462207e-185;0.07559226280297782;7.244733046594066e-213
1.6551025464669258e-185;0.08137136344958289;3.122663954184365e-213
6.885510867108174e-186;0.07559226280297782;1.1758503637165745e-213
3.4115100375811078e-186;0.08137136344958289;5.068213725305621e-214
1.4192467703681807e-186;0.07559226280297782;1.9084541403529106e-214
7.031830602496891e-187;0.08137136344958289;8.225922078793012e-215
2.925362306553842e-187;0.07559226280297782;3.097500598901103e-215
1.4494063062253635e-187;0.08137136344958289;1.3351014324537788e-215
6.029779178138252e-188;0.07559226280297782;5.027372551073442e-216
2.987527372715574e-188;0.08137136344958289;2.1669252612245437e-216
1.2428626996271309e-188;0.07559226280297782;8.159635151080626e-217
6.157914288346592e-189;0.08137136344958289;3.5170099990853166e-217
2.561798109829591e-189;0.07559226280297782;1.3243427878551446e-217
1.2692740066229097e-189;0.08137136344958289;5.708253789369771e-218
5.280397872987393e-190;0.07559226280297782;2.149463532706685e-218
2.6162372979717843e-190;0.08137136344958289;9.264733774521153e-219
1.0883996514036186e-190;0.07559226280297782;3.4886688860356126e-219
5.392608344284951e-191;0.08137136344958289;1.503704899606958e-219
2.243417692510585e-191;0.07559226280297782;5.662254981859135e-220
1.1115285596377646e-191;0.08137136344958289;2.440575714458491e-220
4.6241497198009814e-192;0.07559226280297782;9.190075793068899e-221
2.291091175200535e-192;0.08137136344958289;3.961156088246768e-221
9.531332797507825e-193;0.07559226280297782;1.4915875981024864e-221
4.722414667233023e-193;0.08137136344958289;6.429121400536337e-222
1.9646056118779448e-193;0.07559226280297782;2.4209088291645008e-222
9.733877259313166e-194;0.08137136344958289;1.0434731947442382e-222
4.049460125064056e-194;0.07559226280297782;3.929235913856088e-223
2.0063542313807297e-194;0.08137136344958289;1.69360047868891e-223
8.346778205936705e-195;0.07559226280297782;6.377313627322652e-224
4.135512699143483e-195;0.08137136344958289;2.7487841526378093e-224
1.720444312758804e-195;0.07559226280297782;1.0350645772582824e-224
8.52415043030936e-196;0.08137136344958289;4.461391227075017e-225
3.5461929864134173e-196;0.07559226280297782;1.6799529421052654e-225
1.7570044114141463e-196;0.08137136344958289;7.241023876655245e-226
7.309440127546112e-197;0.07559226280297782;2.7266336320423597e-226
3.621550941607131e-197;0.08137136344958289;1.175248349978649e-226
1.5066273940217162e-197;0.07559226280297782;4.425440009092016e-227
7.464768521610718e-198;0.08137136344958289;1.9074770469691418e-227
3.1054719168740476e-198;0.07559226280297782;7.182673551709553e-228
1.5386438015007538e-198;0.08137136344958289;3.095914735621801e-228
6.401022485559797e-199;0.07559226280297782;1.1657778490824674e-228
3.171464381035966e-199;0.08137136344958289;5.02479862888504e-229
1.3193836543170357e-199;0.07559226280297782;1.8921060293598834e-229
6.537046657822525e-200;0.08137136344958289;8.155457568108348e-230
2.7195236873578025e-200;0.07559226280297782;3.0709669335008785e-230
1.3474210608220616e-200;0.08137136344958289;1.323664748729921e-230
5.605503040681909e-201;0.07559226280297782;4.9843073064178665e-231
2.777314604255253e-201;0.08137136344958289;2.148363046951195e-231
1.1554105774170491e-201;0.07559226280297782;8.089738464389576e-232
5.7246221209452715e-202;0.08137136344958289;3.486882751795001e-232
2.3815411261373573e-202;0.07559226280297782;1.3129982643316891e-232
1.1799634934193442e-202;0.08137136344958289;5.659356011554833e-233
4.9088507984433684e-203;0.07559226280297782;2.1310508982790894e-233
2.4321497845389268e-203;0.08137136344958289;9.185370643459118e-234
1.0118160840019142e-203;0.07559226280297782;3.458784413068245e-234
5.0131657525191886e-204;0.08137136344958289;1.4908239327135167e-234
2.0855630571815547e-204;0.07559226280297782;5.61375123688723e-235
1.0333175621827755e-204;0.08137136344958289;2.419669368414737e-235
4.298778537179542e-205;0.07559226280297782;9.111352193731252e-236
2.1298820685886914e-205;0.08137136344958289;3.9272242174084078e-236
8.86067522536999e-206;0.07559226280297782;1.4788104298729711e-236
4.3901292227270087e-206;0.08137136344958289;6.374048560156649e-237
1.8263691597613087e-206;0.07559226280297782;2.4001709526777914e-237
9.04896795765436e-207;0.08137136344958289;1.034534643251053e-237
3.7645260918452625e-207;0.07559226280297782;3.8955774761292986e-238
1.8651802018664008e-207;0.08137136344958289;1.6790928371281177e-238
7.759469995669387e-208;0.07559226280297782;6.3226845802775125e-239
3.844523708907205e-208;0.08137136344958289;2.72523764582215e-239
1.5993878949097837e-208;0.07559226280297782;1.0261980552726717e-239
7.924361696290579e-209;0.08137136344958289;4.4231742652830804e-240
3.296670571329757e-209;0.07559226280297782;1.6655622074368824e-240
1.6333754984563917e-209;0.08137136344958289;7.178996155089544e-241
6.795122615633324e-210;0.07559226280297782;2.7032768699848158e-241
3.36672607991446e-210;0.08137136344958289;1.1651809922865923e-241
1.400615874787476e-210;0.07559226280297782;4.387531010949552e-242
6.939521566160447e-211;0.08137136344958289;1.891137305907959e-242
2.8869601619747214e-211;0.07559226280297782;7.121145667980409e-243
1.4303794969987398e-211;0.08137136344958289;3.0693946549697546e-243
5.950624383786697e-212;0.07559226280297782;1.1557916171542052e-243
2.948309167899001e-212;0.08137136344958289;4.981755432841865e-244
1.2265472528272068e-212;0.07559226280297782;1.8758979587940214e-244
6.077077424387162e-213;0.08137136344958289;8.085596667234032e-245
2.5281685860007676e-213;0.07559226280297782;3.0446605595497014e-245
1.2526118503478876e-213;0.08137136344958289;1.3123260333936453e-245
5.211080441057864e-214;0.07559226280297782;4.941610965255797e-246
2.5818931339190354e-214;0.08137136344958289;2.1299598394534352e-246
1.0741118892760261e-214;0.07559226280297782;8.020440523441441e-247
5.32181789045575e-215;0.08137136344958289;3.457013579127604e-247
2.2139676478490636e-215;0.07559226280297782;1.3017509197374006e-247
1.0969371771087014e-215;0.08137136344958289;5.610877099607363e-248
4.563447062322464e-216;0.07559226280297782;2.1127959893031724e-248
2.2610153058434697e-216;0.08137136344958289;9.106687349154964e-249
9.406212015271177e-217;0.07559226280297782;3.429155935081694e-249
4.6604220551017454e-217;0.08137136344958289;1.4780533061588999e-249
1.9388156204709772e-217;0.07559226280297782;5.565662982436986e-250
9.606097612672427e-218;0.08137136344958289;2.3989421093389907e-250
3.9963015973693133e-218;0.07559226280297782;9.033302952824604e-251
1.980016192807596e-218;0.08137136344958289;3.893583012182055e-251
8.237207441756105e-219;0.07559226280297782;1.4661427128269977e-251
4.081224532434871e-219;0.08137136344958289;6.319447482177841e-252
1.6978595029761405e-219;0.07559226280297782;2.3796107200230215e-252
8.412251245546659e-220;0.08137136344958289;1.0256726607614582e-252
3.4996410036164005e-220;0.07559226280297782;3.8622073617445064e-253
1.7339396657988356e-220;0.08137136344958289;1.6647094702509365e-253
7.213486824277792e-221;0.07559226280297782;6.268523494031468e-254
3.574009711398251e-221;0.08137136344958289;2.7018928419967634e-254
1.4868494257056313e-221;0.07559226280297782;1.0174074852748388e-254
7.366776174004965e-222;0.08137136344958289;4.385284675849722e-255
3.0647054171926107e-222;0.07559226280297782;1.6512947460097286e-255
1.518445543805075e-222;0.08137136344958289;7.117499772504092e-256
6.316994264373662e-223;0.07559226280297782;2.6801201855348445e-256
3.1298315776682506e-223;0.08137136344958289;1.155199873125222e-256
1.3020636930476565e-223;0.07559226280297782;4.349946747101803e-257
6.451232804847196e-224;0.08137136344958289;1.874937533575822e-257
2.6838236506155827e-224;0.07559226280297782;7.060144841543913e-258
1.3297330437615e-224;0.08137136344958289;3.0431017493977214e-258
5.531917851686791e-225;0.07559226280297782;1.1458909288208958e-258
2.740855928099016e-225;0.08137136344958289;4.939080951420388e-259
1.1402431419363858e-225;0.07559226280297782;1.8598287290475385e-259
5.649473218583031e-226;0.08137136344958289;8.016334205555812e-260
2.3502778920271214e-226;0.07559226280297782;3.0185795300341498e-260
1.1644737441425255e-226;0.08137136344958289;1.301084447232717e-260
4.844410780994298e-227;0.07559226280297782;4.899280367503299e-261
2.400222194764936e-227;0.08137136344958289;2.1117142766548217e-261
9.985336582803971e-228;0.07559226280297782;7.951736199288305e-262
4.947356360090759e-228;0.08137136344958289;3.4274002703762927e-262
2.0581852196154783e-228;0.07559226280297782;1.2905999216226605e-262
1.0197528798423397e-228;0.08137136344958289;5.562813465458063e-263
4.242347128827641e-229;0.07559226280297782;2.09469745467851e-263
2.10192244151919e-229;0.08137136344958289;9.028678068022722e-264
8.74435837452693e-230;0.07559226280297782;3.399781259183668e-264
4.332498625397413e-230;0.08137136344958289;1.4653920747508285e-264
1.802393841432061e-230;0.07559226280297782;5.517986659352885e-265
8.930179329311412e-231;0.08137136344958289;2.3783924031448086e-265
3.715107982188539e-231;0.07559226280297782;8.955922293691169e-266
1.8406953988668793e-231;0.08137136344958289;3.86022998268146e-266
7.657609009779375e-232;0.07559226280297782;1.4535835093889273e-266
3.794055445548318e-232;0.08137136344958289;6.265314125410793e-267
1.5783922305297444e-232;0.07559226280297782;2.359226609475863e-267
7.820336125551373e-233;0.08137136344958289;1.0168865913736208e-267
3.2533941472005706e-233;0.07559226280297782;3.829123100879732e-268
1.6119336681903783e-233;0.08137136344958289;1.6504493135013607e-268
6.705920918963546e-234;0.07559226280297782;6.214826359960485e-269
3.322530015245981e-234;0.08137136344958289;2.6787480133428974e-269
1.3822295527914255e-234;0.07559226280297782;1.0086922166484019e-269
6.848424299371775e-235;0.08137136344958289;4.347719654453103e-270
2.8490621343403442e-235;0.07559226280297782;1.6371495018463136e-270
1.4116024586388407e-235;0.08137136344958289;7.056530177367658e-271
5.872508679140373e-236;0.07559226280297782;2.657161864796952e-271
2.9096057927047697e-236;0.08137136344958289;1.1453042537620589e-271
1.2104459839926848e-236;0.07559226280297782;4.3126844358249696e-272
5.997301731186007e-237;0.08137136344958289;1.858876530979121e-272
2.4949805274336275e-237;0.07559226280297782;6.999666557546433e-273
1.2361684234018252e-237;0.08137136344958289;3.017034072889113e-273
5.142672960704874e-238;0.07559226280297782;1.1360750513029761e-273
2.5479998164333798e-238;0.08137136344958289;4.896772026154592e-274
1.0600116870639015e-238;0.07559226280297782;1.8438971507886682e-274
5.251956725021568e-239;0.08137136344958289;7.947665056751749e-275
2.184904203120959e-239;0.07559226280297782;2.9927219146192164e-275
1.082537340214934e-239;0.08137136344958289;1.2899391582237123e-275
4.5035412675858995e-240;0.07559226280297782;4.857312380146205e-276
2.2313342518160425e-240;0.08137136344958289;2.09362500814668e-276
9.282733732617729e-241;0.07559226280297782;7.883620406917616e-277
4.599243239349991e-241;0.08137136344958289;3.3980406337715045e-277
1.9133641823353347e-241;0.07559226280297782;1.2795444446687391e-277
9.479995369358301e-242;0.08137136344958289;5.51516155177361e-278
3.943840898268838e-242;0.07559226280297782;2.07675395487842e-278
1.9540239018920817e-242;0.08137136344958289;8.951337026362117e-279
8.129075047215462e-243;0.07559226280297782;3.370658211266527e-279
4.027649023444646e-243;0.08137136344958289;1.4528393013936966e-279
1.6755711710446508e-243;0.07559226280297782;5.470718738967608e-280
8.30182099632806e-244;0.08137136344958289;2.358018728886957e-280
3.453700123235595e-244;0.07559226280297782;8.879204489156904e-281
1.711177698302257e-244;0.08137136344958289;3.8271626603491347e-281
7.118793129987359e-245;0.07559226280297782;1.4411318900145506e-281
3.5270925697652837e-245;0.08137136344958289;6.211644483283857e-282
1.4673310889562244e-245;0.07559226280297782;2.3390171123473172e-282
7.270070202548916e-246;0.08137136344958289;1.0081757848042658e-282
3.0244740720837377e-246;0.07559226280297782;3.7963222448698607e-283
1.4985124349460098e-246;0.08137136344958289;1.636311311442532e-283
6.234069107888761e-247;0.07559226280297782;6.161589203779068e-284
3.088745301112125e-247;0.08137136344958289;2.6558014468425384e-284
1.284971096318824e-247;0.07559226280297782;1.0000516043502594e-284
6.366545457119246e-248;0.08137136344958289;4.3104764207936154e-285
2.6485922594046804e-248;0.07559226280297782;1.6231254280148008e-285
1.312277222824801e-248;0.08137136344958289;6.996082857138132e-286
5.459298638447993e-249;0.07559226280297782;2.6344002085571426e-286
2.7048758563705914e-249;0.08137136344958289;1.1354934017927104e-286
1.1252748141180142e-249;0.07559226280297782;4.275741319223934e-287
5.5753108193308414e-250;0.08137136344958289;1.8429531093950075e-287
2.319425060154445e-250;0.07559226280297782;6.939706339809263e-288
1.1491873336418563e-250;0.08137136344958289;2.991189696097204e-288
4.780816687778677e-251;0.07559226280297782;1.1263432580979895e-288
2.368713728432783e-251;0.08137136344958289;4.854825525634369e-289
9.854255951093824e-252;0.07559226280297782;1.8281020448736496e-289
4.88241086810877e-252;0.08137136344958289;7.879584138412685e-290
2.0311667794731254e-252;0.07559226280297782;2.9670857995054303e-290
1.0063662653231872e-252;0.08137136344958289;1.2788893414704521e-290
4.186656513196501e-253;0.07559226280297782;4.8157038970082365e-291
2.074329849205918e-253;0.08137136344958289;2.0756906950881364e-291
8.62956845131023e-254;0.07559226280297782;7.8160881048758225e-292
4.2756245629167756e-254;0.08137136344958289;3.3689324963187306e-292
1.7787332545939294e-254;0.07559226280297782;1.2685836706267236e-292
8.812950076389986e-255;0.08137136344958289;5.467917831693333e-293
3.66633859949038e-255;0.07559226280297782;2.0589641618508073e-293
1.8165320155228516e-255;0.08137136344958289;8.874658499931328e-294
7.557085184861962e-256;0.07559226280297782;3.34178463584639e-294
3.744249694843601e-256;0.08137136344958289;1.440394057019193e-294
1.5576721827928916e-256;0.07559226280297782;5.423855722840974e-295
7.71767613096608e-257;0.08137136344958289;2.3378195786488724e-295
3.210685826206005e-257;0.07559226280297782;8.803143861107593e-296
1.5907733115264765e-257;0.08137136344958289;3.7943785977736506e-296
6.617890200823314e-258;0.07559226280297782;1.4287869331222687e-296
3.2789141261206828e-258;0.08137136344958289;6.15843458354626e-297
1.3640845937862025e-258;0.07559226280297782;2.31898073287205e-297
6.758522894853595e-259;0.08137136344958289;9.995395963405396e-298
2.811661605950149e-259;0.07559226280297782;3.7638023660254198e-298
1.3930719123254957e-259;0.08137136344958289;1.6222944176786302e-298
5.795418423744202e-260;0.07559226280297782;6.10880808524604e-299
2.8714104888036393e-260;0.08137136344958289;2.633051444151668e-299
1.194556081542525e-260;0.07559226280297782;9.9148500886285e-300
5.918573278423181e-261;0.08137136344958289;4.273552218388138e-300
2.4622281388758166e-261;0.07559226280297782;1.6092214865515367e-300
1.2199408544565064e-261;0.08137136344958289;6.936153337928537e-301
5.0751634867098907e-262;0.07559226280297782;2.6118335321571666e-301
2.5145514271111143e-262;0.08137136344958289;1.1257665910866768e-301
1.046096582609659e-262;0.07559226280297782;4.239114663028151e-302
5.183012648923441e-263;0.08137136344958289;1.8271660902834225e-302
2.1562222833082116e-263;0.07559226280297782;6.880259750497323e-303
1.06832653447709e-263;0.08137136344958289;2.965566706202385e-303
4.444421874925205e-264;0.07559226280297782;1.1166948289268122e-303
2.202042830254124e-264;0.08137136344958289;4.813238345273731e-304
9.160876387942533e-265;0.07559226280297782;1.8124422422594533e-304
4.5388675370185484e-265;0.08137136344958289;7.812086411666242e-305
1.8882468531764943e-265;0.07559226280297782;2.9416692872872303e-305
9.355548509573422e-266;0.08137136344958289;1.2679341791429505e-305
3.8920688671487566e-266;0.07559226280297782;4.774451838521107e-306
1.928372819896727e-266;0.08137136344958289;2.0579100101070338e-306
8.022362140387338e-267;0.07559226280297782;7.749134294895267e-307
3.9747768168923755e-267;0.08137136344958289;3.3400737036376252e-307
1.6535754250069982e-267;0.07559226280297782;1.257716788256936e-307
8.192840399477945e-268;0.08137136344958289;5.421078808568184e-308
3.4083623231387186e-268;0.07559226280297782;2.041326758919883e-308
1.688714534261493e-268;0.08137136344958289;8.798636813523274e-309
7.025342509394402e-269;0.07559226280297782;3.31315839590357e-309
3.4807913241025944e-269;0.08137136344958289;1.428055420517564e-309
1.4480689755088364e-269;0.07559226280297782;5.377394142501e-310
7.174633720581104e-270;0.08137136344958289;2.317793457431e-310
2.984770856406213e-270;0.07559226280297782;8.7277347800687e-311
1.4788409942319817e-270;0.08137136344958289;3.7618753685085e-311
6.152232535830278e-271;0.07559226280297782;1.416547725025e-311
3.0481983769394515e-271;0.08137136344958289;6.10568048797e-312
1.2681028794452118e-271;0.07559226280297782;2.2991159881e-312
6.28296982665249e-272;0.08137136344958289;9.9097738679e-313
2.613823361668847e-272;0.07559226280297782;3.73156105744e-313
1.2950505499009329e-272;0.08137136344958289;1.6083975948e-313
5.387632720300131e-273;0.07559226280297782;6.056479098e-314
2.669368106280205e-273;0.08137136344958289;2.6104963214e-314
1.1105029802134758e-273;0.07559226280297782;9.82991796e-315
5.502121973054305e-274;0.08137136344958289;4.236944313e-315
2.2889772430410053e-274;0.07559226280297782;1.59543665e-315
1.1341015926257257e-274;0.08137136344958289;6.8767372e-316
4.718057414084932e-275;0.07559226280297782;2.58946015e-316
2.337618883578163e-275;0.08137136344958289;1.1161231e-316
9.724896055772197e-276;0.07559226280297782;4.2028015e-317
4.818317935882297e-276;0.08137136344958289;1.8115144e-317
2.004503018832301e-276;0.07559226280297782;6.82132e-318
9.931553810734252e-277;0.08137136344958289;2.940165e-318
4.131696965668758e-277;0.07559226280297782;1.107127e-318
2.0470994734690233e-277;0.08137136344958289;4.772e-319
8.516285411264123e-278;0.07559226280297782;1.7969e-319
4.219497104015928e-278;0.08137136344958289;7.745e-320
1.7553832676683468e-278;0.07559226280297782;2.9165e-320
8.697259728481983e-279;0.08137136344958289;1.257e-320
3.6182094277094235e-279;0.07559226280297782;4.733e-321
1.7926858324581274e-279;0.08137136344958289;2.04e-321
7.457880967587497e-280;0.07559226280297782;7.66e-322
3.6950977597825553e-280;0.08137136344958289;3.3e-322
1.537224133593482e-280;0.07559226280297782;1.24e-322
7.616363786190076e-281;0.08137136344958289;5.4e-323
3.1685381506788054e-281;0.07559226280297782;2.0e-323
1.569890733472806e-281;0.08137136344958289;1.0e-323
6.531015089411822e-282;0.07559226280297782;5.0e-324
3.2358707963930242e-282;0.08137136344958289;0.0
1.3461778293244495e-282;0.07559226280297782;0.0
6.669801654148427e-283;0.08137136344958289;0.0
2.774752045976193e-283;0.07559226280297782;0.0
1.3747846222806342e-283;0.08137136344958289;0.0
5.719340156205649e-284;0.07559226280297782;0.0
2.8337165865850906e-284;0.08137136344958289;0.0
1.178874770804192e-284;0.07559226280297782;0.0
5.8408783186463995e-285;0.08137136344958289;0.0
2.4299057011510673e-285;0.07559226280297782;0.0
1.2039263098765491e-285;0.08137136344958289;0.0
5.008540230663037e-286;0.07559226280297782;0.0
2.4815421252413125e-286;0.08137136344958289;0.0
1.0323641460772294e-286;0.07559226280297782;0.0
5.1149736232432704e-287;0.08137136344958289;0.0
2.1279168800141173e-287;0.07559226280297782;0.0
1.0543022784241579e-287;0.08137136344958289;0.0
4.386078560994777e-288;0.07559226280297782;0.0
2.1731359263306684e-288;0.08137136344958289;0.0
9.040618702686527e-289;0.07559226280297782;0.0
4.479284405386746e-289;0.08137136344958289;0.0
1.8634592470415843e-289;0.07559226280297782;0.0
9.232735302581313e-290;0.08137136344958289;0.0
3.840976463649426e-290;0.07559226280297782;0.0
1.903058467665469e-290;0.08137136344958289;0.0
7.917050087213233e-291;0.07559226280297782;0.0
3.922598680307341e-291;0.08137136344958289;0.0
1.631868423996778e-291;0.07559226280297782;0.0
8.085290424956954e-292;0.08137136344958289;0.0
3.3636196865025675e-292;0.07559226280297782;0.0
1.666546251190263e-292;0.08137136344958289;0.0
6.933118644282285e-293;0.07559226280297782;0.0
3.4350978893514517e-293;0.08137136344958289;0.0
1.429059721840166e-293;0.07559226280297782;0.0
7.080450063116582e-294;0.08137136344958289;0.0
2.945588837240076e-294;0.07559226280297782;0.0
1.4594277866635321e-294;0.08137136344958289;0.0
6.071470258010503e-295;0.07559226280297782;0.0
3.008183724903069e-295;0.08137136344958289;0.0
1.251456096922385e-295;0.07559226280297782;0.0
6.200491319587263e-296;0.08137136344958289;0.0
2.579510886111803e-296;0.07559226280297782;0.0
1.2780500168923655e-296;0.08137136344958289;0.0
5.316907583040816e-297;0.07559226280297782;0.0
2.634326477514206e-297;0.08137136344958289;0.0
1.0959250607857932e-297;0.07559226280297782;0.0
5.429893899619472e-298;0.08137136344958289;0.0
2.2589291239315584e-298;0.07559226280297782;0.0
1.1192138868431401e-298;0.08137136344958289;0.0
4.656122000976462e-299;0.07559226280297782;0.0
2.3069322304627597e-299;0.08137136344958289;0.0
9.597234308195082e-300;0.07559226280297782;0.0
4.7550663715931706e-300;0.08137136344958289;0.0
1.9781892817044036e-300;0.07559226280297782;0.0
9.801179202269216e-301;0.08137136344958289;0.0
4.077458889285078e-301;0.07559226280297782;0.0
2.0202265593783777e-301;0.08137136344958289;0.0
8.404489473062591e-302;0.07559226280297782;0.0
4.1641064477964755e-302;0.08137136344958289;0.0
1.732339803313258e-302;0.07559226280297782;0.0
8.583088083900659e-303;0.08137136344958289;0.0
3.5707120625970025e-303;0.07559226280297782;0.0
1.7691526856855726e-303;0.08137136344958289;0.0
7.359979035054332e-304;0.07559226280297782;0.0
3.646591057523045e-304;0.08137136344958289;0.0
1.5170445123217719e-304;0.07559226280297782;0.0
7.51638140020346e-305;0.08137136344958289;0.0
3.126943760850829e-305;0.07559226280297782;0.0
1.54928228754281e-305;0.08137136344958289;0.0
6.445280414718642e-306;0.07559226280297782;0.0
3.193392509896994e-306;0.08137136344958289;0.0
1.328506132552011e-306;0.07559226280297782;0.0
6.582245084877365e-307;0.08137136344958289;0.0
2.738327009322755e-307;0.07559226280297782;0.0
1.356737395203252e-307;0.08137136344958289;0.0
5.644260591844067e-308;0.07559226280297782;0.0
2.7965175039926373e-308;0.08137136344958289;0.0
1.1633993135291406e-308;0.07559226280297782;0.0
5.764203284870486e-309;0.08137136344958289;0.0
2.398007570160515e-309;0.07559226280297782;0.0
1.188121993224584e-309;0.08137136344958289;0.0
4.9427915589045e-310;0.07559226280297782;0.0
2.44896614678586e-310;0.08137136344958289;0.0
1.01881197952776e-310;0.07559226280297782;0.0
5.0478277671017e-311;0.08137136344958289;0.0
2.0999830505886e-311;0.07559226280297782;0.0
1.04046212316e-311;0.08137136344958289;0.0
4.32850113797e-312;0.07559226280297782;0.0
2.14460849236e-312;0.08137136344958289;0.0
8.9219396776e-313;0.07559226280297782;0.0
4.42048344013e-313;0.08137136344958289;0.0
1.83899703555e-313;0.07559226280297782;0.0
9.111534303e-314;0.08137136344958289;0.0
3.790554766e-314;0.07559226280297782;0.0
1.878076425e-314;0.08137136344958289;0.0
7.813120497e-315;0.07559226280297782;0.0
3.871105505e-315;0.08137136344958289;0.0
1.61044638e-315;0.07559226280297782;0.0
7.97915228e-316;0.08137136344958289;0.0
3.3194644e-316;0.07559226280297782;0.0
1.644669e-316;0.08137136344958289;0.0
6.8421056e-317;0.07559226280297782;0.0
3.3900043e-317;0.08137136344958289;0.0
1.4103e-317;0.07559226280297782;0.0
6.9875e-318;0.08137136344958289;0.0
2.90692e-318;0.07559226280297782;0.0
1.44027e-318;0.08137136344958289;0.0
5.9918e-319;0.07559226280297782;0.0
2.9687e-319;0.08137136344958289;0.0
1.235e-319;0.07559226280297782;0.0
6.119e-320;0.08137136344958289;0.0
2.5454e-320;0.07559226280297782;0.0
1.2613e-320;0.08137136344958289;0.0
5.247e-321;0.07559226280297782;0.0
2.6e-321;0.08137136344958289;0.0
1.08e-321;0.07559226280297782;0.0
5.34e-322;0.08137136344958289;0.0
2.2e-322;0.07559226280297782;0.0
1.1e-322;0.08137136344958289;0.0
4.4e-323;0.07559226280297782;0.0
2.5e-323;0.08137136344958289;0.0
1.0e-323;0.07559226280297782;0.0
5.0e-324;0.08137136344958289;0.0
0.0;0.07559226280297782;0.0
0.0;0.08137136344958289;0.0
0.0;0.07559226280297782;0.0
0.0;0.08137136344958289;0.0
0.0;0.07559226280297782;0.0
0.0;0.08137136344958289;0.0
0.0;0.07559226280297782;0.0
0.0;0.08137136344958289;0.0
0.0;0.07559226280297782;0.0
0.0;0.08137136344958289;0.0
0.0;0.07559226280297782;0.0
0.0;0.08137136344958289;0.0
0.0;0.07559226280297782;0.0
0.0;0.08137136344958289;0.0
0.0;0.07559226280297782;0.0
0.0;0.08137136344958289;0.0
0.0;0.07559226280297782;0.0
0.0;0.08137136344958289;0.0
0.0;0.07559226280297782;0.0
0.0;0.08137136344958289;0.0
0.0;0.07559226280297782;0.0
0.0;0.08137136344958289;0.0
0.0;0.07559226280297782;0.0
0.0;0.08137136344958289;0.0
0.0;0.07559226280297782;0.0
0.0;0.08137136344958289;0.0
0.0;0.07559226280297782;0.0
0.0;0.08137136344958289;0.0
0.0;0.07559226280297782;0.0
0.0;0.08137136344958289;0.0
0.0;0.07559226280297782;0.0
0.0;0.08137136344958289;0.0
0.0;0.07559226280297782;0.0
0.0;0.08137136344958289;0.0
0.0;0.07559226280297782;0.0
0.0;0.08137136344958289;0.0
0.0;0.07559226280297782;0.0
0.0;0.08137136344958289;0.0
0.0;0.07559226280297782;0.0
0.0;0.08137136344958289;0.0
0.0;0.07559226280297782;0.0
0.0;0.08137136344958289;0.0
0.0;0.07559226280297782;0.0
0.0;0.08137136344958289;0.0
0.0;0.07559226280297782;0.0
0.0;0.08137136344958289;0.0
0.0;0.07559226280297782;0.0
0.0;0.08137136344958289;0.0
0.0;0.07559226280297782;0.0
0.0;0.08137136344958289;0.0
0.0;0.07559226280297782;0.0
0.0;0.08137136344958289;0.0
0.0;0.07559226280297782;0.0
0.0;0.08137136344958289;0.0
0.0;0.07559226280297782;0.0
0.0;0.08137136344958289;0.0
0.0;0.07559226280297782;0.0
0.0;0.08137136344958289;0.0
0.0;0.07559226280297782;0.0
0.0;0.08137136344958289;0.0
