# ["m", "w0", "wp"] [calculated @ 2025-10-14T10:33:48.367]
0.7403481191587129;0.5307907945251561;0.20823239457445608
0.0;0.0;0.0
0.020937193881671656;0.04737932811598559;0.0029228351896294453
0.012141783875731279;0.07258733839718969;0.0014543636615717364
0.005669292956160063;0.08078908643143363;0.0005819006142255385
0.002193524877956709;0.07549632100353112;0.0001999098144776673
0.0010042767537122095;0.08135318494409227;7.81965414405738e-5
0.00038711897772190885;0.0755892799804345;2.6746471134495215e-5
0.0001770929647930551;0.08137079874244608;1.0452123289336562e-5
6.825194474341244e-5;0.07559217014842211;3.5742914403503727e-6
3.122136319020538e-5;0.08137134590661166;1.3967024965699247e-6
1.2032626189621393e-5;0.07559225992432869;4.776204715675226e-7
5.504219067638978e-6;0.0813713629044975;1.8663581532188578e-7
2.121308497193686e-6;0.07559226271352827;6.382244729692082e-8
9.703736043397155e-7;0.08137136343264424;2.4939361621911484e-8
3.739788596543562e-7;0.07559226280019814;8.528325024524633e-9
1.710732798535809e-7;0.08137136344905649;3.3325417978451133e-9
6.593109004585098e-8;0.0755922628028915;1.139604119947127e-9
3.015958653852341e-8;0.08137136344956648;4.453135095463061e-10
1.1623407323002234e-8;0.07559226280297518;1.5228049347394545e-10
5.3170235570043295e-9;0.08137136344958244;5.950536661732953e-11
2.0491637199261617e-9;0.07559226280297772;2.0348600249929177e-11
9.37371587165301e-10;0.08137136344958287;7.951451235460297e-12
3.612599846314717e-10;0.07559226280297782;2.7190976510663536e-12
1.65255143783399e-10;0.08137136344958289;1.0625189011165337e-12
6.368879910680534e-11;0.07559226280297782;3.6334155397337023e-13
2.9133870623728224e-11;0.08137136344958289;1.4197992062042558e-13
1.1228099718276232e-11;0.07559226280297782;4.855179981930126e-14
5.136193634205511e-12;0.08137136344958289;1.8972178130850693e-14
1.979472451225383e-12;0.07559226280297782;6.4877722900533724e-15
9.054919405925801e-13;0.08137136344958289;2.5351721669926e-15
3.4897367172312125e-13;0.07559226280297782;8.669336552761774e-16
1.596348800048585e-13;0.08137136344958289;3.387643670624641e-16
6.152276758412465e-14;0.07559226280297782;1.1584468890851442e-16
2.81430389071034e-14;0.08137136344958289;4.5267653962677273e-17
1.0846236372276563e-14;0.07559226280297782;1.5479837317003578e-17
4.961513667330293e-15;0.08137136344958289;6.0489257269105016e-18
1.9121513557145493e-15;0.07559226280297782;2.06850538957496e-18
8.746965085171362e-16;0.08137136344958289;8.082924394501963e-19
3.3710521158350386e-16;0.07559226280297782;2.7640565330753e-19
1.5420575923229338e-16;0.08137136344958289;1.0800871049974714e-19
5.943040195910275e-17;0.07559226280297782;3.6934921980580953e-20
2.7185904995460717e-17;0.08137136344958289;1.443274856282629e-20
1.0477360051568433e-17;0.07559226280297782;4.935457887302344e-21
4.792774498836235e-18;0.08137136344958289;1.92858733442848e-21
1.847119824727825e-18;0.07559226280297782;6.595044270065543e-22
8.449484172232038e-19;0.08137136344958289;2.5770899356605904e-22
3.256403932011289e-19;0.07559226280297782;8.812679576503898e-23
1.4896128076573463e-19;0.08137136344958289;3.4436566174231525e-23
5.740919688294262e-20;0.07559226280297782;1.1776012129385901e-23
2.6261322839434798e-20;0.08137136344958289;4.601613135275567e-24
1.0121029072424768e-20;0.07559226280297782;1.5735788470191735e-24
4.629774084459006e-21;0.08137136344958289;6.148941604574254e-25
1.7842999910577588e-21;0.07559226280297782;2.1027070629514662e-25
8.16212047054274e-22;0.08137136344958289;8.216571394631143e-26
3.1456548887532914e-22;0.07559226280297782;2.809758787086766e-26
1.4389516499148458e-22;0.08137136344958289;1.0979457900990316e-26
5.545673221279053e-23;0.07559226280297782;3.754562193047386e-27
2.53681853663571e-23;0.08137136344958289;1.46713866416821e-27
9.77681677261184e-24;0.07559226280297782;5.017063146575898e-28
4.4723172513818414e-24;0.08137136344958289;1.9604755346829355e-28
1.7236166357306274e-24;0.07559226280297782;6.704089937127957e-29
7.884529897646315e-25;0.08137136344958289;2.619700793087199e-29
3.038672377792454e-25;0.07559226280297782;8.958392703463327e-30
1.3900134586308897e-25;0.08137136344958289;3.500595709505546e-30
5.357067011391922e-26;0.07559226280297782;1.1970722436913701e-30
2.4505423154673923e-26;0.08137136344958289;4.6776984431751415e-31
9.44431100051408e-27;0.07559226280297782;1.5995971644135453e-31
4.320215464540273e-27;0.08137136344958289;6.25061119336565e-32
1.6649970979410215e-27;0.07559226280297782;2.137474243417124e-32
7.616380073197445e-28;0.08137136344958289;8.352428179211084e-33
2.9353283008163608e-28;0.07559226280297782;2.856216704376723e-33
1.3427396363799641e-28;0.08137136344958289;1.116099759379138e-33
5.174875226045984e-29;0.07559226280297782;3.8166419490130138e-34
2.3672003153446848e-29;0.08137136344958289;1.4913970478508536e-34
9.123113621633638e-30;0.07559226280297782;5.100017706865327e-35
4.17328660087478e-30;0.08137136344958289;1.992890989937629e-35
1.608371188049544e-30;0.07559226280297782;6.814938618244278e-36
7.357349920978279e-31;0.08137136344958289;2.6630161991387888e-36
2.8354989160868124e-31;0.07559226280297782;9.106515122078487e-37
1.2970735786124197e-31;0.08137136344958289;3.5584762602080616e-37
4.998879713133629e-32;0.07559226280297782;1.2168652179292726e-37
2.2866927445401797e-32;0.08137136344958289;4.755041782531941e-38
8.812840041873548e-33;0.07559226280297782;1.6260456813122614e-38
4.031354731260909e-33;0.08137136344958289;6.353961836548141e-39
1.5536711035393878e-33;0.07559226280297782;2.1728162813409784e-39
7.107129284449496e-34;0.08137136344958289;8.49053128589181e-40
2.7390646902744886e-34;0.07559226280297782;2.903442779449069e-40
1.252960605877542e-34;0.08137136344958289;1.1345538952099018e-40
4.828869739816384e-35;0.07559226280297782;3.8797481618336827e-41
2.2089232052046742e-35;0.08137136344958289;1.5160565314385481e-41
8.513118747033897e-36;0.07559226280297782;5.184343878169352e-42
3.894249909855958e-36;0.08137136344958289;2.025842418082972e-42
1.5008313478312214e-36;0.07559226280297782;6.927620125325111e-43
6.865418555376159e-37;0.08137136344958289;2.707047803164728e-43
2.6459101553325296e-37;0.07559226280297782;9.257086668748493e-44
1.2103478983516675e-37;0.08137136344958289;3.6173138360650423e-44
4.664641740198451e-38;0.07559226280297782;1.2369854588223338e-44
2.1337985779426837e-38;0.08137136344958289;4.833663954249478e-45
8.223590857969645e-39;0.07559226280297782;1.6529315108429976e-45
3.7618079706098795e-39;0.08137136344958289;6.45902132949201e-46
1.4497886518591437e-39;0.07559226280297782;2.2087426816956066e-46
6.631928315083998e-40;0.08137136344958289;8.630917856454597e-47
2.5559237702378748e-40;0.07559226280297782;2.9514497133978845e-47
1.169184432592985e-40;0.08137136344958289;1.1533131606909489e-47
4.5059990715817083e-41;0.07559226280297782;3.94389780344588e-48
2.0612289103134956e-41;0.08137136344958289;1.541123746912054e-48
7.943909700877157e-42;0.07559226280297782;5.2700643393710864e-49
3.633870330696747e-42;0.08137136344958289;2.059338681155212e-49
1.4004818983138151e-42;0.07559226280297782;7.042164763205686e-50
6.406378987916357e-43;0.08137136344958289;2.7518074471303934e-50
2.46899778743469e-43;0.07559226280297782;9.410147838546851e-51
1.1294209204472872e-43;0.08137136344958289;3.6771242609954956e-51
4.3527517790104433e-44;0.07559226280297782;1.2574383775564857e-51
1.9911273091242464e-44;0.08137136344958289;4.913586103163483e-52
7.673740392195387e-45;0.07559226280297782;1.680261883745341e-52
3.510283800631432e-45;0.08137136344958289;6.565817927149686e-53
1.3528520484620445e-45;0.07559226280297782;2.2452631066134385e-53
6.188500506476934e-46;0.08137136344958289;8.773625646801028e-54
2.385028123820001e-46;0.07559226280297782;3.0002504173233246e-54
1.0910097500315033e-46;0.08137136344958289;1.172382600984206e-54
4.2047163678238334e-47;0.07559226280297782;4.0091081264083454e-55
1.923409836386088e-47;0.08137136344958289;1.5666054359085209e-55
7.412759437624106e-48;0.07559226280297782;5.357202144337311e-56
3.3909004008442016e-48;0.08137136344958289;2.0933887877198135e-56
1.3068420714552105e-48;0.07559226280297782;7.158603337796104e-57
5.9780319882576106e-49;0.08137136344958289;2.7973071688019603e-57
2.3039142361170867e-49;0.07559226280297782;9.565739796112293e-58
1.0539049287243654e-49;0.08137136344958289;3.7379236205588e-58
4.0617155839437602e-50;0.07559226280297782;1.2782294747888245e-58
1.857995408808849e-50;0.08137136344958289;4.994829723728713e-59
7.160654344779699e-51;0.07559226280297782;1.708044150315437e-59
3.2755771844934856e-51;0.08137136344958289;6.674380351654727e-60
1.26239687604188e-51;0.07559226280297782;2.2823873779852895e-60
5.774721423263815e-52;0.08137136344958289;8.918693037107085e-61
2.2255590004873136e-52;0.07559226280297782;3.0498580158039385e-61
1.018062028095933e-52;0.08137136344958289;1.1917673446707563e-61
3.9235782016350317e-53;0.07559226280297782;4.075396668541993e-62
1.7948057007138063e-53;0.08137136344958289;1.5925084515346085e-62
6.917123249024076e-54;0.07559226280297782;5.445780728118618e-63
3.1641760663047023e-54;0.08137136344958289;2.1280018952942394e-63
1.2194632446028677e-54;0.07559226280297782;7.276967164366356e-64
5.578325372263789e-55;0.08137136344958289;2.8435592049838866e-64
2.1498685962363973e-55;0.07559226280297782;9.723904386719683e-65
9.834381307100544e-56;0.08137136344958289;3.799728266280782e-65
3.790138818483733e-56;0.07559226280297782;1.299364342126995e-65
1.7337650502484012e-56;0.08137136344958289;5.077416665799641e-66
6.681874552019222e-57;0.07559226280297782;1.736285782382806e-66
3.056563657230288e-57;0.08137136344958289;6.784737800046375e-67
1.1779897694297017e-57;0.07559226280297782;2.3201254801018897e-67
5.3886086753003075e-58;0.08137136344958289;9.066159042145215e-68
2.0767523934757174e-58;0.07559226280297782;3.1002858504264457e-68
9.49991778736051e-59;0.08137136344958289;1.211472605130143e-68
3.661237657348347e-59;0.07559226280297782;4.142781257646606e-69
1.6748003687905386e-59;0.08137136344958289;1.6188397602095665e-69
6.454626572574274e-60;0.07559226280297782;5.535823913252133e-70
2.952611104732794e-60;0.08137136344958289;2.1631873128107934e-70
1.1379267911702817e-60;0.07559226280297782;7.397288075968312e-71
5.20534417011569e-61;0.08137136344958289;2.8905759948098974e-71
2.006122844604257e-61;0.07559226280297782;9.884684147533982e-72
9.176829243080909e-62;0.08137136344958289;3.8625548200513345e-72
3.53672037504637e-62;0.07559226280297782;1.3208486636329875e-72
1.617841053434001e-62;0.08137136344958289;5.1613691405068956e-73
6.235107209367158e-63;0.07559226280297782;1.76499437531982e-73
2.8521939384999393e-63;0.08137136344958289;6.896919952121952e-74
1.099226339367942e-63;0.07559226280297782;2.3584875623390845e-74
5.028312420153123e-64;0.08137136344958289;9.216063321777095e-75
1.937895379481183e-64;0.07559226280297782;3.1515474833738406e-75
8.864728815728358e-65;0.08137136344958289;1.231503681942449e-75
3.4164378775474978e-65;0.07559226280297782;4.21128001629545e-76
1.5628189024502096e-65;0.08137136344958289;1.645606443538811e-76
6.023053615136915e-66;0.07559226280297782;5.6273559161684225e-77
2.755191921406792e-66;0.08137136344958289;2.1989545031201987e-77
1.061842075022759e-66;0.07559226280297782;7.519598431997014e-78
4.857301451808553e-67;0.08137136344958289;2.938370183088405e-78
1.871988304163566e-67;0.07559226280297782;1.0048122319050362e-78
8.563242803679103e-68;0.08137136344958289;3.9264201785947817e-79
3.30024614145194e-68;0.07559226280297782;1.3426882173518446e-79
1.5096680336251036e-68;0.08137136344958289;5.24670972623071e-80
5.818211881956689e-69;0.07559226280297782;1.7941776500844387e-80
2.6614889055467413e-69;0.08137136344958289;7.010956978418919e-81
1.0257292351063579e-69;0.07559226280297782;2.397483941887436e-81
4.6921065006185606e-70;0.08137136344958289;9.368446191619846e-82
1.808322703088013e-70;0.07559226280297782;3.2036567010728316e-82
8.27201021475771e-71;0.08137136344958289;1.2518659623136011e-82
3.1880060415402656e-71;0.07559226280297782;4.280911366709265e-83
1.458324805373347e-71;0.08137136344958289;1.6728157002184657e-83
5.620336737210421e-72;0.07559226280297782;5.720401353704205e-84
2.5709726931587256e-72;0.08137136344958289;2.2353130855365465e-84
9.908445789637044e-73;0.07559226280297782;7.643931126893471e-85
4.532529766080217e-73;0.08137136344958289;2.9869546237032376e-85
1.7468223445790372e-73;0.07559226280297782;1.0214262856723304e-85
7.990682333993527e-74;0.08137136344958289;3.99134151801407e-86
3.0795831841881437e-74;0.07559226280297782;1.3648888768656146e-86
1.4087277405353965e-74;0.08137136344958289;5.33346137467324e-87
5.42919124990921e-75;0.07559226280297782;1.8238434552966875e-87
2.483534902284323e-75;0.08137136344958289;7.126879548329123e-88
9.571463365377912e-76;0.07559226280297782;2.437125106526946e-88
4.3783801748095214e-76;0.08137136344958289;9.523348633888566e-89
1.6874135895710718e-76;0.07559226280297782;3.256627517901628e-89
7.718922306077748e-77;0.08137136344958289;1.2725649225241942e-89
2.9748477464466647e-77;0.07559226280297782;4.351694035710694e-90
1.360817452766232e-77;0.08137136344958289;1.7004748479713858e-90
5.244546546995829e-78;0.07559226280297782;5.814985249723025e-91
2.3990708369937586e-78;0.08137136344958289;2.272272838424336e-91
9.245941583551565e-79;0.07559226280297782;7.770319598991292e-92
4.229473151754656e-79;0.08137136344958289;3.0363423830705665e-92
1.6300253034347988e-79;0.07559226280297782;1.0383150442788147e-92
7.456404732020839e-80;0.08137136344958289;4.05733629841019e-93
2.873674320595377e-80;0.07559226280297782;1.3874566128730052e-93
1.3145365754275377e-80;0.08137136344958289;5.421647417031227e-94
5.066181539297564e-81;0.07559226280297782;1.8539997693494887e-94
2.3174793620255e-81;0.08137136344958289;7.244718838346987e-95
8.931490672123853e-82;0.07559226280297782;2.4774217174476694e-95
4.085630399190194e-82;0.08137136344958289;9.68081230841821e-96
1.574588770802239e-82;0.07559226280297782;3.3104741799589608e-96
7.202815279527546e-83;0.08137136344958289;1.293606129402326e-96
2.7759417639820853e-83;0.07559226280297782;4.423647059760809e-97
1.2698296928982773e-83;0.08137136344958289;1.728591325515218e-97
4.893882656799278e-84;0.07559226280297782;5.911133041845091e-98
2.238662781689295e-84;0.08137136344958289;2.3098437018283062e-98
8.62773411505737e-85;0.07559226280297782;7.898797839509852e-99
3.9466796832276755e-85;0.08137136344958289;3.0865467436530458e-99
1.5210376132886078e-85;0.07559226280297782;1.0554830498278055e-99
6.957850306622876e-86;0.08137136344958289;4.124422268577963e-100
2.6815330539695428e-86;0.07559226280297782;1.4103974947951495e-100
1.226643274221332e-86;0.08137136344958289;5.511291570270778e-101
4.727443592919782e-87;0.07559226280297782;1.8846547025543978e-101
2.162526722887691e-87;0.08137136344958289;7.364506540454308e-102
8.334308201480093e-88;0.07559226280297782;2.5183846121169538e-102
3.8124546275868306e-88;0.08137136344958289;9.840879563867729e-103
1.469307710012414e-88;0.07559226280297782;3.365211168895492e-103
6.72121649807843e-89;0.08137136344958289;1.3149952418207188e-103
2.590335147815307e-89;0.07559226280297782;4.496789790078751e-104
1.1849256090068145e-89;0.08137136344958289;1.7571726945629835e-104
4.566665057485245e-90;0.07559226280297782;6.008870588288616e-105
2.088980022115909e-90;0.08137136344958289;2.3480357801467235e-105
8.050861590186633e-91;0.07559226280297782;8.029400401695841e-106
3.682794514380594e-91;0.08137136344958289;3.1375812075320257e-106
1.4193371208186528e-91;0.07559226280297782;1.0729349195239559e-106
6.492630514203778e-92;0.08137136344958289;4.1926174707793267e-107
2.5022388473170647e-92;0.07559226280297782;1.433717692407946e-107
1.1446267455152817e-92;0.08137136344958289;5.602417943505811e-108
4.411354538103856e-93;0.07559226280297782;1.9158164993227914e-108
2.0179346163048655e-93;0.08137136344958289;7.48627487064344e-109
7.777054888950678e-94;0.07559226280297782;2.560024807194108e-109
3.557544091675336e-94;0.08137136344958289;1.0003593449109339e-109
1.3710660121131193e-94;0.07559226280297782;3.420853205808522e-110
6.271818651582136e-95;0.08137136344958289;1.3367380122186493e-110
2.4171386680612875e-95;0.07559226280297782;4.571141897846124e-111
1.1056984308466996e-95;0.08137136344958289;1.7862266418567402e-111
4.261326069656111e-96;0.07559226280297782;6.108224174824149e-112
1.9493054373765176e-96;0.08137136344958289;2.3868593448488825e-112
7.51256024814477e-97;0.07559226280297782;8.162162410116037e-113
3.4365533875958626e-97;0.08137136344958289;3.189459500038831e-113
1.3244365852191073e-97;0.07559226280297782;1.0906753469150325e-113
6.058516515344572e-98;0.08137136344958289;4.261940245595834e-114
2.3349327131187168e-98;0.07559226280297782;1.4574234775013682e-114
1.06809405316358e-98;0.08137136344958289;5.69505104448209e-115
4.116400011624567e-99;0.07559226280297782;1.947493540383159e-115
1.8830103103853948e-99;0.08137136344958289;7.610056577581656e-116
7.257060968180971e-100;0.07559226280297782;2.602353501493232e-116
3.319677530752691e-100;0.08137136344958289;1.0168997724806229e-116
1.2793930071706292e-100;0.07559226280297782;3.477415255201144e-117
5.852468702589714e-101;0.08137136344958289;1.3588402881490272e-117
2.2555225510354177e-101;0.07559226280297782;4.646723379497435e-118
1.0317685858790667e-101;0.08137136344958289;1.8157609812348658e-118
3.976402832996577e-102;0.07559226280297782;6.209220521843931e-119
1.818969855124264e-102;0.08137136344958289;2.4263248372375466e-119
7.010251120302349e-103;0.07559226280297782;8.297119570103969e-120
3.2067765767764788e-103;0.08137136344958289;3.24219557344608e-120
1.2358813438593738e-103;0.07559226280297782;1.1087091031541996e-120
5.653428496570527e-104;0.08137136344958289;4.332409236861071e-121
2.178813097973263e-104;0.07559226280297782;1.481521225566217e-121
9.966785337431847e-105;0.08137136344958289;5.789215786168316e-122
3.8411669044823956e-105;0.07559226280297782;1.9796943450350258e-122
1.7571073910761537e-105;0.08137136344958289;7.735884951418606e-123
6.771835180271132e-106;0.07559226280297782;2.6453820789950613e-123
3.0977153407519846e-106;0.08137136344958289;1.0337136875181748e-123
1.1938494954552649e-106;0.07559226280297782;3.5349125290067957e-124
5.461157571281473e-107;0.08137136344958289;1.381308013851044e-124
2.1047125038588522e-107;0.07559226280297782;4.7235545620979344e-125
9.627818807626456e-108;0.08137136344958289;1.8457836557335595e-125
3.7105302977998236e-108;0.07559226280297782;6.311886791548188e-126
1.6973488455989478e-108;0.08137136344958289;2.4664428712570556e-126
6.541527674515015e-109;0.07559226280297782;8.434308177362493e-127
2.9923632353508527e-109;0.08137136344958289;3.2958036107200648e-127
1.1532471340233835e-109;0.07559226280297782;1.1270410382831817e-127
5.2754257060926586e-110;0.08137136344958289;4.404043396674856e-128
2.0331320424043776e-110;0.07559226280297782;1.5060174175087435e-128
9.300380398919133e-111;0.08137136344958289;5.884937493456371e-129
3.584336591785181e-111;0.07559226280297782;2.012427573440163e-129
1.6396226652325406e-111;0.08137136344958289;7.863793832739441e-130
6.319052838307927e-112;0.07559226280297782;2.689122111908605e-130
2.8905941144694462e-112;0.08137136344958289;1.050805611998286e-130
1.1140256432624875e-112;0.07559226280297782;3.593360490680446e-131
5.0960105100891395e-113;0.08137136344958289;1.4041472318488235e-131
1.9639860048689162e-113;0.07559226280297782;4.8016561088104546e-132
8.984078044352323e-114;0.08137136344958289;1.8763027397230217e-132
3.462434685098289e-114;0.07559226280297782;6.416250595250136e-133
1.5838597300224468e-114;0.08137136344958289;2.5072242363478564e-133
6.104144285575916e-115;0.07559226280297782;8.573765127725189e-134
2.792286122184538e-115;0.08137136344958289;3.350298029335098e-134
1.0761380602930122e-115;0.07559226280297782;1.1456760825366576e-134
4.92269715578529e-116;0.08137136344958289;4.476861990500213e-135
1.8971915974327962e-116;0.07559226280297782;1.5309186413936593e-135
8.678533011014664e-117;0.08137136344958289;5.982241909972156e-136
3.344678615297349e-117;0.07559226280297782;2.0457020289516435e-136
1.5299932707572013e-117;0.08137136344958289;7.993817621665978e-137
5.896544689932751e-118;0.07559226280297782;2.7335853637833983e-137
2.6973215468458934e-118;0.08137136344958289;1.068180142664193e-137
1.0395390194248351e-118;0.07559226280297782;3.6527748593573094e-138
4.755278121895537e-119;0.08137136344958289;1.427364084576524e-138
1.8326688420622629e-119;0.07559226280297782;4.8810490244525935e-139
8.383379446555217e-120;0.08137136344958289;1.9073264410790218e-139
3.230927384066979e-120;0.07559226280297782;6.522340000801872e-140
1.4779587890205054e-120;0.08137136344958289;2.548679900348249e-140
5.696005476563482e-121;0.07559226280297782;8.715527927079349e-141
2.6055866801311574e-121;0.08137136344958289;3.405693485151057e-141
1.004184697837475e-121;0.07559226280297782;1.164619247668193e-141
4.593552944853271e-122;0.08137136344958289;4.5508846023447245e-142
1.7703404807456752e-122;0.07559226280297782;1.5562315942159448e-142
8.09826394112054e-123;0.08137136344958289;6.081155204999233e-143
3.12104478839019e-123;0.07559226280297782;2.079526660481485e-143
1.4276939799623467e-123;0.08137136344958289;8.125991287108444e-144
5.502286524586862e-124;0.07559226280297782;2.778783792673221e-144
2.5169716808942256e-124;0.08137136344958289;1.0858419522639151e-144
9.700327631077003e-125;0.07559226280297782;3.713171614080451e-145
4.4373279787805687e-125;0.08137136344958289;1.4509648160302984e-145
1.7101318829866127e-125;0.07559226280297782;4.961754661145833e-146
7.822845104190208e-126;0.08137136344958289;1.9388631033903388e-146
3.0148992574621224e-126;0.07559226280297782;6.630183540142982e-147
1.3791386576966671e-126;0.08137136344958289;2.590821012444115e-147
5.315155879540316e-127;0.07559226280297782;8.859634701452837e-148
2.431370443644046e-127;0.08137136344958289;3.4620048763549075e-148
9.370423225216828e-128;0.07559226280297782;1.1838756282981364e-148
4.2864161636211975e-128;0.08137136344958289;4.6261311400274495e-149
1.6519709564430805e-128;0.07559226280297782;1.5819630837019398e-149
7.556793155803851e-129;0.08137136344958289;6.181703980516777e-150
2.9123636951503e-129;0.07559226280297782;2.1139105649073457e-150
1.3322346832361925e-129;0.08137136344958289;8.260350376169913e-151
5.134389475643153e-130;0.07559226280297782;2.8247295543521276e-151
2.3486804714964355e-130;0.08137136344958289;1.103795790806956e-151
9.051738741110333e-131;0.07559226280297782;3.7745669980981793e-152
4.140636801159404e-131;0.08137136344958289;1.4749557734475626e-152
1.5957880606058669e-131;0.07559226280297782;5.043794724058002e-153
7.299789531690482e-132;0.08137136344958289;1.970921208202695e-153
2.8133153278127644e-132;0.07559226280297782;6.739810216974063e-154
1.2869258948782311e-132;0.08137136344958289;2.6336589061673813e-154
4.959770867505607e-133;0.07559226280297782;9.006124207267722e-155
2.2688027534467798e-133;0.08137136344958289;3.5192473474674974e-155
8.743892593540977e-134;0.07559226280297782;1.2034504032837513e-155
3.999815338656113e-134;0.08137136344958289;4.702621840533006e-156
1.5415159234126483e-134;0.07559226280297782;1.608120030140251e-156
7.051526501827294e-135;0.08137136344958289;6.283915278354083e-157
2.7176355572918197e-135;0.07559226280297782;2.1488629895190965e-157
1.2431580409579441e-135;0.08137136344958289;8.396931023706602e-158
4.791090970962213e-136;0.07559226280297782;2.8714350055836402e-158
2.191641645816567e-136;0.08137136344958289;1.1220464868417897e-158
8.44651617485837e-137;0.07559226280297782;3.836977523232582e-159
3.8637831598436805e-137;0.08137136344958289;1.499343409014038e-159
1.4890895606980305e-137;0.07559226280297782;5.127191277240691e-160
6.81170680197098e-138;0.08137136344958289;2.0035093772998174e-160
2.6252098189074213e-138;0.07559226280297782;6.851249514556921e-161
1.2008787148887259e-138;0.08137136344958289;2.6772051024440923e-161
4.628147812719425e-139;0.07559226280297782;9.155035841763653e-162
2.117104757731968e-139;0.08137136344958289;3.57743629341651e-162
8.159253413616388e-140;0.07559226280297782;1.2233488371120499e-162
3.73237738302877e-140;0.08137136344958289;4.780377275454156e-163
1.4384461983830459e-140;0.07559226280297782;1.634709468242888e-163
6.580043277720668e-141;0.08137136344958289;6.387816587463095e-164
2.5359274442801604e-141;0.07559226280297782;2.1843933345057686e-164
1.1600372924117913e-141;0.08137136344958289;8.535769962045976e-165
4.47074628851763e-142;0.07559226280297782;2.918912707444031e-165
2.0451028404971607e-142;0.08137136344958289;1.1405989487544476e-165
7.881760348221549e-143;0.07559226280297782;3.9004199743202024e-166
3.6054406660616683e-143;0.08137136344958289;1.5241342815990285e-166
1.3895251973109688e-143;0.07559226280297782;5.2119667495632876e-167
6.356258540685995e-144;0.08137136344958289;2.0366363750221958e-167
2.4496815288195778e-144;0.07559226280297782;6.964531403643991e-168
1.1205848709798874e-144;0.08137136344958289;2.721471312692899e-168
4.318697929517892e-145;0.07559226280297782;9.306409653593333e-169
1.9755496807300883e-145;0.08137136344958289;3.636587363676872e-169
7.613704715081676e-146;0.07559226280297782;1.2435762813156299e-169
3.4828210179385896e-146;0.08137136344958289;4.859418356524369e-170
1.3422679806394387e-146;0.07559226280297782;1.6617385490372157e-170
6.140084636348903e-147;0.08137136344958289;6.493435851311546e-171
2.3663688037191582e-147;0.07559226280297782;2.2205111554837163e-171
1.0824742112025651e-147;0.08137136344958289;8.676904530865684e-172
4.1718206766339035e-148;0.07559226280297782;2.9671754287004843e-172
1.9083619971326264e-148;0.08137136344958289;1.1594581660886133e-172
7.354765550761411e-149;0.07559226280297782;3.964911413726274e-173
3.364371616811216e-149;0.08137136344958289;1.5493350585193627e-173
1.2966179637019336e-149;0.07559226280297782;5.298143940744991e-174
5.931262723221317e-150;0.08137136344958289;2.070311110624184e-174
2.285889512304714e-150;0.07559226280297782;7.079686350538669e-175
1.0456596802828392e-150;0.08137136344958289;2.7664694419747277e-175
4.029938662538744e-151;0.07559226280297782;9.46028635359342e-176
1.8434593407714912e-151;0.08137136344958289;3.696716466479536e-176
7.104632807668126e-152;0.07559226280297782;1.2641381759119364e-176
3.2499506341857337e-152;0.08137136344958289;4.939766341241874e-177
1.2525204862546467e-152;0.07559226280297782;1.6892145417891645e-177
5.729542762914397e-153;0.08137136344958289;6.60080147539798e-178
2.208147290588109e-153;0.07559226280297782;2.2572261660664768e-178
1.0100971973775709e-153;0.08137136344958289;8.820372687235705e-179
3.892882001085522e-154;0.07559226280297782;3.0162361492452186e-179
1.7807639987506457e-154;0.08137136344958289;1.1786292108875034e-179
6.8630069828083925e-155;0.07559226280297782;4.030469185933446e-180
3.1394210651007568e-155;0.08137136344958289;1.5749525173325303e-180
1.2099227470275955e-155;0.07559226280297782;5.385746027486626e-181
5.53468322074859e-156;0.08137136344958289;2.1045426406700756e-181
2.1330490518833195e-156;0.07559226280297782;7.196745325289021e-182
9.757441808161201e-157;0.08137136344958289;2.812211592194576e-182
3.760486583889764e-157;0.07559226280297782;9.61670732573326e-183
1.7202009011597012e-157;0.08137136344958289;3.757839773089851e-183
6.6295987591702395e-158;0.07559226280297782;1.2850400508662955e-183
3.0326505640808777e-158;0.08137136344958289;5.021442838586717e-184
1.1687737405016634e-158;0.07559226280297782;1.7171448359582236e-184
5.346450776545816e-159;0.08137136344958289;6.709942334891275e-185
2.0605048753466676e-159;0.07559226280297782;2.2945482404772084e-185
9.425594971140576e-160;0.08137136344958289;8.966213015826734e-186
3.6325938838299464e-160;0.07559226280297782;3.0661080635862733e-186
1.661697531187007e-160;0.08137136344958289;1.1981172390579621e-186
6.404128659301808e-161;0.07559226280297782;4.0971109222064605e-187
2.9295112866693236e-161;0.08137136344958289;1.6009935476594454e-187
1.1290241958357811e-161;0.07559226280297782;5.4747965697038585e-188
5.164620045257286e-162;0.08137136344958289;2.1393401714697965e-188
1.990427898307719e-162;0.07559226280297782;7.31573981001697e-189
9.105034117209122e-163;0.08137136344958289;2.8587100653562187e-189
3.509050765230841e-163;0.07559226280297782;9.775714638244912e-190
1.6051838382897367e-163;0.08137136344958289;3.8199737221567585e-190
6.1863267106716866e-164;0.07559226280297782;1.3062875275791728e-190
2.829879736350024e-164;0.08137136344958289;5.104469814832321e-191
1.0906265178712056e-164;0.07559226280297782;1.745536943184818e-191
4.988973307092928e-165;0.08137136344958289;6.8208877823964045e-192
1.9227342122619996e-165;0.07559226280297782;2.3324874162042596e-192
8.795375414429706e-166;0.08137136344958289;9.114464739287077e-193
3.3897093005025834e-166;0.07559226280297782;3.1168045843961174e-193
1.550592154317042e-166;0.08137136344958289;1.2179274917571082e-193
5.975932122410288e-167;0.07559226280297782;4.1648545453339847e-194
2.733636616675856e-167;0.08137136344958289;1.627465153037375e-194
1.0535347301422034e-167;0.07559226280297782;5.565319516863445e-195
4.819300246828876e-168;0.08137136344958289;2.1747130615548868e-195
1.8573427624009464e-168;0.07559226280297782;7.436701807385078e-196
8.496248084841497e-169;0.08137136344958289;2.9059773668707384e-196
3.274426593015628e-169;0.07559226280297782;9.937351054937013e-197
1.497857112485816e-169;0.08137136344958289;3.8831350241337765e-197
5.7726929730450056e-170;0.07559226280297782;1.3278863203980056e-197
2.6406666884259195e-170;0.08137136344958289;5.188869599453142e-198
1.0177044198249394e-170;0.07559226280297782;1.7743984993104693e-198
4.655397701980963e-171;0.08137136344958289;6.933667655848524e-199
1.794175250558814e-171;0.07559226280297782;2.3710538967007e-199
8.207293960499293e-172;0.08137136344958289;9.265167728791396e-200
3.163064605999767e-172;0.07559226280297782;3.168339346118838e-200
1.446915569112066e-172;0.08137136344958289;1.2380652968018916e-200
5.576365908855492e-173;0.07559226280297782;4.233718274448773e-201
2.5508586316208052e-173;0.08137136344958289;1.6543744528034575e-201
9.830926845585949e-174;0.07559226280297782;5.657339214424291e-202
4.497069419542906e-174;0.08137136344958289;2.2106708241953817e-202
1.7331560414603118e-174;0.07559226280297782;7.559663849203561e-203
7.928167054611685e-175;0.08137136344958289;2.9540262089197557e-203
3.055489997262154e-175;0.07559226280297782;1.0101660046695786e-203
1.3977065280041667e-175;0.08137136344958289;3.947340665773222e-204
5.3867158524876914e-176;0.07559226280297782;1.3498422381540223e-204
2.4641049122307382e-176;0.08137136344958289;5.27466489113002e-205
9.496580810751258e-177;0.07559226280297782;1.8037372664314248e-205
4.344125820997499e-177;0.08137136344958289;7.048312286537797e-206
1.674212072156725e-177;0.07559226280297782;2.4102580541284525e-206
7.65853314726483e-178;0.08137136344958289;9.418362514763798e-207
2.9515739595265744e-178;0.07559226280297782;3.22072620863707e-207
1.3501710674274668e-178;0.08137136344958289;1.2585360701019804e-207
5.2035157214777544e-179;0.07559226280297782;4.30372062992758e-208
2.380301653416851e-179;0.08137136344958289;1.68172868400942e-208
9.173605755760623e-180;0.07559226280297782;5.750880410384919e-209
4.1963837753199225e-180;0.08137136344958289;2.2472231299583541e-209
1.6172727645420691e-180;0.07559226280297782;7.684659005179324e-210
7.39806938523533e-181;0.08137136344958289;3.0028695138742924e-210
2.85119206620263e-181;0.07559226280297782;1.0268685803176203e-210
1.3042522695528193e-181;0.08137136344958289;4.012607914694581e-211
5.026546156348982e-182;0.07559226280297782;1.3721611857244915e-211
2.299348511151559e-182;0.08137136344958289;5.361878763854823e-212
8.861614957970029e-183;0.07559226280297782;1.8335611349861958e-212
4.053666379700925e-183;0.08137136344958289;7.164852507266598e-213
1.5622699408445682e-183;0.07559226280297782;2.4501104321477995e-213
7.14646389541359e-184;0.08137136344958289;9.574090297778017e-214
2.7542241224003627e-184;0.07559226280297782;3.2739792609994785e-214
1.259895152304518e-184;0.08137136344958289;1.2793453171163315e-214
4.855595257955982e-185;0.07559226280297782;4.3748804383720534e-215
2.2211485540690033e-185;0.08137136344958289;1.7095352033679308e-215
8.560234847023593e-186;0.07559226280297782;5.845968261939298e-216
3.915802747727684e-186;0.08137136344958289;2.2843798093087327e-216
1.5091377419921963e-186;0.07559226280297782;7.81172089180994e-217
6.903415411374301e-187;0.08137136344958289;3.0525204177701258e-217
2.660554021011697e-187;0.07559226280297782;1.0438473244686511e-217
1.2170466035260674e-187;0.08137136344958289;4.0789543240286123e-218
4.690458333761629e-188;0.07559226280297782;1.3948491656207928e-218
2.145608147401729e-188;0.08137136344958289;5.450534673135995e-219
8.26910455754929e-189;0.07559226280297782;1.863878125877644e-219
3.782627804768429e-189;0.08137136344958289;7.283319660641884e-220
1.4578125487545892e-189;0.07559226280297782;2.4906217487530256e-220
6.668632912647225e-190;0.08137136344958289;9.732392959638181e-221
2.570069603686575e-190;0.07559226280297782;3.3281128252099033e-221
1.1756553173849563e-190;0.08137136344958289;1.3004986343338275e-221
4.5309376527431675e-191;0.07559226280297782;4.4472168376720355e-222
2.0726368408646568e-191;0.08137136344958289;1.7378014892310985e-222
7.987875497067418e-192;0.07559226280297782;5.942628342242663e-223
3.6539820903160175e-192;0.08137136344958289;2.3221508552531286e-223
1.4082329055669073e-192;0.07559226280297782;7.940883681424439e-224
6.441835276256243e-193;0.08137136344958289;3.1029922738406284e-224
2.4826625265372196e-193;0.07559226280297782;1.0611068034269107e-224
1.135671732940273e-193;0.08137136344958289;4.146397737137999e-225
4.376842208633736e-194;0.07559226280297782;1.4179122796027484e-225
2.0021472603520572e-194;0.08137136344958289;5.540656462306788e-226
7.716210928594218e-195;0.07559226280297782;1.8946963926301316e-226
3.529711567053737e-195;0.08137136344958289;7.403745607504489e-227
1.3603394469443933e-195;0.07559226280297782;2.5318028991549506e-227
6.222750940109266e-196;0.08137136344958289;9.893313074642446e-228
2.3982281304097447e-196;0.07559226280297782;3.3831414600791524e-228
1.0970479747996135e-196;0.08137136344958289;1.322001710778417e-228
4.22798749121603e-197;0.07559226280297782;4.52074928215255e-229
1.9340550033178755e-197;0.08137136344958289;1.7665351436017558e-229
7.453785567441017e-198;0.07559226280297782;6.040886647289245e-230
3.409667436414672e-198;0.08137136344958289;2.3605464260273795e-230
1.314074826399556e-198;0.07559226280297782;8.072182111373749e-231
6.011117577836452e-199;0.08137136344958289;3.1542986561080326e-231
2.3166653155677687e-199;0.07559226280297782;1.0786516589981374e-231
1.059737795794226e-199;0.08137136344958289;4.2149562924163226e-232
4.084195265394157e-200;0.07559226280297782;1.4413567303196371e-232
1.8682785377141384e-200;0.08137136344958289;5.632268368937681e-233
7.200285191726086e-201;0.07559226280297782;1.9260242235823623e-233
3.293705960413856e-201;0.08137136344958289;7.526162735497875e-234
1.269383647776855e-201;0.07559226280297782;2.5736649587110923e-234
5.806681784686681e-202;0.08137136344958289;1.0056893921033165e-234
2.2378764206379965e-202;0.07559226280297782;3.439079965140487e-235
1.0236965216037505e-202;0.08137136344958289;1.343860329539146e-235
3.945293357779179e-203;0.07559226280297782;4.5954975478058646e-236
1.804739104366412e-203;0.08137136344958289;1.79574389417794e-236
6.955406266132873e-204;0.07559226280297782;6.140769602903662e-237
3.1816882895397997e-204;0.08137136344958289;2.3995768478285335e-237
1.2262123989226571e-204;0.07559226280297782;8.205651493373114e-238
5.609198774106799e-205;0.08137136344958289;3.20645336303405e-238
2.161767105672815e-205;0.07559226280297782;1.0964866097379391e-238
9.888809972642552e-206;0.08137136344958289;4.284648428166139e-239
3.8111154505327845e-206;0.07559226280297782;1.465188822978363e-239
1.7433606226694448e-206;0.08137136344958289;5.725395031354957e-240
6.718855578463976e-207;0.07559226280297782;1.9578700441164562e-240
3.073480296499422e-207;0.08137136344958289;7.650603967778557e-241
1.1845093876110633e-207;0.07559226280297782;2.6162191859043257e-241
5.418432084640047e-208;0.08137136344958289;1.0223179492636173e-241
2.0882462391898827e-208;0.07559226280297782;3.4959433846298626e-242
9.552495354955088e-209;0.08137136344958289;1.3660803693254486e-242
3.68150088222227e-209;0.07559226280297782;4.671481737610126e-243
1.6840695994900587e-209;0.08137136344958289;1.825435596431202e-243
6.490349888555912e-210;0.07559226280297782;6.242304071847954e-244
2.968952415617211e-210;0.08137136344958289;2.4392526175919975e-244
1.1442246796488598e-210;0.07559226280297782;8.341327722998724e-245
5.234153296792711e-211;0.08137136344958289;3.2594704212308576e-245
2.017225789053477e-211;0.07559226280297782;1.1146164522208134e-245
9.227618667856147e-212;0.08137136344958289;4.3554928875578624e-246
3.556294455448369e-212;0.07559226280297782;1.4894149670391776e-246
1.626795041168231e-212;0.08137136344958289;5.820061495266915e-247
6.269615589134003e-213;0.07559226280297782;1.9902424189238887e-247
2.8679794876963652e-213;0.08137136344958289;7.777102771870504e-248
1.1053100390855054e-213;0.07559226280297782;2.6594770253707422e-248
5.0561417595300475e-214;0.08137136344958289;1.0392214510692563e-248
1.9486207170668884e-214;0.07559226280297782;3.5537470115319077e-249
8.91379091173268e-215;0.08137136344958289;1.388667806048216e-249
3.4353462510155806e-215;0.07559226280297782;4.748722286935878e-250
1.571468368510961e-215;0.08137136344958289;1.8556182357192824e-250
6.05638837820161e-216;0.07559226280297782;6.345517361046121e-251
2.7704406101561364e-216;0.08137136344958289;2.4795844058146124e-251
1.067718870456565e-216;0.07559226280297782;8.479247289341749e-252
4.884184326074007e-217;0.08137136344958289;3.3133640892334407e-252
1.8823488771497213e-217;0.07559226280297782;1.1330460623301544e-252
8.61063631669858e-218;0.08137136344958289;4.427508723670596e-253
3.3185114484224715e-218;0.07559226280297782;1.514041677939467e-253
1.518023334677174e-218;0.08137136344958289;5.916293220499786e-254
5.850412942571162e-219;0.07559226280297782;2.0231500543089193e-254
2.676218992266003e-219;0.08137136344958289;7.905693168665982e-255
1.0314061629913852e-219;0.07559226280297782;2.703450110977613e-255
4.7180750986863815e-220;0.08137136344958289;1.0564044435886204e-255
1.8183309169781322e-220;0.07559226280297782;3.61250639169293e-256
8.31779189265687e-221;0.08137136344958289;1.4116287144269406e-256
3.2056501524570993e-221;0.07559226280297782;4.82723996904203e-257
1.4663959458553624e-221;0.08137136344958289;1.8862999294337023e-257
5.651442652158248e-222;0.07559226280297782;6.450437228928151e-258
2.5852018153031532e-222;0.08137136344958289;2.5205830594243898e-258
9.963284367182942e-223;0.07559226280297782;8.619447284821727e-259
4.55761518213167e-223;0.08137136344958289;3.368148861334373e-259
1.7564901829702327e-223;0.07559226280297782;1.1517803965695804e-259
8.034906994663899e-224;0.08137136344958289;4.5007153046163364e-260
3.0966272256897683e-224;0.07559226280297782;1.539075578846026e-260
1.4165243846388783e-224;0.08137136344958289;6.014116087844964e-261
5.459239264672641e-225;0.07559226280297782;2.0566018005300696e-261
2.4972800974661318e-225;0.08137136344958289;8.036409741575263e-262
9.624436904027054e-226;0.07559226280297782;2.7481502689522267e-262
4.402612445524768e-226;0.08137136344958289;1.0738715480569975e-262
1.696752628502941e-226;0.07559226280297782;3.672237328001781e-263
7.761642903075455e-227;0.08137136344958289;1.434969269623489e-263
2.991312126662725e-227;0.07559226280297782;4.907055900662656e-264
1.368348936007267e-227;0.08137136344958289;1.917488929182877e-264
5.2735726403526134e-228;0.07559226280297782;6.557091892895345e-265
2.4123485633825173e-228;0.08137136344958289;2.562259604697741e-265
9.297113512558325e-229;0.07559226280297782;8.76196541516223e-266
4.25288129227791e-229;0.08137136344958289;3.423839471481872e-266
1.6390467252502854e-229;0.07559226280297782;1.1708244933959515e-266
7.497672417971985e-230;0.08137136344958289;4.575132318748828e-267
2.8895787535828824e-230;0.07559226280297782;1.5645234024363069e-267
1.3218119158249091e-230;0.08137136344958289;6.113556406019398e-268
5.0942204664010514e-231;0.07559226280297782;2.090606654180323e-268
2.3303055180547736e-231;0.08137136344958289;8.16928764582747e-269
8.980922263538136e-232;0.07559226280297782;2.7935895210624533e-269
4.108242437871812e-232;0.08137136344958289;1.0916274621194303e-269
1.5833033775371169e-232;0.07559226280297782;3.7329558846399836e-270
7.242679467377108e-233;0.08137136344958289;1.4586957489028427e-270
2.7913052933305814e-233;0.07559226280297782;4.988191547686139e-271
1.2768576017714258e-233;0.08137136344958289;1.9491936230113278e-271
4.92096799079345e-234;0.07559226280297782;6.66551003690929e-272
2.2510527250930572e-234;0.08137136344958289;2.6046252502248705e-272
8.675484557090251e-235;0.07559226280297782;8.906840009531642e-273
3.968522695184595e-235;0.08137136344958289;3.4804508972424145e-273
1.5294558396055754e-235;0.07559226280297782;1.1901834745744194e-273
6.996358728800609e-236;0.08137136344958289;4.650779779958634e-274
2.6963740756034117e-236;0.07559226280297782;1.5903919927091254e-274
1.2334321666210755e-236;0.08137136344958289;6.214640918741156e-275
4.753607765138941e-237;0.07559226280297782;2.1251737606067243e-275
2.1744952890892837e-237;0.08137136344958289;8.304362617925436e-276
8.380434669374414e-238;0.07559226280297782;2.8397800878499265e-276
3.8335547671217156e-238;0.08137136344958289;1.1096769610940991e-276
1.4774396356953073e-238;0.07559226280297782;3.794678391402034e-277
6.758415263652569e-239;0.08137136344958289;1.4828145333213516e-277
2.6046714320206433e-239;0.07559226280297782;5.070668730928318e-278
1.1914836137913404e-239;0.08137136344958289;1.9814225376555892e-278
4.591939396286487e-240;0.07559226280297782;6.775720819206095e-279
2.1005415419916565e-240;0.08137136344958289;2.647691389924271e-279
8.095419314677252e-241;0.07559226280297782;9.054110030851434e-280
3.7031770462983447e-241;0.08137136344958289;3.5379983638288655e-280
1.427192482841747e-241;0.07559226280297782;1.2098625465558931e-280
6.5285641640908746e-242;0.08137136344958289;4.727678033055714e-281
2.5160875600193606e-242;0.07559226280297782;1.6166883068252926e-281
1.1509617150834378e-242;0.08137136344958289;6.317396811921947e-282
4.4357693063789496e-243;0.07559226280297782;2.1603124163699245e-282
2.0291029333435034e-243;0.08137136344958289;8.441670985256645e-283
7.820097222396408e-244;0.07559226280297782;2.886734391916648e-283
3.577233421534557e-244;0.08137136344958289;1.128024899256626e-283
1.3786542162999446e-244;0.07559226280297782;3.857421448087172e-284
6.3065302118793616e-245;0.08137136344958289;1.5073321094428287e-284
2.4305163913795426e-245;0.07559226280297782;5.15450963200101e-285
1.1118179505402724e-245;0.08137136344958289;2.014184340837389e-285
4.2849105010675163e-246;0.07559226280297782;6.887753880138312e-286
1.9600939242550602e-246;0.08137136344958289;2.691469606107014e-286
7.554138728411283e-247;0.07559226280297782;9.203815086274959e-287
3.455573090931526e-247;0.08137136344958289;3.5964973481951375e-287
1.3317667175047542e-247;0.07559226280297782;1.2298670018772683e-287
6.092047548848074e-248;0.08137136344958289;4.805847759241008e-288
2.347855465220445e-248;0.07559226280297782;1.6434194169787074e-288
1.0740054503498068e-248;0.08137136344958289;6.421851720978564e-289
4.139182345609132e-249;0.07559226280297782;2.1960320717444157e-289
1.8934318849812657e-249;0.08137136344958289;8.58124967586331e-290
7.297225380350969e-250;0.07559226280297782;2.9344650612659546e-290
3.3380503813048965e-250;0.08137136344958289;1.1466762111455802e-290
1.2864738444810405e-250;0.07559226280297782;3.921201928963808e-291
5.884859358560974e-251;0.08137136344958289;1.5322550710831056e-291
2.268005805316414e-251;0.07559226280297782;5.239736799277561e-292
1.0374789387242483e-251;0.08137136344958289;2.0474878435947835e-292
3.9984103485788125e-252;0.07559226280297782;7.001639350146513e-293
1.8290369959828462e-252;0.08137136344958289;2.7359716725917295e-293
7.049049556287051e-253;0.07559226280297782;9.355995437839425e-294
3.224524573759209e-253;0.08137136344958289;3.655963583198622e-294
1.24272136462062e-253;0.07559226280297782;1.2502022205848157e-294
5.684717558810111e-254;0.08137136344958289;4.8853099816684455e-295
2.190871801585109e-254;0.07559226280297782;1.6705925122983493e-295
1.0021946796879086e-254;0.08137136344958289;6.528033738265156e-296
3.862425952937667e-255;0.07559226280297782;2.2323423332601346e-296
1.7668321523523206e-255;0.08137136344958289;8.723136228373778e-297
6.809314096394359e-256;0.07559226280297782;2.9829849326987375e-297
3.114859735194419e-256;0.08137136344958289;1.1656359128895874e-297
1.2004568897454115e-256;0.07559226280297782;3.986036987307702e-298
5.4913825045678244e-257;0.08137136344958289;1.5575901210833643e-298
2.1163610956062514e-257;0.07559226280297782;5.326373153957097e-299
9.681104247087832e-258;0.08137136344958289;2.0813420026518134e-299
3.731066334206781e-258;0.07559226280297782;7.117407857862625e-300
1.7067428714903967e-258;0.08137136344958289;2.781209557871105e-300
6.577731947138953e-259;0.07559226280297782;9.510692013294238e-301
3.0089245555428513e-259;0.08137136344958289;3.716413061831433e-301
1.1596298133790979e-259;0.07559226280297782;1.2708736716811139e-301
5.304622701041533e-260;0.08137136344958289;4.966086071099059e-302
2.044384470033852e-260;0.07559226280297782;1.6982149007817598e-302
9.351853621111648e-261;0.08137136344958289;6.635971420628569e-303
3.604174205505061e-261;0.07559226280297782;2.2692529662860415e-303
1.6486972039222935e-261;0.08137136344958289;8.867368802098385e-304
6.35402581756697e-262;0.07559226280297782;3.0323070552657737e-304
2.9065921905416656e-262;0.08137136344958289;1.1849091035563842e-304
1.1201912501521239e-262;0.07559226280297782;4.0519440600152e-305
5.124214526487412e-263;0.08137136344958289;1.5833440731128113e-305
1.9748557417695033e-263;0.07559226280297782;5.4144419962289934e-306
9.033800682087182e-264;0.08137136344958289;2.1157559228273517e-306
3.4815976292176354e-264;0.07559226280297782;7.235090538347212e-307
1.592625647147162e-264;0.08137136344958289;2.827195428330681e-307
6.137927847283056e-265;0.07559226280297782;9.66794641710803e-308
2.807740109852507e-265;0.08137136344958289;3.7778620415215713e-308
1.0820939772675176e-265;0.07559226280297782;1.2918869145958757e-308
4.949941964450939e-266;0.08137136344958289;5.048197751648393e-309
1.9076916587687616e-266;0.07559226280297782;1.726294011260455e-309
8.726564600994895e-267;0.08137136344958289;6.7456937970884e-310
3.3631898350693734e-267;0.07559226280297782;2.30677389765644e-310
1.5384610624174126e-267;0.08137136344958289;9.013986187292e-311
5.929179285720727e-268;0.07559226280297782;3.0824446937774e-311
2.7122499503466386e-268;0.08137136344958289;1.204500966524e-311
1.0452923779574463e-268;0.07559226280297782;4.118940872295e-312
4.781596345114027e-269;0.08137136344958289;1.609523853504e-312
1.842811800357149e-269;0.07559226280297782;5.50396701157e-313
8.42977750066351e-270;0.08137136344958289;2.1507388595e-313
3.2488090443856622e-270;0.07559226280297782;7.3547190413e-314
1.4861385943484152e-270;0.08137136344958289;2.8739416513e-314
5.727530182320593e-271;0.07559226280297782;9.827800943e-315
2.6200073743797406e-271;0.08137136344958289;3.84032705e-315
1.0097423868627688e-271;0.07559226280297782;1.313247603e-315
4.6189760954387105e-272;0.08137136344958289;5.13166713e-316
1.7801384809363395e-272;0.07559226280297782;1.7548374e-316
8.143084015282624e-273;0.08137136344958289;6.8572305e-317
3.138318300330013e-273;0.07559226280297782;2.344915e-317
1.4355955932621748e-273;0.08137136344958289;9.163025e-318
5.532739087245492e-274;0.07559226280297782;3.13341e-318
2.5309019328867187e-274;0.08137136344958289;1.22442e-318
9.75401437270241e-275;0.07559226280297782;4.18706e-319
4.4618864978083913e-275;0.08137136344958289;1.63615e-319
1.7195966569652896e-275;0.07559226280297782;5.595e-320
7.866140864896144e-276;0.08137136344958289;2.186e-320
3.031585303915173e-276;0.07559226280297782;7.475e-321
1.3867715401721145e-276;0.08137136344958289;2.92e-321
5.344572762274196e-277;0.07559226280297782;1.0e-321
2.444826933132641e-277;0.08137136344958289;3.9e-322
9.422284101441376e-278;0.07559226280297782;1.33e-322
4.3101394568776065e-278;0.08137136344958289;5.4e-323
1.661113837104872e-278;0.07559226280297782;2.0e-323
7.598616444367063e-279;0.08137136344958289;5.0e-324
2.9284822555914787e-279;0.07559226280297782;5.0e-324
1.3396079743190801e-279;0.08137136344958289;0.0
5.162805901527573e-280;0.07559226280297782;0.0
2.3616793109613946e-280;0.08137136344958289;0.0
9.101835848912936e-281;0.07559226280297782;0.0
4.163553274351122e-281;0.08137136344958289;0.0
1.6046199954184803e-281;0.07559226280297782;0.0
7.340190426321317e-282;0.08137136344958289;0.0
2.8288857022227165e-282;0.07559226280297782;0.0
1.2940484231718115e-282;0.08137136344958289;0.0
4.987220861692595e-283;0.07559226280297782;0.0
2.2813595073890984e-283;0.08137136344958289;0.0
8.792285918006205e-284;0.07559226280297782;0.0
4.021952431422734e-284;0.08137136344958289;0.0
1.550047487524625e-284;0.07559226280297782;0.0
7.090553377595448e-285;0.08137136344958289;0.0
2.7326763892662955e-285;0.07559226280297782;0.0
1.2500383348080859e-285;0.08137136344958289;0.0
4.817607401421518e-286;0.07559226280297782;0.0
2.2037713493945713e-286;0.08137136344958289;0.0
8.493263661001198e-287;0.07559226280297782;0.0
3.8851673786132204e-287;0.08137136344958289;0.0
1.49733096960119e-287;0.07559226280297782;0.0
6.849406388728657e-288;0.08137136344958289;0.0
2.6397391179806488e-288;0.07559226280297782;0.0
1.2075250125955332e-288;0.08137136344958289;0.0
4.653762429593786e-289;0.07559226280297782;0.0
2.128821934764027e-289;0.08137136344958289;0.0
8.204411035764108e-290;0.07559226280297782;0.0
3.7530343327558376e-290;0.08137136344958289;0.0
1.4464073201442586e-290;0.07559226280297782;0.0
6.616460716055783e-291;0.08137136344958289;0.0
2.5499626074890545e-291;0.07559226280297782;0.0
1.1664575520939541e-291;0.08137136344958289;0.0
4.495489762139652e-292;0.07559226280297782;0.0
2.056421520852186e-292;0.08137136344958289;0.0
7.925382177036175e-293;0.07559226280297782;0.0
3.6253950808862355e-293;0.08137136344958289;0.0
1.397215564387961e-293;0.07559226280297782;0.0
6.391437435972477e-294;0.08137136344958289;0.0
2.4632393615345248e-294;0.07559226280297782;0.0
1.1267867801035485e-294;0.08137136344958289;0.0
4.3425998871340016e-295;0.07559226280297782;0.0
1.9864834171265563e-295;0.08137136344958289;0.0
7.655842982302828e-296;0.07559226280297782;0.0
3.5020967908020483e-296;0.08137136344958289;0.0
1.3496968012947154e-296;0.07559226280297782;0.0
6.174067110958726e-297;0.08137136344958289;0.0
2.3794655397663807e-297;0.07559226280297782;0.0
1.0884651957861004e-297;0.08137136344958289;0.0
4.194909737879272e-298;0.07559226280297782;0.0
1.9189238813662694e-298;0.08137136344958289;0.0
7.39547071174735e-299;0.07559226280297782;0.0
3.382991828065221e-299;0.08137136344958289;0.0
1.303794133028541e-299;0.07559226280297782;0.0
5.964089466960771e-300;0.08137136344958289;0.0
2.298540833404243e-300;0.07559226280297782;0.0
1.0514469137886037e-300;0.08137136344958289;0.0
4.052242473705789e-301;0.07559226280297782;0.0
1.8536620193911213e-301;0.08137136344958289;0.0
7.14395360180984e-302;0.07559226280297782;0.0
3.267937579228077e-302;0.08137136344958289;0.0
1.25945259682694e-302;0.07559226280297782;0.0
5.7612530817451705e-303;0.08137136344958289;0.0
2.2203683451307283e-303;0.07559226280297782;0.0
1.0156876093012323e-303;0.08137136344958289;0.0
3.9144272682269184e-304;0.07559226280297782;0.0
1.7906196882008166e-304;0.08137136344958289;0.0
6.900990491888982e-305;0.07559226280297782;0.0
3.1567962810713563e-305;0.08137136344958289;0.0
1.216619099189797e-305;0.07559226280297782;0.0
5.565315083851763e-306;0.08137136344958289;0.0
2.1448544730688854e-306;0.07559226280297782;0.0
9.811444649838616e-307;0.08137136344958289;0.0
3.781299104795604e-307;0.07559226280297782;0.0
1.7297214024083963e-307;0.08137136344958289;0.0
6.666290463739451e-308;0.07559226280297782;0.0
3.049434855649807e-308;0.08137136344958289;0.0
1.175242352306475e-308;0.07559226280297782;0.0
5.376040861785217e-309;0.08137136344958289;0.0
2.071908798705533e-309;0.07559226280297782;0.0
9.4777611969761e-310;0.08137136344958289;0.0
3.65269857891743e-310;0.07559226280297782;0.0
1.67089424385585e-310;0.08137136344958289;0.0
6.4395724931335e-311;0.07559226280297782;0.0
2.945724750948e-311;0.08137136344958289;0.0
1.135272812645e-311;0.07559226280297782;0.0
5.1932037831e-312;0.08137136344958289;0.0
2.001443978625e-312;0.07559226280297782;0.0
9.1554261898e-313;0.08137136344958289;0.0
3.52847170736e-313;0.07559226280297782;0.0
1.6140677743e-313;0.08137136344958289;0.0
6.2205651134e-314;0.07559226280297782;0.0
2.845541787e-314;0.08137136344958289;0.0
1.0966626215e-314;0.07559226280297782;0.0
5.01658492e-315;0.08137136344958289;0.0
1.93337564e-315;0.07559226280297782;0.0
8.84405366e-316;0.08137136344958289;0.0
3.40846976e-316;0.07559226280297782;0.0
1.55917395e-316;0.08137136344958289;0.0
6.009006e-317;0.07559226280297782;0.0
2.748766e-317;0.08137136344958289;0.0
1.0593657e-317;0.07559226280297782;0.0
4.845974e-318;0.08137136344958289;0.0
1.867622e-318;0.07559226280297782;0.0
8.5433e-319;0.08137136344958289;0.0
3.29255e-319;0.07559226280297782;0.0
1.50616e-319;0.08137136344958289;0.0
5.805e-320;0.07559226280297782;0.0
2.655e-320;0.08137136344958289;0.0
1.023e-320;0.07559226280297782;0.0
4.68e-321;0.08137136344958289;0.0
1.803e-321;0.07559226280297782;0.0
8.25e-322;0.08137136344958289;0.0
3.16e-322;0.07559226280297782;0.0
1.5e-322;0.08137136344958289;0.0
5.4e-323;0.07559226280297782;0.0
2.5e-323;0.08137136344958289;0.0
1.0e-323;0.07559226280297782;0.0
5.0e-324;0.08137136344958289;0.0
0.0;0.07559226280297782;0.0
0.0;0.08137136344958289;0.0
0.0;0.07559226280297782;0.0
0.0;0.08137136344958289;0.0
0.0;0.07559226280297782;0.0
0.0;0.08137136344958289;0.0
0.0;0.07559226280297782;0.0
0.0;0.08137136344958289;0.0
0.0;0.07559226280297782;0.0
0.0;0.08137136344958289;0.0
0.0;0.07559226280297782;0.0
0.0;0.08137136344958289;0.0
0.0;0.07559226280297782;0.0
0.0;0.08137136344958289;0.0
0.0;0.07559226280297782;0.0
0.0;0.08137136344958289;0.0
0.0;0.07559226280297782;0.0
0.0;0.08137136344958289;0.0
0.0;0.07559226280297782;0.0
0.0;0.08137136344958289;0.0
0.0;0.07559226280297782;0.0
0.0;0.08137136344958289;0.0
0.0;0.07559226280297782;0.0
0.0;0.08137136344958289;0.0
0.0;0.07559226280297782;0.0
0.0;0.08137136344958289;0.0
0.0;0.07559226280297782;0.0
0.0;0.08137136344958289;0.0
0.0;0.07559226280297782;0.0
0.0;0.08137136344958289;0.0
0.0;0.07559226280297782;0.0
0.0;0.08137136344958289;0.0
0.0;0.07559226280297782;0.0
0.0;0.08137136344958289;0.0
0.0;0.07559226280297782;0.0
0.0;0.08137136344958289;0.0
0.0;0.07559226280297782;0.0
0.0;0.08137136344958289;0.0
0.0;0.07559226280297782;0.0
0.0;0.08137136344958289;0.0
0.0;0.07559226280297782;0.0
0.0;0.08137136344958289;0.0
0.0;0.07559226280297782;0.0
0.0;0.08137136344958289;0.0
0.0;0.07559226280297782;0.0
0.0;0.08137136344958289;0.0
0.0;0.07559226280297782;0.0
0.0;0.08137136344958289;0.0
0.0;0.07559226280297782;0.0
0.0;0.08137136344958289;0.0
0.0;0.07559226280297782;0.0
0.0;0.08137136344958289;0.0
0.0;0.07559226280297782;0.0
0.0;0.08137136344958289;0.0
0.0;0.07559226280297782;0.0
0.0;0.08137136344958289;0.0
0.0;0.07559226280297782;0.0
0.0;0.08137136344958289;0.0
0.0;0.07559226280297782;0.0
0.0;0.08137136344958289;0.0
0.0;0.07559226280297782;0.0
0.0;0.08137136344958289;0.0
0.0;0.07559226280297782;0.0
0.0;0.08137136344958289;0.0
0.0;0.07559226280297782;0.0
0.0;0.08137136344958289;0.0
0.0;0.07559226280297782;0.0
0.0;0.08137136344958289;0.0
0.0;0.07559226280297782;0.0
0.0;0.08137136344958289;0.0
0.0;0.07559226280297782;0.0
0.0;0.08137136344958289;0.0
0.0;0.07559226280297782;0.0
0.0;0.08137136344958289;0.0
0.0;0.07559226280297782;0.0
0.0;0.08137136344958289;0.0
0.0;0.07559226280297782;0.0
0.0;0.08137136344958289;0.0
0.0;0.07559226280297782;0.0
0.0;0.08137136344958289;0.0
0.0;0.07559226280297782;0.0
0.0;0.08137136344958289;0.0
0.0;0.07559226280297782;0.0
0.0;0.08137136344958289;0.0
0.0;0.07559226280297782;0.0
0.0;0.08137136344958289;0.0
0.0;0.07559226280297782;0.0
0.0;0.08137136344958289;0.0
0.0;0.07559226280297782;0.0
0.0;0.08137136344958289;0.0
0.0;0.07559226280297782;0.0
0.0;0.08137136344958289;0.0
0.0;0.07559226280297782;0.0
0.0;0.08137136344958289;0.0
0.0;0.07559226280297782;0.0
0.0;0.08137136344958289;0.0
0.0;0.07559226280297782;0.0
0.0;0.08137136344958289;0.0
0.0;0.07559226280297782;0.0
0.0;0.08137136344958289;0.0
0.0;0.07559226280297782;0.0
0.0;0.08137136344958289;0.0
0.0;0.07559226280297782;0.0
0.0;0.08137136344958289;0.0
0.0;0.07559226280297782;0.0
0.0;0.08137136344958289;0.0
0.0;0.07559226280297782;0.0
0.0;0.08137136344958289;0.0
0.0;0.07559226280297782;0.0
0.0;0.08137136344958289;0.0
0.0;0.07559226280297782;0.0
0.0;0.08137136344958289;0.0
0.0;0.07559226280297782;0.0
0.0;0.08137136344958289;0.0
0.0;0.07559226280297782;0.0
0.0;0.08137136344958289;0.0
0.0;0.07559226280297782;0.0
0.0;0.08137136344958289;0.0
0.0;0.07559226280297782;0.0
0.0;0.08137136344958289;0.0
0.0;0.07559226280297782;0.0
0.0;0.08137136344958289;0.0
0.0;0.07559226280297782;0.0
0.0;0.08137136344958289;0.0
0.0;0.07559226280297782;0.0
0.0;0.08137136344958289;0.0
0.0;0.07559226280297782;0.0
0.0;0.08137136344958289;0.0
0.0;0.07559226280297782;0.0
0.0;0.08137136344958289;0.0
0.0;0.07559226280297782;0.0
0.0;0.08137136344958289;0.0
0.0;0.07559226280297782;0.0
0.0;0.08137136344958289;0.0
0.0;0.07559226280297782;0.0
0.0;0.08137136344958289;0.0
0.0;0.07559226280297782;0.0
0.0;0.08137136344958289;0.0
0.0;0.07559226280297782;0.0
0.0;0.08137136344958289;0.0
0.0;0.07559226280297782;0.0
0.0;0.08137136344958289;0.0
0.0;0.07559226280297782;0.0
0.0;0.08137136344958289;0.0
