# ["m", "w0", "wp"] [calculated @ 2025-10-14T10:32:39.540]
0.7029967715332249;0.8226466661063843;0.6473631833197805
0.0;0.0;0.0
0.0018848499324565322;0.002894412062060599;0.0010517624308149416
0.014267050904284163;0.047101691459653136;0.006658527121590979
0.011848943744765094;0.0725872957318898;0.004821934045585302
0.006601412129336692;0.07467939312072924;0.002496463001494645
0.0036491477592276553;0.0753162509292025;0.0012822032181479734
0.0020144321422029873;0.07550871485326294;0.0006577325530353581
0.0012287747084435096;0.08134339285535452;0.0003632527533622825
0.0006241385222989163;0.07558431987107728;0.00017450061782974698
0.0003805008611262765;0.08136870256783164;9.631345835354323e-5
0.0001932330789681358;0.07559150664710561;4.625757415958302e-5
0.00011779496662767675;0.08137110989530057;2.5529369723407603e-5
5.98193712375958e-5;0.07559219069970612;1.2260941400016739e-5
3.646556056865632e-5;0.0813713392533402;6.766690088146177e-6
1.8518095953077045e-5;0.07559225591863887;3.2498107606709685e-6
1.1288510833852873e-5;0.08137136113802153;1.7935343846685869e-6
5.732575456166859e-6;0.07559226214503027;8.613727501940287e-7
3.494539548015246e-6;0.08137136322856886;4.753818497151414e-7
1.7746103959183519e-6;0.07559226274005147;2.28309478180946e-7
1.0817905172896016e-6;0.0813713634284384;1.260014006606506e-7
5.493589668747419e-7;0.07559226279695642;6.051411710195575e-8
3.348855122417657e-7;0.08137136344755909;3.339705137604028e-8
1.700628307759293e-7;0.07559226280240149;1.60394491612613e-8
1.0366915154741887e-7;0.08137136344938911;8.851989107032786e-9
5.264566158365518e-8;0.07559226280292267;4.251304325510425e-9
3.2092439244875436e-8;0.08137136344956435;2.3462463807277608e-9
1.6297304164363227e-8;0.07559226280297254;1.1268210186334116e-9
9.934726393720547e-9;0.08137136344958117;6.218796711965819e-10
5.045090420782385e-9;0.07559226280297736;2.986673054658954e-10
3.0754529985054375e-9;0.08137136344958273;1.6483108021537316e-10
1.561788201013491e-9;0.07559226280297776;7.916266902411459e-11
9.520555243177933e-10;0.08137136344958287;4.3688974350465287e-11
4.834764456829114e-10;0.07559226280297782;2.098230389542124e-11
2.9472397133629937e-10;0.08137136344958289;1.1579894260752843e-11
1.4966784444759876e-10;0.07559226280297782;5.561422854804534e-12
9.12365057094139e-11;0.08137136344958289;3.0692858572114973e-12
4.63320682146826e-11;0.07559226280297782;1.4740718809559757e-12
2.824371542063151e-11;0.08137136344958289;8.135234624035238e-13
1.4342830639223887e-11;0.07559226280297782;3.9070719255728987e-13
8.743292551144267e-12;0.08137136344958289;2.1562684437683055e-13
4.440051969885069e-12;0.07559226280297782;1.0355811835783233e-13
2.7066256509245065e-12;0.08137136344958289;5.715254465868905e-14
1.3744888990996883e-12;0.07559226280297782;2.7448391230325718e-14
8.378791366512967e-13;0.08137136344958289;1.5148454128721714e-14
4.254949596450713e-13;0.07559226280297782;7.275278781424823e-15
2.59378849600322e-13;0.08137136344958289;4.0151434001827524e-15
1.3171875073123443e-13;0.07559226280297782;1.928334557144183e-15
8.029485957708676e-14;0.08137136344958289;1.0642258534793149e-15
4.07756399950531e-14;0.07559226280297782;5.111108833066883e-16
2.4856554358378468e-14;0.08137136344958289;2.8207626835002383e-16
1.2622749667575683e-14;0.07559226280297782;1.3547147929632332e-16
7.694742824450188e-15;0.08137136344958289;7.476516465573834e-17
3.907573472534398e-15;0.07559226280297782;3.59071236832221e-17
2.3820303603129878e-15;0.08137136344958289;1.981673211538427e-17
1.2096516880530924e-15;0.07559226280297782;9.51729129924104e-18
7.373954876598828e-16;0.08137136344958289;5.252484543318149e-18
3.744669720722222e-16;0.07559226280297782;2.5225867288538287e-18
2.2827253349940877e-16;0.08137136344958289;1.392186850847029e-18
1.1592222336218818e-16;0.07559226280297782;6.686192115499195e-19
7.066540333139823e-17;0.08137136344958289;3.6900331865554866e-19
3.588557301828297e-17;0.07559226280297782;1.7721953617696281e-19
2.1875602602895415e-17;0.08137136344958289;9.780544119919282e-20
1.1108951446065549e-17;0.07559226280297782;4.697257192172821e-20
6.771941667064347e-18;0.08137136344958289;2.5923626820002076e-20
3.438953090373332e-18;0.07559226280297782;1.2450221688531575e-20
2.0963625448220783e-18;0.08137136344958289;6.871135381251952e-21
1.0645827749996024e-18;0.07559226280297782;3.299968763726129e-21
6.489624594238459e-19;0.08137136344958289;1.8212151314824643e-21
3.295585764162946e-19;0.07559226280297782;8.746666616867705e-22
2.0089667924170608e-19;0.08137136344958289;4.827185568473464e-22
1.0202011326885818e-19;0.07559226280297782;2.3183303353527536e-22
6.219077104425467e-20;0.08137136344958289;1.2794600763892737e-22
3.158195312217655e-20;0.07559226280297782;6.144804391483183e-23
1.9252145021399575e-20;0.08137136344958289;3.3912474750618014e-23
9.776697271280326e-21;0.07559226280297782;1.6286989146370192e-23
5.959808532704155e-21;0.08137136344958289;8.98860359095258e-24
3.026532563217005e-21;0.07559226280297782;4.3169155363455315e-24
1.8449537808390734e-21;0.08137136344958289;2.3824564591474726e-24
9.36911423361822e-22;0.07559226280297782;1.1442114672308661e-24
5.7113486695988725e-22;0.08137136344958289;6.314772614343294e-25
2.900358733602486e-22;0.07559226280297782;3.0327669622438987e-25
1.7680390676721262e-22;0.08137136344958289;1.673749504120181e-25
8.978523021311911e-23;0.07559226280297782;8.038440192823454e-26
5.473246908307692e-23;0.08137136344958289;4.436323480879426e-26
2.779444994519646e-23;0.07559226280297782;2.1306127881909756e-26
1.6943308701171142e-23;0.08137136344958289;1.1758609026353428e-26
8.604215258147812e-24;0.07559226280297782;5.647253377907442e-27
5.245071427481883e-24;0.08137136344958289;3.1166547441944372e-27
2.6635720568141016e-24;0.07559226280297782;1.4968215196607792e-27
1.6236955109886679e-24;0.08137136344958289;8.260787285927857e-28
8.2455120995754e-25;0.07559226280297782;3.967370528272275e-28
5.026408408074735e-25;0.08137136344958289;2.189546555019051e-28
2.552529773328731e-25;0.07559226280297782;1.0515635098679336e-28
1.5560048860011123e-25;0.08137136344958289;5.803459102212364e-29
7.901763001554647e-26;0.07559226280297782;2.787200760316472e-29
4.8168612828393474e-26;0.08137136344958289;1.5382243174435896e-29
2.4461167577807846e-26;0.07559226280297782;7.3875595771523e-30
1.4911362314385515e-26;0.08137136344958289;4.077109891017916e-30
7.572344540729392e-27;0.07559226280297782;1.9580949202876185e-30
4.616050017114273e-27;0.08137136344958289;1.0806502585436938e-30
2.3441400195277543e-27;0.07559226280297782;5.189989572082914e-31
1.4289719015105835e-27;0.08137136344958289;2.8642960638939104e-31
7.256659283786754e-28;0.07559226280297782;1.3756223704606146e-31
4.4236104195926785e-28;0.08137136344958289;7.591903001711464e-32
2.2464146135595173e-28;0.07559226280297782;3.646128532301117e-32
1.3693991549898953e-28;0.08137136344958289;2.0122567605333346e-32
6.954134703952093e-29;0.07559226280297782;9.664173511229576e-33
4.2391934818249834e-29;0.08137136344958289;5.333547161231249e-33
2.1527633050820857e-29;0.07559226280297782;2.561518301610932e-33
1.3123099507447885e-29;0.08137136344958289;1.4136727419187946e-33
6.664222142654472e-30;0.07559226280297782;6.7893814218707894e-34
4.0624647452571476e-30;0.08137136344958289;3.7469821880844805e-34
2.063016248084589e-30;0.07559226280297782;1.7995459982719812e-34
1.2576007517957726e-30;0.08137136344958289;9.93148916400968e-35
6.386395814479488e-31;0.07559226280297782;4.769750878135806e-35
3.8931036946566455e-31;0.08137136344958289;2.6323711206448313e-35
1.9770106773065466e-31;0.07559226280297782;1.2642368386984003e-35
1.2051723375409118e-31;0.08137136344958289;6.977178953098008e-36
6.12015185360484e-32;0.07559226280297782;3.350897824975707e-36
3.730803176826048e-32;0.08137136344958289;1.8493222996470507e-36
1.8945906130468005e-32;0.07559226280297782;8.881655627902206e-37
1.1549296238093303e-32;0.08137136344958289;4.90168446439705e-37
5.865007399989269e-33;0.07559226280297782;2.3541095793697825e-37
3.5752688435500166e-33;0.08137136344958289;1.2992062331750847e-37
1.815606578278725e-33;0.07559226280297782;6.239638355568092e-38
1.1067814904165781e-33;0.08137136344958289;3.4435852584579405e-38
5.620499723657666e-34;0.07559226280297782;1.6538349424965697e-38
3.4262186177653353e-34;0.08137136344958289;9.127326462472997e-39
1.7399153275587124e-34;0.07559226280297782;4.3835393353876594e-39
1.0606406159090552e-34;0.08137136344958289;2.419225374134221e-39
5.386185385493901e-35;0.07559226280297782;1.1618703058652281e-39
3.283382181985995e-35;0.08137136344958289;6.4122297311464e-40
1.667379587236217e-35;0.07559226280297782;3.0795722460010166e-40
1.0164233191978317e-35;0.08137136344958289;1.6995808065097034e-40
5.161639433019782e-36;0.07559226280297782;8.162499007389056e-41
3.146500488055401e-36;0.08137136344958289;4.5047901260077643e-41
1.5978678064942816e-36;0.07559226280297782;2.1634949507076873e-41
9.740494077946186e-37;0.08137136344958289;1.1940081931762627e-41
4.946454629701103e-37;0.07559226280297782;5.7344085402037605e-42
3.015325287336626e-37;0.08137136344958289;3.1647546844440695e-42
1.5312539187689692e-37;0.07559226280297782;1.5199222579745615e-42
9.334420323746876e-38;0.08137136344958289;8.38827762652722e-43
4.740240716383591e-38;0.07559226280297782;4.028599731062059e-43
2.889618680488701e-38;0.08137136344958289;2.2233382538481847e-43
1.4674171131150556e-38;0.07559226280297782;1.0677924945148713e-43
8.945275474029198e-39;0.08137136344958289;5.893025017903712e-44
4.542623703518852e-39;0.07559226280297782;2.83021617300685e-44
2.769152686012376e-39;0.08137136344958289;1.5619640332069055e-44
1.4062416151032954e-39;0.07559226280297782;7.501573224289033e-45
8.572353775702773e-40;0.08137136344958289;4.1400327227863184e-45
4.353245192896972e-40;0.07559226280297782;1.988314580917138e-45
2.6537088267828747e-40;0.08137136344958289;1.0973281446533179e-45
1.3476164768519199e-40;0.07559226280297782;5.270087692921745e-46
8.214978897984212e-41;0.08137136344958289;2.908501303433896e-46
4.1717617276554924e-41;0.07559226280297782;1.3968526186773802e-46
2.5430777338197955e-41;0.08137136344958289;7.709070320755538e-47
1.2914353758115612e-41;0.07559226280297782;3.7023999447419193e-47
7.872502705803621e-42;0.08137136344958289;2.0433123114020535e-47
3.9978441693860784e-42;0.07559226280297782;9.813322585029954e-48
2.4370587665755145e-42;0.08137136344958289;5.415860834329524e-48
1.2375964219386798e-42;0.07559226280297782;2.6010507129199903e-48
7.54430408434683e-43;0.08137136344958289;1.4354902289360806e-48
3.831177101209098e-43;0.07559226280297782;6.894163268924007e-49
2.3354596490535047e-43;0.08137136344958289;3.804810094656108e-49
1.1860019729077905e-43;0.07559226280297782;1.8273187424793944e-49
7.229787812601621e-44;0.08137136344958289;1.0084763772391799e-49
3.671458255733605e-44;0.07559226280297782;4.843363373286673e-50
2.2380961210966026e-44;0.08137136344958289;2.6729970173225833e-50
1.1365584570273297e-44;0.07559226280297782;1.283748052289203e-50
6.928383483864863e-45;0.08137136344958289;7.084859116061243e-51
3.518397966865162e-45;0.07559226280297782;3.402612884356018e-51
2.1447916042127638e-45;0.08137136344958289;1.8778632512173255e-51
1.0891762035380486e-45;0.07559226280297782;9.018727950659684e-52
6.6395444712530156e-46;0.08137136344958289;4.977333116304735e-52
3.3717186444674342e-46;0.07559226280297782;2.3904410114347844e-52
2.0553768813323505e-46;0.08137136344958289;1.3192571362480267e-52
1.0437692799861262e-46;0.07559226280297782;6.335935910708329e-53
6.362746936339512e-47;0.08137136344958289;3.4967307810683183e-53
3.231154270924752e-47;0.07559226280297782;1.6793588995742725e-53
1.9696897899160286e-47;0.08137136344958289;9.268190271113221e-54
1.0002553363760628e-47;0.07559226280297782;4.4511913525085295e-54
6.097488879121496e-48;0.08137136344958289;2.4565617509539536e-54
3.096449918692523e-48;0.07559226280297782;1.1798016767987723e-54
1.8875749278568018e-48;0.08137136344958289;6.5111909226321005e-55
9.585554558207474e-49;0.07559226280297782;3.127099884826904e-55
5.843289227592575e-49;0.08137136344958289;1.725810768424739e-55
2.9673612879606914e-49;0.07559226280297782;8.288472445824742e-56
1.8088833716427525e-49;0.08137136344958289;4.574313430217742e-56
9.185940114177713e-50;0.07559226280297782;2.1968845900487964e-56
5.599686965270651e-50;0.08137136344958289;1.2124355543898622e-56
2.8436542635915466e-50;0.07559226280297782;5.822908785110434e-57
1.7334724062693638e-50;0.08137136344958289;3.213596960448506e-57
8.802985290924965e-51;0.07559226280297782;1.5433795144861602e-57
5.36624029509847e-51;0.08137136344958289;8.517735550406936e-58
2.7251044905286025e-51;0.07559226280297782;4.090773896074951e-58
1.6612052664115943e-51;0.08137136344958289;2.2576514665529372e-58
8.43599556159072e-52;0.07559226280297782;1.084271944245658e-58
5.142525838200418e-52;0.08137136344958289;5.98397322183254e-59
2.6114969669061736e-52;0.07559226280297782;2.8738954509470042e-59
1.5919508883862757e-52;0.08137136344958289;1.5860701286315822e-59
8.084305353610398e-53;0.07559226280297782;7.617346466268651e-60
4.9281378660427165e-53;0.08137136344958289;4.203926654884023e-60
2.502625654122073e-53;0.07559226280297782;2.0190006274603854e-60
1.5255836724550418e-53;0.08137136344958289;1.1142634238305806e-60
7.747276841631023e-54;0.07559226280297782;5.351421983674373e-61
4.72268756460403e-54;0.08137136344958289;2.9533887710533836e-61
2.398293103165977e-54;0.07559226280297782;1.4184105174536502e-61
1.461983255036625e-54;0.08137136344958289;7.82804590587586e-62
7.424298790751083e-55;0.07559226280297782;3.7595398048608577e-62
4.52580232922246e-55;0.08137136344958289;2.0748471486415157e-62
2.2983100965259e-55;0.07559226280297782;9.964773505562475e-63
1.401034290415477e-55;0.08137136344958289;5.499444870391526e-63
7.114785447985057e-56;0.07559226280297782;2.641193235639505e-63
4.33712508883971e-56;0.08137136344958289;1.4576444294837572e-63
2.202495305023325e-56;0.07559226280297782;7.000562234649719e-64
1.3426262415507757e-56;0.08137136344958289;3.863530470583233e-64
6.818175479941725e-57;0.07559226280297782;1.855520108862381e-64
4.156313658417019e-57;0.08137136344958289;1.0240403897685525e-64
2.1106749589546193e-57;0.07559226280297782;4.918111944425736e-65
1.286653179606468e-57;0.08137136344958289;2.714249901383661e-65
6.533930954789918e-58;0.07559226280297782;1.3035603862430083e-65
3.983040118348385e-58;0.08137136344958289;7.194201127971404e-66
2.0226825329422884e-58;0.07559226280297782;3.4551260723294463e-66
1.2330135918387112e-58;0.08137136344958289;1.9068446808571612e-66
6.261536366665482e-59;0.07559226280297782;9.157915737296149e-67
3.816990219745571e-59;0.08137136344958289;5.0541492686048025e-67
1.938358443924575e-59;0.07559226280297782;2.4273331535735528e-67
1.1816101974923858e-59;0.08137136344958289;1.339617488816958e-67
6.000497700749717e-60;0.07559226280297782;6.4337196447899565e-68
3.657862814516351e-60;0.08137136344958289;3.5506965088897064e-68
1.8575497617355934e-60;0.07559226280297782;1.7052767728573752e-68
1.1323497713726952e-60;0.08137136344958289;9.411228058373153e-69
5.7503415373242235e-61;0.07559226280297782;4.519887456398168e-69
3.5053693092023036e-61;0.08137136344958289;2.4944743473557596e-69
1.780109931751214e-61;0.07559226280297782;1.1980097860755984e-69
1.0851429747719836e-61;0.08137136344958289;6.611679401478183e-70
5.510614193176818e-62;0.07559226280297782;3.175361026968164e-70
3.3592331415857457e-62;0.08137136344958289;1.752445542455461e-70
1.705898509097576e-62;0.07559226280297782;8.416390056893954e-71
1.0399041934450316e-62;0.08137136344958289;4.6449097011349545e-71
5.280880898801753e-63;0.07559226280297782;2.230789538203071e-71
3.219189279116493e-63;0.08137136344958289;1.2311473086614286e-71
1.634780903940289e-63;0.07559226280297782;5.912774871549626e-72
9.965513823390804e-64;0.08137136344958289;3.2631930288201823e-72
5.0607250099017075e-64;0.07559226280297782;1.5671987914104223e-72
3.084983738248825e-64;0.08137136344958289;8.649191423663323e-73
1.5666281373922935e-64;0.07559226280297782;4.153907607097158e-73
9.550059167969192e-65;0.08137136344958289;2.2924942417586174e-73
4.849747251761697e-65;0.07559226280297782;1.1010057245367575e-73
2.956373123816968e-65;0.08137136344958289;6.076325047122682e-74
1.5013166075977696e-65;0.07559226280297782;2.918248839698754e-74
9.151924499632068e-66;0.08137136344958289;1.610548258126359e-74
4.6475649951244683e-66;0.07559226280297782;7.734906459261381e-75
2.833124187613573e-66;0.08137136344958289;4.268806674491714e-75
1.438727865567802e-66;0.07559226280297782;2.050160257742087e-75
8.770387761354202e-67;0.08137136344958289;1.1314600684728623e-75
4.453811562254098e-67;0.07559226280297782;5.434011522392047e-76
2.715013405370819e-67;0.08137136344958289;2.9989689957113074e-76
1.378748400361302e-67;0.07559226280297782;1.440301123484379e-76
8.404756998115977e-68;0.08137136344958289;7.94885766439527e-77
4.268135561929261e-68;0.07559226280297782;3.8175615155802684e-77
2.601826571376779e-68;0.08137136344958289;2.10686866917172e-77
1.321269433221568e-68;0.07559226280297782;1.0118561797676473e-77
8.054369101973699e-69;0.08137136344958289;5.584318875176529e-78
4.090200252160082e-69;0.07559226280297782;2.6819552857378153e-78
2.493358409991961e-69;0.08137136344958289;1.480140540127383e-78
1.2661867202951394e-69;0.07559226280297782;7.108603276355647e-79
7.718588609447057e-70;0.08137136344958289;3.923157089519394e-79
3.9196829294729075e-70;0.07559226280297782;1.8841567124305233e-79
2.38941220336141e-70;0.08137136344958289;1.039844604737447e-79
1.213400363575134e-70;0.07559226280297782;4.994014124835201e-80
7.396806549042676e-71;0.08137136344958289;2.7561394492465736e-80
3.756274343655288e-71;0.07559226280297782;1.3236784878090771e-80
2.289799434647194e-71;0.08137136344958289;7.3052306364672815e-81
1.1628146297262336e-71;0.07559226280297782;3.5084497065701465e-81
7.088439336823275e-72;0.08137136344958289;1.9362733865504714e-81
3.599678136899798e-72;0.07559226280297782;9.299251636177979e-82
2.1943394461342985e-72;0.08137136344958289;5.1321509395583886e-82
1.1143377764627109e-72;0.07559226280297782;2.4647946593339558e-82
6.792927718019965e-73;0.08137136344958289;1.3602920666762735e-82
3.4496103063295114e-73;0.07559226280297782;6.5330124943023165e-83
2.1028591115897814e-73;0.08137136344958289;3.605495100309017e-83
1.067881886164613e-73;0.07559226280297782;1.7315946417314623e-83
6.509735752767753e-74;0.08137136344958289;9.55647337568865e-84
3.3057986889304017e-74;0.07559226280297782;4.589643760651232e-84
2.0151925222810414e-74;0.08137136344958289;2.5329720562487768e-84
1.0233627064303794e-74;0.07559226280297782;1.2164989046525102e-84
6.23834984412509e-75;0.08137136344958289;6.713718738608243e-85
3.167982467956503e-75;0.07559226280297782;3.2243669927244517e-85
1.931180686083752e-75;0.08137136344958289;1.77949137614617e-85
9.806994972766822e-76;0.07559226280297782;8.546281845391943e-86
5.978277806614365e-76;0.08137136344958289;4.716595498063754e-86
3.035911699912675e-76;0.07559226280297782;2.2652177480318762e-86
1.8506712391337498e-76;0.08137136344958289;1.2501478450844685e-86
9.398148847083956e-77;0.07559226280297782;6.004027878819943e-87
5.72904797359441e-77;0.08137136344958289;3.3135545229836396e-87
2.9093468612570664e-77;0.07559226280297782;1.5913856758789553e-87
1.7735181694999128e-77;0.08137136344958289;8.782676081038597e-88
9.006347203931155e-78;0.07559226280297782;4.2180156729892924e-88
5.49020834184587e-78;0.08137136344958289;2.3278747523065408e-88
2.788058414001241e-78;0.07559226280297782;1.1179977605212918e-88
1.6995815523769545e-78;0.08137136344958289;6.170102156136233e-89
8.630879471857545e-79;0.07559226280297782;2.9632867429456685e-89
5.261325751818168e-79;0.08137136344958289;1.635404163365567e-89
2.6718263894200805e-79;0.07559226280297782;7.854280778543935e-90
1.6287272963177848e-79;0.08137136344958289;4.334688000090179e-90
8.271064702592985e-80;0.07559226280297782;2.0818007806724023e-90
5.041985102051372e-80;0.08137136344958289;1.148922112284345e-90
2.5604399891165138e-80;0.07559226280297782;5.517875681561336e-91
1.5608269000452688e-80;0.08137136344958289;3.045252668862118e-91
7.926250336080316e-81;0.07559226280297782;1.462529571505489e-91
4.831788596348175e-81;0.08137136344958289;8.071533934335793e-92
2.453697202717549e-81;0.07559226280297782;3.8764786866723686e-92
1.4957572194023016e-81;0.08137136344958289;2.1393843840707623e-92
7.595811016992475e-82;0.07559226280297782;1.0274723534483231e-92
4.630355022330717e-82;0.08137136344958289;5.670502757023322e-93
2.3514044415082524e-82;0.07559226280297782;2.7233464245017283e-93
1.4334002440175894e-82;0.08137136344958289;1.5029838376321176e-93
7.279147460588045e-83;0.07559226280297782;7.218311736520494e-94
4.437319060073865e-83;0.08137136344958289;3.983703937689633e-94
2.2533761873392883e-83;0.07559226280297782;1.9132352702841527e-94
1.3736428832820265e-83;0.08137136344958289;1.0558927292369411e-94
6.9756853658485195e-84;0.07559226280297782;5.0710877183918336e-95
4.252330619560959e-84;0.08137136344958289;2.798675486667902e-95
2.1594346561711742e-84;0.07559226280297782;1.3441070759585799e-95
1.3163767612475744e-84;0.08137136344958289;7.417973685012643e-96
6.68487437392596e-85;0.07559226280297782;3.5625962948533786e-96
4.075054205760619e-85;0.08137136344958289;1.966156271195783e-96
2.0694094756451714e-85;0.07559226280297782;9.442768799540288e-97
1.2614980200766483e-85;0.08137136344958289;5.211356425506002e-97
6.406187070012179e-86;0.07559226280297782;2.5028343158157717e-97
3.9051683101728755e-86;0.08137136344958289;1.3812857193261397e-97
1.9831373760959817e-86;0.07559226280297782;6.633837749718038e-98
1.2089071316855388e-86;0.08137136344958289;3.66113940907252e-98
6.139118026819308e-87;0.07559226280297782;1.7583186794064792e-98
3.742364827741474e-87;0.08137136344958289;9.70396029230143e-99
1.900461894445867e-87;0.07559226280297782;4.660476627546623e-99
1.1585087172402835e-87;0.08137136344958289;2.572063907788155e-99
5.883182887936817e-88;0.07559226280297782;1.23527336940082e-99
3.5863484980744575e-88;0.08137136344958289;6.81733286872047e-100
1.8212330904432371e-88;0.07559226280297782;3.2741292771038283e-100
1.110211374177624e-88;0.08137136344958289;1.806954613460731e-100
5.6379174894027994e-89;0.07559226280297782;8.678178279183833e-101
3.43683636995998e-89;0.08137136344958289;4.789387635871492e-101
1.745307274730996e-89;0.07559226280297782;2.300177295134646e-101
1.0639275104372988e-89;0.08137136344958289;1.2694416204902247e-101
5.402877017896197e-90;0.07559226280297782;6.096689211540969e-102
3.2935572882059808e-90;0.08137136344958289;3.364693255904342e-102
1.6725467482515409e-90;0.07559226280297782;1.6159458412506508e-102
1.0195731856051132e-90;0.08137136344958289;8.918220833153578e-103
5.177635204023344e-91;0.07559226280297782;4.2831131311600224e-103
3.1562514018731266e-91;0.08137136344958289;2.363801297171077e-103
1.6028195525157395e-91;0.07559226280297782;1.135252037909721e-103
9.770679586785821e-92;0.08137136344958289;6.265326545554768e-104
4.9617835492358635e-92;0.07559226280297782;3.009019724933394e-104
3.0246696930091623e-92;0.08137136344958289;1.6606436746359146e-104
1.5359992302830314e-92;0.07559226280297782;7.975497424967642e-105
9.363347421791446e-93;0.08137136344958289;4.401586085029976e-105
4.754930584977667e-93;0.07559226280297782;2.113929617961326e-105
2.8985735250299564e-93;0.08137136344958289;1.1666536512221436e-105
1.471964596218574e-93;0.07559226280297782;5.6030341326481595e-106
8.972996623463039e-94;0.08137136344958289;3.0922506469635253e-106
4.556701162717578e-94;0.07559226280297782;1.4851010754982799e-106
2.7777342099282073e-94;0.08137136344958289;8.196103491065687e-107
1.4105995171115177e-94;0.07559226280297782;3.936305137951657e-107
8.598919251601854e-95;0.08137136344958289;2.172401920336686e-107
4.366735773580021e-95;0.07559226280297782;1.043329534581739e-107
2.6619325935248538e-95;0.08137136344958289;5.758016731519934e-108
1.3517927012558288e-95;0.07559226280297782;2.765376360779269e-108
8.240436879495015e-96;0.08137136344958289;1.5261796802004759e-108
4.1846898963396716e-96;0.07559226280297782;7.329713348738406e-109
2.5509586580110974e-96;0.08137136344958289;4.0451852171711077e-109
1.2954374966116382e-96;0.07559226280297782;1.9427626031899145e-109
7.896899363520814e-97;0.08137136344958289;1.0721885275703707e-109
4.010233372597817e-97;0.07559226280297782;5.149350803743096e-110
2.444611141060059e-97;0.08137136344958289;2.841867991047023e-110
1.241431697381114e-97;0.07559226280297782;1.3648509424914837e-110
7.567683664048279e-98;0.08137136344958289;7.532456719005126e-111
3.843049808007055e-98;0.07559226280297782;3.617578537989288e-111
2.3426971708174894e-98;0.08137136344958289;1.9965003442254062e-111
1.1896773586480343e-98;0.07559226280297782;9.588500891262989e-112
7.2521927154925254e-99;0.08137136344958289;5.291784305159112e-112
3.682835998458556e-99;0.07559226280297782;2.5414610457317856e-112
2.245031916109327e-99;0.08137136344958289;1.4026033711100008e-112
1.1400806187448784e-99;0.07559226280297782;6.736219060956174e-113
6.949854343476609e-100;0.08137136344958289;3.7176424873008686e-113
3.5293013801910414e-100;0.07559226280297782;1.7854551543647008e-113
2.1514382512319037e-100;0.08137136344958289;9.853723403250437e-114
1.0925515290253103e-100;0.07559226280297782;4.732402671885465e-114
6.660120227136059e-101;0.08137136344958289;2.6117590714931822e-114
3.382167502824399e-101;0.07559226280297782;1.2543375841236143e-114
2.0617464347167872e-101;0.08137136344958289;6.922546095901986e-115
1.0470038907333252e-101;0.07559226280297782;3.324659552519036e-115
6.382464904684268e-102;0.08137136344958289;1.8348416962706405e-115
3.2411675243620698e-102;0.07559226280297782;8.812110296351269e-116
1.9757938014876214e-102;0.08137136344958289;4.863303188932632e-116
1.0033550986731774e-102;0.07559226280297782;2.335676379743108e-116
6.116384820434881e-103;0.08137136344958289;1.2890331604930785e-116
3.1060457272464064e-103;0.07559226280297782;6.190780604673916e-117
1.8934244678508051e-103;0.08137136344958289;3.416621222859552e-117
9.615259913966023e-104;0.07559226280297782;1.6408850484424603e-117
5.861397411553319e-104;0.08137136344958289;9.055857473851993e-118
2.976557054589292e-104;0.07559226280297782;4.349215251093252e-118
1.8144890487847564e-104;0.08137136344958289;2.40028230340628e-118
9.214407076356212e-105;0.07559226280297782;1.1527726039247542e-118
5.6170402328807665e-105;0.08137136344958289;6.362020551538896e-119
2.8524666657370252e-105;0.07559226280297782;3.055458512947645e-119
1.7388443870153088e-105;0.08137136344958289;1.6862727122040674e-119
8.83026548720537e-106;0.07559226280297782;8.09858483152642e-120
5.382870118243683e-106;0.08137136344958289;4.469516621156223e-120
2.733549510363271e-106;0.07559226280297782;2.1465543058595503e-120
1.6663532933856293e-106;0.08137136344958289;1.1846588444570761e-120
8.462138467336335e-107;0.07559226280297782;5.689506850711985e-121
5.158462376727613e-107;0.08137136344958289;3.1399739540230844e-121
2.6195899203178166e-107;0.07559226280297782;1.5080209299124356e-121
1.5968842980500054e-107;0.08137136344958289;8.322595554049055e-122
8.109358381594491e-108;0.07559226280297782;3.9970549025165214e-122
4.943410022457779e-108;0.08137136344958289;2.2059290226764654e-122
2.510381218490811e-108;0.07559226280297782;1.0594314426828971e-122
1.530311412040117e-108;0.08137136344958289;5.8468813262455324e-123
7.7712854280245575e-109;0.07559226280297782;2.808054953256991e-123
4.737323036489472e-109;0.08137136344958289;1.549733508729158e-123
2.405725343983163e-109;0.07559226280297782;7.44283424375507e-124
1.4665138987714465e-109;0.08137136344958289;4.107615349224417e-124
7.447306477525784e-110;0.07559226280297782;1.972745637180676e-124
4.5398276594697645e-110;0.08137136344958289;1.0887358221362956e-124
2.3054324929033037e-110;0.07559226280297782;5.228821738547725e-125
1.4053760550754148e-110;0.08137136344958289;2.8857270937664757e-125
7.136833961881134e-111;0.07559226280297782;1.3859149531605442e-125
4.350565713787496e-111;0.08137136344958289;7.648706591979341e-126
2.2093207741388563e-111;0.07559226280297782;3.673409332802144e-126
1.3467870013601184e-111;0.08137136344958289;2.0273127232495803e-126
6.839304808143452e-112;0.07559226280297782;9.736482094767308e-127
4.169193953982364e-112;0.08137136344958289;5.3734534439580896e-127
2.117215879478906e-112;0.07559226280297782;2.580683909500759e-127
1.2906404805191074e-112;0.08137136344958289;1.4242500223696562e-127
6.554179417446442e-113;0.07559226280297782;6.840180442929572e-128
3.995383444235025e-113;0.08137136344958289;3.7750175885506137e-128
2.0289507674886426e-113;0.07559226280297782;1.8130104318311296e-128
1.236834665223492e-113;0.08137136344958289;1.0005797837486553e-128
6.280940686388202e-114;0.07559226280297782;4.8054387648883625e-129
3.828818961809061e-114;0.08137136344958289;2.652066858398121e-129
1.9443653605630187e-114;0.07559226280297782;1.2736960205887365e-129
1.1852719732479049e-114;0.08137136344958289;7.0293830993296055e-130
6.019093069212418e-115;0.07559226280297782;3.3759696715254516e-130
3.669198425363014e-115;0.08137136344958289;1.8631591658660636e-130
1.8633062546100025e-115;0.07559226280297782;8.948109312449295e-131
1.135858890495382e-115;0.08137136344958289;4.938359495133772e-131
5.76816167908673e-116;0.07559226280297782;2.3717233286447763e-131
3.5162323470957e-116;0.08137136344958289;1.308927060552111e-131
1.7856264408369346e-116;0.07559226280297782;6.286324128619929e-132
1.0885058014001952e-116;0.08137136344958289;3.469350604251987e-132
5.52769142684781e-117;0.07559226280297782;1.6662091472806814e-132
3.3696433077311455e-117;0.08137136344958289;9.195618287658159e-133
1.711185039135357e-117;0.07559226280297782;4.4163375379298135e-133
1.0431268264010634e-117;0.08137136344958289;2.4373263281225738e-133
5.297246195651815e-118;0.07559226280297782;1.1705635682506808e-133
3.2291654533909853e-118;0.08137136344958289;6.460206854967592e-134
1.639847042580882e-118;0.07559226280297782;3.1026139998304216e-134
9.99639666189985e-119;0.08137136344958289;1.7122972877053091e-134
5.076408050032834e-119;0.07559226280297782;8.223571870026155e-135
3.094544013441841e-119;0.08137136344958289;4.538495542489362e-135
1.571483072584622e-119;0.07559226280297782;2.1796824969261917e-135
9.579654524542157e-120;0.08137136344958289;1.2029419153492657e-135
4.864776477935094e-120;0.07559226280297782;5.7773141190912866e-136
2.965534838443365e-120;0.08137136344958289;3.188433784184011e-136
1.5059691442521837e-120;0.07559226280297782;1.5312945109079241e-136
9.180286048406965e-121;0.08137136344958289;8.451039793699685e-137
4.6619676643443785e-121;0.07559226280297782;4.058742230040901e-137
2.841903957358786e-121;0.08137136344958289;2.239973555322669e-137
1.4431864415246686e-121;0.07559226280297782;1.075781854670798e-137
8.79756693883524e-122;0.08137136344958289;5.937117385585428e-138
4.467613795201089e-122;0.07559226280297782;2.8513922127724774e-138
2.723427153225059e-122;0.08137136344958289;1.5736508480852637e-138
1.383021101693873e-122;0.07559226280297782;7.557700955597116e-139
8.430803096458788e-123;0.08137136344958289;4.171008977676268e-139
4.281362390332668e-123;0.07559226280297782;2.003191405180118e-139
2.609889556512961e-123;0.08137136344958289;1.105538494325102e-139
1.3253640089008842e-123;0.07559226280297782;5.309519163781823e-140
8.079329358381611e-124;0.08137136344958289;2.9302630825683994e-140
4.102875664195593e-124;0.07559226280297782;1.4073040488126278e-140
2.501085255439733e-124;0.08137136344958289;7.766750571905723e-141
1.2701105962435528e-124;0.07559226280297782;3.730101775155396e-141
7.742508291840548e-125;0.08137136344958289;2.058600635726015e-141
3.9318299132675035e-125;0.07559226280297782;9.886747121033763e-142
2.3968169225274957e-125;0.08137136344958289;5.456382998497296e-142
1.2171606561339742e-125;0.07559226280297782;2.6205121073726597e-142
7.419729038157151e-126;0.08137136344958289;1.4462307506181467e-142
3.767914928978498e-126;0.07559226280297782;6.945746281177931e-143
2.2968954567301042e-126;0.08137136344958289;3.833278170923049e-143
1.1664181585619972e-126;0.07559226280297782;1.8409909752665167e-143
7.110406204884441e-127;0.08137136344958289;1.0160219266112707e-143
3.610833435116885e-127;0.07559226280297782;4.8796020381527316e-144
2.201139640479514e-127;0.08137136344958289;2.6929967232362456e-144
1.1177910769352111e-127;0.07559226280297782;1.2933532195776945e-144
6.813978804139244e-128;0.08137136344958289;7.137868939058673e-145
3.460300548689062e-128;0.07559226280297782;3.428071669601247e-145
2.109375811029609e-128;0.08137136344958289;1.8919136644901535e-145
1.0711912211795066e-128;0.07559226280297782;9.086207227875331e-146
6.529909235194476e-129;0.08137136344958289;5.014574159940512e-146
3.316043263255716e-129;0.07559226280297782;2.4083265971360894e-146
2.0214375455014397e-129;0.08137136344958289;1.3291279870490078e-146
1.026534077797574e-129;0.07559226280297782;6.383342194396923e-147
6.257682309486468e-130;0.08137136344958289;3.5228937684668846e-147
3.177799953807339e-130;0.07559226280297782;1.6919240778731315e-147
1.937165359058683e-130;0.08137136344958289;9.337536057349744e-148
9.837386565952129e-131;0.07559226280297782;4.484495736104418e-148
5.996804316269151e-131;0.08137136344958289;2.474942060493932e-148
3.045319902281134e-131;0.07559226280297782;1.1886291039973445e-148
1.8564064156659788e-131;0.08137136344958289;6.5599084867582205e-149
9.427273437975316e-132;0.07559226280297782;3.1504972465350836e-149
5.746802127220072e-132;0.08137136344958289;1.7387235055536783e-149
2.918362842858749e-132;0.07559226280297782;8.3504878578569e-150
1.7790142509054696e-132;0.08137136344958289;4.6085390289626697e-150
9.034257612885954e-133;0.07559226280297782;2.2133219618238088e-150
5.5072223383750124e-133;0.08137136344958289;1.2215071524387619e-150
2.796698526220174e-133;0.07559226280297782;5.866476534161251e-151
1.7048485063489448e-133;0.08137136344958289;3.2376415043509165e-151
8.657626317192799e-134;0.07559226280297782;1.5549272776160305e-151
5.277630447834514e-134;0.08137136344958289;8.581466338340679e-152
2.6801063019635773e-134;0.07559226280297782;4.1213815901167235e-152
1.6337746750038137e-134;0.08137136344958289;2.274543503878078e-152
8.29669649238677e-135;0.07559226280297782;1.0923846057543723e-152
5.057610067751212e-135;0.08137136344958289;6.028746075620377e-153
2.5683747184337735e-135;0.07559226280297782;2.895398304662541e-153
1.5656638573711967e-135;0.08137136344958289;1.5979373084022684e-153
7.950813556146004e-136;0.07559226280297782;7.674340427795936e-154
4.846762169168943e-136;0.08137136344958289;4.235380972354415e-154
2.4613011392334697e-136;0.07559226280297782;2.0341070486524128e-154
1.5003925276738263e-136;0.08137136344958289;1.1226004854294296e-154
7.6193502151854e-137;0.07559226280297782;5.391462008111278e-155
4.64470435834374e-137;0.08137136344958289;2.975486403967662e-155
2.3586913757219337e-137;0.07559226280297782;1.4290232465476493e-155
1.437842309829684e-137;0.08137136344958289;7.886616347586638e-156
7.301705327597505e-138;0.07559226280297782;3.787669163023503e-156
4.4510701832346e-138;0.08137136344958289;2.0903714206551834e-156
2.2603593348344464e-138;0.07559226280297782;1.0039331216744344e-156
1.3778997627651445e-138;0.08137136344958289;5.5405924210185715e-157
6.997302812621607e-139;0.07559226280297782;2.6609549815867013e-157
4.265508468906053e-139;0.08137136344958289;1.4685507117307786e-157
2.166126681583941e-139;0.07559226280297782;7.052941337587719e-158
1.3204561746782485e-139;0.08137136344958289;3.892437900220973e-158
6.7055906058636235e-140;0.07559226280297782;1.869403347883462e-158
4.087682680637329e-140;0.08137136344958289;1.0317023910750855e-158
2.0758225156326807e-140;0.07559226280297782;4.9549098876713e-159
1.2654073658789808e-140;0.08137136344958289;2.7345582666575695e-159
6.426039658072196e-141;0.07559226280297782;1.3133137919507605e-159
3.917270313582949e-141;0.08137136344958289;7.248029061901272e-160
1.9892830613474053e-141;0.07559226280297782;3.4809777679704775e-160
1.2126534998489838e-141;0.08137136344958289;1.9211119368971164e-160
6.158142975654894e-142;0.07559226280297782;9.226436435351942e-161
3.75396230787801e-142;0.08137136344958289;5.0919650605270495e-161
1.906351370775833e-142;0.07559226280297782;2.445494771005726e-161
1.1620989021780538e-142;0.08137136344958289;1.3496406783826436e-161
5.90141470119475e-143;0.07559226280297782;6.481857558896439e-162
3.5974624881271604e-143;0.08137136344958289;3.5772632747731974e-162
1.8268770390058807e-143;0.07559226280297782;1.7180358720024637e-162
1.1136518870490402e-143;0.08137136344958289;9.481644071647422e-163
5.655389232299179e-144;0.07559226280297782;4.553705833038695e-163
3.447487026260957e-144;0.08137136344958289;2.5131383237960505e-163
1.7507159313912988e-144;0.07559226280297782;1.2069734486790075e-163
1.0672245909564256e-144;0.08137136344958289;6.6611488332688004e-164
5.419620377183538e-145;0.07559226280297782;3.1991194847208277e-164
3.303763926785247e-145;0.08137136344958289;1.7655575643738117e-164
1.6777299221490946e-145;0.07559226280297782;8.479362564869716e-165
1.0227328133571024e-145;0.08137136344958289;4.67966351021748e-165
5.193680545457662e-146;0.07559226280297782;2.2474805911411015e-165
3.166032533490175e-146;0.08137136344958289;1.2403589104515003e-165
1.6077866438546029e-146;0.07559226280297782;5.957015010164939e-166
9.800958639642505e-147;0.08137136344958289;3.2876086568560405e-166
4.977159972648004e-147;0.07559226280297782;1.5789247734198797e-166
3.03404305672406e-147;0.08137136344958289;8.713905781271367e-167
1.5407592473799455e-147;0.07559226280297782;4.184987675647954e-167
9.392364164074494e-148;0.08137136344958289;2.3096469771888507e-167
4.7696659770487655e-148;0.07559226280297782;1.1092435903320767e-167
2.907556120374922e-148;0.08137136344958289;6.121788889091348e-168
1.4765261718404314e-148;0.07559226280297782;2.940083551147596e-168
9.000803679935569e-149;0.08137136344958289;1.6225985863959153e-168
4.570822247554366e-149;0.07559226280297782;7.792780019707721e-169
2.786342327737948e-149;0.08137136344958289;4.300746432575558e-169
1.4149709241317634e-149;0.07559226280297782;2.0654998192773203e-169
8.625567053140847e-150;0.08137136344958289;1.1399257975686537e-169
4.3802681611816207e-150;0.07559226280297782;5.474669492331775e-170
2.670181845481628e-150;0.08137136344958289;3.0214076657022305e-170
1.3559818676581304e-150;0.07559226280297782;1.4510776408954058e-170
8.265973754552712e-151;0.08137136344958289;8.0083320351510785e-171
4.19765812904392e-151;0.07559226280297782;3.846124999611161e-171
2.558864004958059e-151;0.08137136344958289;2.1226325303017804e-171
1.299452019868085e-151;0.07559226280297782;1.0194270172549795e-171
7.921371625773216e-152;0.08137136344958289;5.626101463973995e-172
4.022660969591254e-152;0.07559226280297782;2.702022018562709e-172
2.452186920134254e-152;0.08137136344958289;1.4912151411544673e-172
1.2452788582309916e-152;0.07559226280297782;7.161790756200424e-173
7.591135696389652e-153;0.08137136344958289;3.952510653154146e-173
3.854959307979292e-153;0.07559226280297782;1.898254214185912e-173
2.3499571214516655e-153;0.08137136344958289;1.0476248552038272e-173
1.1933641343021681e-153;0.07559226280297782;5.031379977912523e-174
7.274667050528168e-154;0.08137136344958289;2.7767612374808103e-174
3.694249000478457e-154;0.07559226280297782;1.3335824197285143e-174
2.2519892049497825e-154;0.08137136344958289;7.359889307395083e-175
1.1436136955395093e-154;0.07559226280297782;3.5347003764697194e-175
6.971391740660005e-155;0.08137136344958289;1.9507608319342453e-175
3.5402385828788186e-155;0.07559226280297782;9.368829827524769e-176
2.158105496017525e-155;0.08137136344958289;5.170550349969445e-176
1.095937314548434e-155;0.07559226280297782;2.48323656854851e-176
6.680759746690277e-156;0.08137136344958289;1.3704699460805168e-176
3.3926487418905893e-156;0.07559226280297782;6.581893330221526e-177
2.0681357271625582e-156;0.08137136344958289;3.6324718762694864e-177
1.0502485254454852e-156;0.07559226280297782;1.7445506545410048e-177
6.402243978441461e-157;0.08137136344958289;9.62797613302317e-178
3.251211808581597e-157;0.07559226280297782;4.6239840628912424e-178
1.981916729214174e-157;0.08137136344958289;2.5519240774759584e-178
1.0064644670438105e-157;0.07559226280297782;1.225600905208318e-178
6.135339319722769e-158;0.08137136344958289;6.76395164178359e-179
3.115671272932888e-158;0.07559226280297782;3.248492119387257e-179
1.8992921353997197e-158;0.08137136344958289;1.7928057584549314e-179
9.645057325761177e-159;0.07559226280297782;8.61022622035959e-180
5.879561712251354e-159;0.08137136344958289;4.751885669457013e-180
2.985781318632174e-159;0.07559226280297782;2.282166397243767e-180
1.8201120977577632e-159;0.08137136344958289;1.2595016113207408e-180
9.242962256825491e-160;0.07559226280297782;6.048950784118988e-181
5.6344472777642895e-160;0.08137136344958289;3.338346962166721e-181
2.861306377261355e-160;0.07559226280297782;1.603292627254706e-181
1.744233015373893e-160;0.08137136344958289;8.848389187943465e-182
8.857630224023397e-161;0.07559226280297782;4.2495754062969964e-182
5.399551476728861e-161;0.08137136344958289;2.345292209246542e-182
2.74202070106966e-161;0.07559226280297782;1.126362762905375e-182
1.6715172739460601e-161;0.08137136344958289;6.216267650441029e-183
8.488362389189191e-162;0.07559226280297782;2.985458433752909e-183
5.174448302125827e-162;0.08137136344958289;1.6476404667004832e-183
2.6277079535575385e-162;0.07559226280297782;7.913047512930917e-184
1.6018329962073047e-162;0.08137136344958289;4.367120690687087e-184
8.13448904818623e-163;0.07559226280297782;2.0973770806512107e-184
4.958729506842947e-163;0.08137136344958289;1.1575184946276397e-184
2.5181608171287535e-163;0.07559226280297782;5.5591611338772996e-185
1.535053802753147e-163;0.08137136344958289;3.0680376392213575e-185
7.795368416331513e-164;0.07559226280297782;1.47347240501057e-185
4.75200386327814e-164;0.08137136344958289;8.131926184649844e-186
2.41318061709924e-164;0.07559226280297782;3.905482996520668e-186
1.471058582839892e-164;0.08137136344958289;2.1553915319427606e-186
7.470385464455021e-165;0.07559226280297782;1.0351600331465085e-186
4.55389645380904e-165;0.08137136344958289;5.712930184659076e-187
2.312576961380666e-165;0.07559226280297782;2.7437228511262553e-187
1.4097312747381994e-165;0.08137136344958289;1.5142293551358147e-187
7.158950803482764e-166;0.07559226280297782;7.272320069110454e-188
4.3640479908424534e-166;0.08137136344958289;4.0135105205943504e-188
2.2161673951853618e-166;0.07559226280297782;1.927550341532398e-188
1.3509606552435233e-166;0.08137136344958289;1.063793053825503e-188
6.860499615520902e-167;0.07559226280297782;5.1090302459640495e-189
4.1821141652103726e-167;0.08137136344958289;2.8196155349801107e-189
2.1237770701263267e-167;0.07559226280297782;1.3541638571900704e-189
1.294640137961716e-167;0.08137136344958289;7.473475913864409e-190
6.574490629501903e-168;0.07559226280297782;3.589252096458991e-190
4.0077650217308634e-168;0.08137136344958289;1.9808673041484502e-190
2.0352384271121848e-168;0.07559226280297782;9.513420804678194e-191
1.2406675800039485e-168;0.08137136344958289;5.2503484615037664e-191
6.300405139535358e-169;0.07559226280297782;2.5215608426104287e-191
3.840684360801383e-169;0.08137136344958289;1.3916206759273744e-191
1.9503908924620338e-169;0.07559226280297782;6.683472973107158e-192
1.1889450967403659e-169;0.08137136344958289;3.688532522875428e-192
6.0377460641830796e-170;0.07559226280297782;1.7714746448874444e-192
3.6805691649391546e-170;0.08137136344958289;9.77656656562913e-193
1.8690805866890003e-170;0.07559226280297782;4.695346910365638e-193
1.1393788842765286e-170;0.08137136344958289;2.5913084192535757e-193
5.786037044952097e-171;0.07559226280297782;1.2445158429056112e-193
3.527129049228692e-171;0.08137136344958289;6.868341026083286e-194
1.7911600454244328e-171;0.07559226280297782;3.2986267315495354e-194
1.0918790493306656e-171;0.08137136344958289;1.8204744792272622e-194
5.544821582371018e-172;0.07559226280297782;8.743109520156139e-195
3.38008573467973e-172;0.08137136344958289;4.8252224473595645e-195
1.7164879519765112e-172;0.07559226280297782;2.3173875161539116e-195
1.0463594462032258e-172;0.08137136344958289;1.2789397452243073e-195
5.313662208082526e-173;0.07559226280297782;6.142305420795074e-196
3.23917254354042e-173;0.08137136344958289;3.3898683216345537e-196
1.6449288810382972e-173;0.07559226280297782;1.6280365549282097e-196
1.0027375205430383e-173;0.08137136344958289;8.98494810324788e-197
5.0921396914507905e-174;0.07559226280297782;4.315159931984339e-197
3.1041339156505945e-174;0.08137136344958289;2.381487561119512e-197
1.5763530530804031e-174;0.07559226280297782;1.143746139006331e-197
9.609341596267429e-175;0.08137136344958289;6.3122045209329926e-198
4.879852279244817e-175;0.07559226280297782;3.0315335957671697e-198
2.974724944957864e-175;0.08137136344958289;1.6730688232256297e-198
1.510636098982848e-175;0.07559226280297782;8.035171117822804e-199
9.208735488799543e-176;0.08137136344958289;4.434519315663511e-199
4.6764149670187775e-176;0.07559226280297782;2.129746310014258e-199
2.85071093535599e-176;0.08137136344958289;1.1753827032099787e-199
1.4476588344792062e-176;0.07559226280297782;5.644956751398185e-200
8.824830343799577e-177;0.08137136344958289;3.1153872622121795e-200
4.481458800867957e-177;0.07559226280297782;1.4962127918861157e-200
2.7318669750400527e-177;0.08137136344958289;8.257427786752122e-201
1.3873070440040415e-177;0.07559226280297782;3.9657570769681495e-201
8.456929910905479e-178;0.08137136344958289;2.188656109642338e-201
4.2946302082939585e-178;0.07559226280297782;1.0511358597393977e-201
2.61797752860639e-178;0.08137136344958289;5.8010989499175e-202
1.3294712735515565e-178;0.07559226280297782;2.786067260768216e-202
8.104366965900736e-179;0.08137136344958289;1.537598751968089e-202
4.115590356965651e-179;0.07559226280297782;7.384555202453984e-203
2.5088360461576036e-179;0.08137136344958289;4.075451810880503e-203
1.2740466321698067e-179;0.07559226280297782;1.9572986017234153e-203
7.766502100636505e-180;0.08137136344958289;1.0802107794084536e-203
3.944014540212838e-180;0.07559226280297782;5.187878905740108e-204
2.40424458870367e-180;0.08137136344958289;2.863131211207037e-204
1.22093260173047e-180;0.07559226280297782;1.3750629319882587e-204
7.44272256340102e-181;0.08137136344958289;7.588815524574753e-205
3.779591588138245e-181;0.07559226280297782;3.644645723777554e-205
2.304013469179789e-181;0.08137136344958289;2.0114384154175006e-205
1.1700328546291849e-181;0.07559226280297782;9.66024328256959e-206
7.132441147633103e-182;0.08137136344958289;5.331378112849818e-206
3.622023303279835e-182;0.07559226280297782;2.5604765826651427e-206
2.2079609084299205e-182;0.08137136344958289;1.413097829111234e-206
1.12125507908579e-182;0.07559226280297782;6.7866203144241e-207
6.835095126964327e-183;0.08137136344958289;3.7454583643693005e-207
3.471023919799865e-183;0.07559226280297782;1.798814158425653e-207
2.1159127055321335e-183;0.08137136344958289;9.927450223348772e-208
1.0745108117276982e-183;0.07559226280297782;4.7678111145770834e-208
6.550145234658549e-184;0.08137136344958289;2.631300587255709e-208
3.3263195852199486e-184;0.07559226280297782;1.2637226985237971e-208
2.0277019218677977e-184;0.08137136344958289;6.974341472101274e-209
1.02971527715272e-184;0.07559226280297782;3.3495350809549117e-209
6.277074685597702e-185;0.08137136344958289;1.848570216761207e-209
3.187647863762283e-185;0.07559226280297782;8.878043633823635e-210
1.943168578361709e-185;0.08137136344958289;4.8996910460522925e-210
9.867872341803892e-186;0.07559226280297782;2.3531522094584517e-210
6.015388239040409e-186;0.08137136344958289;1.2986778716378144e-210
3.054757260396062e-186;0.07559226280297782;6.237100817778191e-211
1.862159365344062e-186;0.08137136344958289;3.4421848202869854e-211
9.456488285129757e-187;0.07559226280297782;1.6531623604612483e-211
5.764611300453256e-187;0.08137136344958289;9.123614558913939e-212
2.9274067647261134e-187;0.07559226280297782;4.381756636442113e-212
1.7845273645080083e-187;0.08137136344958289;2.4182415229141144e-212
9.062254515389177e-188;0.07559226280297782;1.1613977961394891e-212
5.5242890607862894e-188;0.08137136344958289;6.409622003849866e-213
2.805365413896456e-188;0.07559226280297782;3.078319844739009e-213
1.710131782458644e-188;0.08137136344958289;1.6988896205342096e-213
8.68445605022655e-189;0.07559226280297782;8.15917948011664e-214
5.293985671631242e-189;0.08137136344958289;4.502958116758362e-214
2.6884118737160726e-189;0.07559226280297782;2.162615100004354e-214
1.638837695370101e-189;0.08137136344958289;1.193522613605946e-214
8.322407714354237e-190;0.07559226280297782;5.732076469409868e-215
5.073283454766897e-190;0.08137136344958289;3.1634676411652887e-215
2.576334037247215e-190;0.07559226280297782;1.51930413558548e-215
1.5705158042876894e-190;0.08137136344958289;8.384866279545792e-216
7.975452896918754e-191;0.07559226280297782;4.026961379049427e-216
4.861782144657909e-191;0.08137136344958289;2.2224340660543776e-216
2.468928640128277e-191;0.07559226280297782;1.0673582443785324e-216
1.5050422006313393e-191;0.08137136344958289;5.890628440918383e-217
7.64296236067128e-192;0.07559226280297782;2.8290651799390934e-217
4.6590981625331825e-192;0.08137136344958289;1.5613288132574692e-217
2.3660008919335464e-192;0.07559226280297782;7.498522482490306e-218
1.442298141474986e-192;0.08137136344958289;4.138349053174903e-218
7.32433310078303e-193;0.07559226280297782;1.9875059726132932e-218
4.464863920727462e-193;0.08137136344958289;1.0968818829509106e-218
2.267364122901297e-193;0.07559226280297782;5.267944452253809e-219
1.3821698341944045e-193;0.08137136344958289;2.907318473348421e-219
7.018987251235695e-194;0.07559226280297782;1.3962845462820218e-219
4.2787271560243333e-194;0.08137136344958289;7.705935193982297e-220
2.172839445389508e-194;0.07559226280297782;3.700894251745348e-220
1.3245482300929087e-194;0.08137136344958289;2.0424813366065146e-220
6.726371036803646e-195;0.07559226280297782;9.809331700384888e-221
4.100350290791671e-195;0.08137136344958289;5.413658310601573e-221
2.082255429445242e-195;0.07559226280297782;2.599992916922632e-221
1.2693288266306456e-195;0.08137136344958289;1.4349064433870827e-221
6.445953768727203e-196;0.07559226280297782;6.891359548767858e-222
3.929409820750836e-196;0.08137136344958289;3.803262753472468e-222
1.995447791899303e-196;0.07559226280297782;1.826575608006052e-222
1.2164114778987834e-196;0.08137136344958289;1.0080662497972296e-222
6.177226882255528e-197;0.07559226280297782;4.8413936729788034e-223
3.7655957282693604e-197;0.08137136344958289;2.6719099621829702e-223
1.9122590984222514e-197;0.07559226280297782;1.2832259772890595e-223
1.1657002129948938e-197;0.08137136344958289;7.081977843667115e-224
5.919703014313561e-198;0.07559226280297782;3.4012291088410903e-224
3.608610920112923e-198;0.08137136344958289;1.8770995612896937e-224
1.832538478001539e-198;0.07559226280297782;9.015060211972363e-225
1.117103061970127e-198;0.08137136344958289;4.975308933146067e-225
5.672915119620422e-199;0.07559226280297782;2.389468866246977e-225
3.458170688637122e-199;0.08137136344958289;1.3187206204041515e-225
1.756141349321832e-199;0.07559226280297782;6.333359210603028e-226
1.0705318890325215e-199;0.08137136344958289;3.495308729662064e-226
5.436415623656034e-200;0.07559226280297782;1.6786759374492838e-226
3.3140021954416494e-200;0.08137136344958289;9.26442108102291e-227
1.682929158552331e-200;0.07559226280297782;4.449381140822619e-227
1.0259022327039176e-200;0.08137136344958289;2.455562715766168e-227
5.209775610940045e-201;0.07559226280297782;1.1793218747383195e-227
3.1758439765506106e-201;0.08137136344958289;6.508542949771835e-228
1.6127691280655678e-201;0.07559226280297782;3.125828155012069e-228
9.831331526406435e-202;0.08137136344958289;1.7251089152413407e-228
4.992584047150647e-202;0.07559226280297782;8.285101687640809e-229
3.043445468221436e-202;0.08137136344958289;4.572453147212455e-229
1.5455340156318818e-202;0.07559226280297782;2.195991160438036e-229
9.421470828400881e-203;0.08137136344958289;1.2119424807753732e-229
4.784447033672823e-203;0.07559226280297782;5.820540723013349e-230
2.9165665525225123e-203;0.08137136344958289;3.2122900539799016e-230
1.4811018836529354e-203;0.07559226280297782;1.5427518524937492e-230
9.028696909670173e-204;0.08137136344958289;8.51427155544251e-231
4.584987093223791e-204;0.07559226280297782;4.089110259056304e-231
2.7949771218552856e-204;0.08137136344958289;2.2567333242526375e-231
1.4193558780156677e-204;0.07559226280297782;1.0838309922423079e-231
8.652297435444472e-205;0.08137136344958289;5.9815396580073846e-232
4.393842485260186e-205;0.07559226280297782;2.8727266943788446e-232
2.678456661631126e-205;0.08137136344958289;1.5854251052088306e-232
1.3601840161656963e-205;0.07559226280297782;7.614248641776993e-233
8.291589767646056e-206;0.08137136344958289;4.2022170008712605e-233
4.210666549925466e-206;0.07559226280297782;2.018179539746954e-233
2.566793850346087e-206;0.08137136344958289;1.1138102748843174e-233
1.3034789840157495e-206;0.07559226280297782;5.349245665955368e-234
7.945919726857057e-207;0.08137136344958289;2.9521876861206035e-234
4.03512707934758e-207;0.07559226280297782;1.417833677886267e-234
2.4597861763282304e-207;0.08137136344958289;7.824862394079939e-235
1.2491379413208385e-207;0.07559226280297782;3.7580108742107464e-235
7.614660405899529e-208;0.08137136344958289;2.074003349249963e-235
3.8669057151467724e-208;0.07559226280297782;9.960721028816662e-236
2.3572395704624446e-208;0.08137136344958289;5.497208354685502e-236
1.1970623351672031e-208;0.07559226280297782;2.640119114470301e-236
7.297211032876699e-209;0.08137136344958289;1.4570516342585728e-236
3.7056973710608467e-209;0.07559226280297782;6.997715244133829e-237
2.258968054226713e-209;0.08137136344958289;3.8619592489814506e-237
1.1471577212367298e-209;0.07559226280297782;1.8547655054498338e-237
6.992995881613078e-210;0.08137136344958289;1.0236239327498354e-237
3.551209679640728e-210;0.07559226280297782;4.916111845349029e-238
2.1647934024014954e-210;0.08137136344958289;2.713146069510157e-238
1.0993335925227648e-210;0.07559226280297782;1.303030253957608e-238
6.701463227517385e-211;0.08137136344958289;7.191275388338744e-239
3.403162462012863e-211;0.07559226280297782;3.4537209407372236e-239
2.0745448198404314e-211;0.08137136344958289;1.9060692047539965e-239
1.0535032151865785e-211;0.07559226280297782;9.154191393682618e-240
6.422084346974963e-212;0.08137136344958289;5.052093845832828e-240
3.261287219746799e-212;0.07559226280297782;2.42634600507954e-240
1.988058631716287e-212;0.08137136344958289;1.33907269281947e-240
1.0095834712569087e-212;0.07559226280297782;6.431103177969603e-241
6.15435255845457e-213;0.08137136344958289;3.549252510686865e-241
3.125326647906473e-213;0.07559226280297782;1.7045832704447664e-241
1.9051779866803004e-213;0.08137136344958289;9.407400697637379e-242
9.67494707887184e-214;0.07559226280297782;4.5180493073624125e-242
5.897782303590789e-214;0.08137136344958289;2.493459893863157e-242
2.995034168401968e-214;0.07559226280297782;1.1975225791364125e-242
1.8257525723965643e-214;0.08137136344958289;6.608990561936538e-243
9.271605928971398e-215;0.07559226280297782;3.174069670299175e-243
5.65190826657537e-215;0.08137136344958289;1.751732857435061e-243
2.870173482795489e-215;0.07559226280297782;8.412967277141839e-244
1.7496383429355804e-215;0.08137136344958289;4.643020708019381e-244
8.885079763367709e-216;0.07559226280297782;2.2298823201189507e-244
5.41628453026051e-216;0.08137136344958289;1.2306466253457202e-244
2.7505181437505255e-216;0.07559226280297782;5.910370262688531e-245
1.6766972575325774e-216;0.08137136344958289;3.2618659526092617e-245
8.51466757821582e-217;0.07559226280297782;1.5665614425881212e-245
5.190483767443525e-217;0.08137136344958289;8.64567396818931e-246
2.6358511443469815e-217;0.07559226280297782;4.152218294844088e-246
1.6067970302367656e-217;0.08137136344958289;2.2915619295892103e-246
8.159697593985366e-218;0.07559226280297782;1.1005579672351791e-246
4.974096465866229e-218;0.08137136344958289;6.073853925632594e-247
2.525964524517402e-218;0.07559226280297782;2.9170620454826305e-247
1.5398108899975483e-218;0.08137136344958289;1.609893279931378e-247
7.819526037121232e-219;0.07559226280297782;7.731760825440422e-248
4.766730185523525e-219;0.08137136344958289;4.267070635055281e-248
2.4206589938906256e-219;0.07559226280297782;2.0493264980219e-248
1.475617350752551e-219;0.08137136344958289;1.1309999259905732e-248
7.493535972495816e-220;0.07559226280297782;5.431801617137428e-249
4.568008846934214e-220;0.08137136344958289;2.9977493742006194e-249
2.3197435703587654e-220;0.07559226280297782;1.4397153814395e-249
1.4140999911004939e-220;0.08137136344958289;7.945625020841184e-250
7.181136184535511e-221;0.07559226280297782;3.816008988645369e-250
4.3775720490832476e-221;0.08137136344958289;2.106011847259656e-250
2.223035233712053e-221;0.07559226280297782;1.0114446778267019e-250
1.3551472431593473e-221;0.08137136344958289;5.582047842887612e-251
6.881760104992145e-222;0.07559226280297782;2.6808645874472097e-251
4.1950744157985035e-222;0.08137136344958289;1.4795385961779226e-251
2.1303585937134026e-222;0.07559226280297782;7.105712347680103e-252
1.2986521902268156e-222;0.08137136344958289;3.9215616189483317e-252
6.5948647854148395e-223;0.07559226280297782;1.8833904630763977e-252
4.020184969376502e-223;0.08137136344958289;1.039421720456373e-252
2.041545572010668e-223;0.07559226280297782;4.991983157839528e-253
1.2445123728762201e-223;0.08137136344958289;2.7550185817205766e-253
6.319929912458687e-224;0.07559226280297782;1.323140173888766e-253
3.8525865303212835e-224;0.08137136344958289;7.302259743324486e-254
1.956435097309763e-224;0.07559226280297782;3.507022889308138e-254
1.1926296031360734e-224;0.08137136344958289;1.9354859423734243e-254
6.056456864244499e-225;0.07559226280297782;9.295469814043428e-255
3.6919751421076864e-225;0.08137136344958289;5.130063795046074e-255
1.8748728132557466e-225;0.07559226280297782;2.4637922759847934e-255
1.1429097864163835e-225;0.08137136344958289;1.3597388627359476e-255
5.8039678060581834e-226;0.07559226280297782;6.530355647039445e-256
3.538059519925778e-226;0.08137136344958289;3.60402881660041e-256
1.796710798492166e-226;0.07559226280297782;1.7308904363609247e-256
1.0952627508587066e-226;0.08137136344958289;9.552586946548508e-257
5.562004823749705e-227;0.07559226280297782;4.587777243103071e-257
3.390560522406767e-227;0.08137136344958289;2.5319419464976625e-257
1.721807298390867e-227;0.07559226280297782;1.2160041785536507e-257
1.0496020838004653e-227;0.08137136344958289;6.710988401681754e-258
5.330129093259965e-228;0.07559226280297782;3.2230557062962457e-258
3.249210645372193e-228;0.08137136344958289;1.7787676921189097e-258
1.6500264679658035e-228;0.07559226280297782;8.542806241212643e-259
1.0058449750569473e-228;0.08137136344958289;4.714677351749172e-259
5.107920084769551e-229;0.07559226280297782;2.2642965286742045e-259
3.113753536688349e-229;0.08137136344958289;1.2496394346255438e-259
1.5812381255045976e-229;0.07559226280297782;6.001586159161527e-260
9.639120667367541e-230;0.08137136344958289;3.312206965746845e-260
4.894974800025862e-230;0.07559226280297782;1.5907384907280293e-260
2.9839435313460883e-230;0.08137136344958289;8.77910433998852e-261
1.515317516470961e-230;0.07559226280297782;4.2163002892508875e-261
9.237273093183353e-231;0.08137136344958289;2.3269280515816685e-261
4.690907041465437e-231;0.07559226280297782;1.117543092893986e-261
2.859545205922748e-231;0.08137136344958289;6.167592897346452e-262
1.4521450872498862e-231;0.07559226280297782;2.9620816327030405e-262
8.852178237265708e-232;0.08137136344958289;1.6347390767644155e-262
4.495346711806108e-232;0.07559226280297782;7.851086597542983e-263
2.74033295161824e-232;0.08137136344958289;4.332925168018682e-263
1.3916062683252097e-232;0.07559226280297782;2.080954153375916e-263
8.483137691592912e-233;0.08137136344958289;1.1484548683334213e-263
4.307939142838567e-233;0.07559226280297782;5.515631670408106e-264
2.626090565090925e-233;0.08137136344958289;3.0440142246948877e-264
1.3335912664963417e-233;0.07559226280297782;1.4619347895894432e-264
8.129482164239896e-234;0.08137136344958289;8.068251400763522e-265
4.12834445220009e-234;0.07559226280297782;3.87490219928661e-265
2.516610856351269e-234;0.08137136344958289;2.138514338659094e-265
1.2779948657573177e-234;0.07559226280297782;1.0270545007177013e-265
7.790570265550529e-235;0.08137136344958289;5.668196675450343e-266
3.956236926963921e-235;0.07559226280297782;2.7222388932517775e-266
2.411695273002055e-235;0.08137136344958289;1.5023726037643377e-266
1.2247162364770514e-235;0.07559226280297782;7.215376191579088e-267
7.465787344913232e-236;0.08137136344958289;3.982083843910211e-267
3.7913044329263147e-236;0.07559226280297782;1.912457195254369e-267
2.3111535401437545e-236;0.08137136344958289;1.055463318500317e-267
1.1736587525347206e-236;0.07559226280297782;5.069025407086587e-268
7.154544376030703e-237;0.08137136344958289;2.797537320574864e-268
3.633247848519923e-237;0.07559226280297782;1.343560454134593e-268
2.2148033152920032e-237;0.08137136344958289;7.41495694149682e-269
1.1247298160786388e-237;0.07559226280297782;3.5611474572424e-269
6.856276888661822e-238;0.08137136344958289;1.9653566742392423e-269
3.481780522326936e-238;0.07559226280297782;9.438928611807457e-270
2.1224698576812676e-238;0.08137136344958289;5.209237069685546e-270
1.077840689590791e-238;0.07559226280297782;2.5018164624889647e-270
6.570443944898467e-239;0.08137136344958289;1.3807239776815575e-270
3.3366277532081145e-239;0.07559226280297782;6.631139898813419e-271
2.0339857113549607e-239;0.08137136344958289;3.6596504959215886e-271
1.032906334952467e-239;0.07559226280297782;1.7576036058971732e-271
6.296527158120466e-240;0.08137136344958289;9.700013883142701e-272
3.197526292104762e-240;0.07559226280297782;4.6585813036692645e-272
1.9491904014673697e-240;0.08137136344958289;2.5710179001524303e-272
9.898452592191463e-241;0.07559226280297782;1.2347710080976297e-272
6.03402975284972e-241;0.08137136344958289;6.814560393971928e-273
3.064223864610263e-241;0.07559226280297782;3.27279775333654e-273
1.8679301432464603e-241;0.08137136344958289;1.8062197606767986e-273
9.485793668248804e-242;0.07559226280297782;8.674649035327686e-274
5.782475663798132e-242;0.08137136344958289;4.787439886430897e-274
2.936478713445222e-242;0.07559226280297782;2.2992418584190337e-274
1.790057563089818e-242;0.08137136344958289;1.268925363633573e-274
9.090338179481828e-243;0.07559226280297782;6.09420980834705e-275
5.541408672475679e-243;0.08137136344958289;3.363324901554009e-275
2.814059160006459e-243;0.07559226280297782;1.615288667965123e-275
1.715431431287884e-243;0.08137136344958289;8.914593968727577e-276
8.711368927825363e-244;0.07559226280297782;4.281371273569968e-276
5.310391579792502e-244;0.08137136344958289;2.3628399858293586e-276
2.696743184194712e-244;0.07559226280297782;1.1347903533082874e-276
1.6439164058897634e-244;0.08137136344958289;6.262778560884892e-277
8.348198614653402e-245;0.07559226280297782;3.0077960159894616e-277
5.089005413154694e-245;0.08137136344958289;1.6599683236235933e-277
2.5843180217589847e-245;0.07559226280297782;7.972253947548614e-278
1.5753827872470563e-245;0.08137136344958289;4.399796046827463e-278
8.000168594294455e-246;0.07559226280297782;2.1130699245007242e-278
4.876848666615598e-246;0.08137136344958289;1.1661791962042368e-278
2.476579778427295e-246;0.07559226280297782;5.6007554892333375e-279
1.5097062827905908e-246;0.08137136344958289;3.090993089646031e-279
7.666647679511694e-247;0.07559226280297782;1.4844971141969704e-279
4.673536572704635e-247;0.08137136344958289;8.192770297512881e-280
2.373333060124053e-247;0.07559226280297782;3.934704320328742e-280
1.4467677816134144e-247;0.08137136344958289;2.171518447344566e-280
7.347030996781844e-248;0.07559226280297782;1.0429052330484658e-280
4.478700404613029e-248;0.08137136344958289;5.755675059740481e-281
2.2743906186033516e-248;0.07559226280297782;2.7642517367836234e-281
1.386453138451264e-248;0.08137136344958289;1.5255590130412572e-281
7.040738889296575e-249;0.07559226280297782;7.326732498959637e-282
4.2919868074708735e-249;0.08137136344958289;4.0435401201685534e-282
2.179573011855552e-249;0.07559226280297782;1.9419725199765126e-282
1.3286529666686998e-249;0.08137136344958289;1.0717524896541342e-282
6.747215865696873e-250;0.07559226280297782;5.147256664385421e-283
4.113057157502736e-250;0.08137136344958289;2.840712259414786e-283
2.0887082786712655e-250;0.07559226280297782;1.3642958845463237e-283
1.273262439875529e-250;0.08137136344958289;7.529393417498501e-284
6.465929592633968e-251;0.07559226280297782;3.6161073401850174e-284
3.941586947899599e-251;0.08137136344958289;1.995688406933153e-284
2.001631626772506e-251;0.07559226280297782;9.584601437164243e-285
1.2201811018136425e-251;0.08137136344958289;5.289632240907106e-285
6.1963699293296035e-252;0.07559226280297782;2.5404274836761573e-285
3.7772652002933363e-252;0.08137136344958289;1.4020329599971083e-285
1.9181851339454207e-252;0.07559226280297782;6.733479573592586e-286
1.1693126841695758e-252;0.08137136344958289;3.7161305954630183e-286
5.938048002384675e-253;0.07559226280297782;1.7847290449865248e-286
3.6197939007662946e-253;0.08137136344958289;9.849716088389809e-287
1.8382174616325638e-253;0.07559226280297782;4.730478097105215e-287
1.1205649319822707e-253;0.08137136344958289;2.6106969206176956e-287
5.690495319158524e-254;0.07559226280297782;1.2538274697804977e-287
3.4688874593733444e-254;0.08137136344958289;6.919730833010167e-288
1.7615835804652873e-254;0.07559226280297782;3.3233074790858675e-288
1.0738494363295011e-254;0.08137136344958289;1.8340955023604364e-288
5.453262918110587e-255;0.07559226280297782;8.808526584986653e-289
3.3242721921958857e-255;0.08137136344958289;4.861325379495206e-289
1.688144507238494e-255;0.07559226280297782;2.3347265062503065e-289
1.0290814739894326e-255;0.08137136344958289;1.2885089361437148e-289
5.225920554563869e-256;0.07559226280297782;6.188262936367153e-290
3.1856858249887274e-256;0.08137136344958289;3.4152317504297765e-290
