# ["m", "w0", "wp"] [calculated @ 2025-10-14T10:29:59.846]
0.8411942001634579;0.4440631165893615;0.3734346258859129
0.0;0.0;0.0
0.004111363536207516;0.002862039159058723;0.001094627104496531
0.009402956939899215;0.007552060232170324;0.0024122521786751052
0.01618681243170143;0.014646637367140307;0.003945661306462551
0.019097720032258875;0.01977407565249965;0.004531413514762075
0.020025380110221352;0.0238225590687429;0.004674666181347759
0.022328091239717983;0.030003791564173182;0.005068150017518087
0.02270954219447725;0.034715606460367;0.005073062436297645
0.024324062682942852;0.04160104697769436;0.0052799122974720065
0.02276645020499524;0.044398367536279564;0.0049131972632094996
0.021161635205089888;0.04692818683257275;0.004539253457762988
0.020783956550267428;0.05151118836313927;0.004364372797481012
0.021419631960930257;0.058393655963054236;0.004343734379064435
0.021774297185539408;0.06533701814137989;0.004278179950503691
0.019924474415478368;0.06711702612832708;0.0038775648654438308
0.01816704830368198;0.06862317943923346;0.0035015355996244214
0.016514639268734043;0.06988583870992655;0.0031521159878385952
0.014974458181175234;0.0709361437359198;0.0028301527439162067
0.013549265825352385;0.07180415369386214;0.0025355642896853024
0.01223836359999157;0.07251767326698705;0.002267580817456813
0.011038509206430416;0.07310162716714062;0.0020249556261279357
0.009944702671570634;0.07357783441018234;0.0018061393008058841
0.008950824863660523;0.07396504972974619;0.001609415933741853
0.008050133434650384;0.074279166631424;0.0014330048863532517
0.007235633007996178;0.07453350492198137;0.0012751335015784612
0.006500340949989434;0.07473913019279192;0.0011340865790341469
0.005837470176239648;0.07490517201780574;0.0010082380038187256
0.0052405482828234515;0.07503912162552587;0.0008960691311353401
0.004703489221996203;0.075147099367571;0.0007961776478456122
0.004220630555392214;0.07523408847426076;0.0007072798041204781
0.0037867464138591515;0.07530413531990404;0.0006282081972420626
0.003753149046395571;0.08111539720686009;0.0006005110561457925
0.003054855338510071;0.07540494897714001;0.0004960386704987115
0.00302715316629974;0.08120500139628935;0.00047406884321086877
0.002463407104450758;0.07547055785939305;0.00039150973582318175
0.0022090413912735185;0.07549442635763413;0.0003475589998753086
0.002188688530889782;0.0812844847549602;0.0003321138414215362
0.0017807951978402892;0.0755287194074272;0.0002742314700965681
0.0017642520471119725;0.08131494253808687;0.00026202331041320405
0.0014353418412784368;0.07555100136639241;0.00021633880685427588
0.0014219341115001053;0.08133472925731383;0.00020669641350510348
0.0011567794793572743;0.07556547389513549;0.0001706488709953048
0.0011459336204681224;0.08134757970395581;0.00016303677986737345
0.0009322120307449212;0.07557487181880203;0.00013459839494734478
0.0008357534510112952;0.07557828685765212;0.00011945897467766645
0.000827916729607744;0.0813589549092363;0.00011413027343038321
0.0006735023187412457;0.07558318950436445;9.422221913156257e-5
0.0006671731636178382;0.0813633079086534;9.001723073609438e-5
0.0005427281310307146;0.07558637268391354;7.431371334950255e-5
0.0005376198765723399;0.0813661341019104;7.099605935345696e-5
0.0004373336535900536;0.07558843926131675;5.860990264936751e-5
0.0004332126920199599;0.08136796887008198;5.599266843049973e-5
0.00035239871224621564;0.0755897808351589;4.622353847111007e-5
0.0003159234558535672;0.0755902682738506;4.102283436749079e-5
0.0003129530728347006;0.08136959257935766;3.919185715728047e-5
0.00025457737265674755;0.07559096797446195;3.2354622235779804e-5
0.00025218069725199997;0.08137021383323996;3.0910120965252836e-5
0.00020513876197722497;0.07559142224222472;2.551737782366538e-5
0.00020320562691308384;0.08137061716181672;2.437788308368247e-5
0.0001652981762457334;0.07559171715152692;2.0124607377291405e-5
0.00016373931768376193;0.08137087899762084;1.9225780620773872e-5
0.00013319336880838778;0.07559190859841072;1.5871297326561664e-5
0.00011940638959555127;0.07559197815832185;1.408549790501026e-5
0.00011828319392559381;0.08137111071446987;1.345675587358523e-5
9.621918770026066e-5;0.07559207800943787;1.1109100141558127e-5
9.531306739286367e-5;0.0813711993740806;1.0613090723173789e-5
7.753307742011946e-5;0.07559214283741678;8.76144758661475e-6
7.680228474355983e-5;0.08137125693478989;8.370181286491503e-6
6.247490095333011e-5;0.0755921849247125;6.909798245267809e-6
6.188563892484507e-5;0.08137129430351589;6.601175427466702e-6
5.034065839086055e-5;0.07559221224743834;5.4494049584549484e-6
4.512979721627947e-5;0.07559222217511605;4.8362457449305244e-6
4.4705247199870674e-5;0.08137132737496852;4.620363509940448e-6
3.63661051501827e-5;0.07559223642623272;3.814295050045457e-6
3.6023615436803926e-5;0.08137134002926151;3.643988572422804e-6
2.9303643775486354e-5;0.0755922456790174;3.008227919893998e-6
2.902742849806609e-5;0.08137134824509726;2.8738860219594555e-6
2.3612383392210974e-5;0.07559225168625558;2.3724652456093608e-6
2.3389664905631397e-5;0.08137135357902675;2.266499495201894e-6
1.902623639265926e-5;0.0755922555862272;1.8710409987145212e-6
1.7056789087514515e-5;0.07559225700331672;1.6605137471027479e-6
1.689632748298422e-5;0.08137135829974872;1.5863907675830768e-6
1.3744550233379182e-5;0.07559225903757291;1.3096288475893023e-6
1.3615104604912544e-5;0.081371360106126;1.2511543542325196e-6
1.1075293821170375e-5;0.07559226035838748;1.032867387541415e-6
1.0970897349388052e-5;0.08137136127895435;9.86741333549843e-7
8.924283830222442e-6;0.07559226121593149;8.145797269269816e-7
8.840106888864191e-6;0.08137136204040467;7.781966022691546e-7
7.190951766108655e-6;0.0755922617726745;6.424169279140623e-7
6.4466002712204124e-6;0.07559226197497679;5.701329237879513e-7
6.385953632118372e-6;0.08137136271433769;5.44682970480292e-7
5.194741688400144e-6;0.07559226226538944;4.4965749461871493e-7
5.145817636301087e-6;0.08137136297222486;4.2958042021949043e-7
4.185898097916551e-6;0.07559226245395498;3.5463217593882124e-7
4.146441428174748e-6;0.08137136313966756;3.387949123789848e-7
3.3729254895973826e-6;0.07559226257638493;2.796836928607168e-7
3.3411108191166386e-6;0.08137136324838101;2.671916419273081e-7
2.717814006012366e-6;0.07559226265587182;2.2057206356265248e-7
2.436486963897674e-6;0.0755922626847553;1.9575354869064853e-7
2.4135655873862066e-6;0.08137136334460177;1.8701537551227935e-7
1.9633480526145628e-6;0.07559226272621916;1.5438864198754302e-7
1.9448572304763454e-6;0.08137136338142267;1.4749523306313144e-7
1.582056474752941e-6;0.07559226275314226;1.217619622960692e-7
1.5671438492941302e-6;0.08137136340533045;1.1632428131663298e-7
1.274794179764957e-6;0.07559226277062286;9.60286094520155e-8
1.2627698459656027e-6;0.08137136342085305;9.173949829757172e-8
1.0271953675906317e-6;0.07559226278197244;7.573279683556518e-8
9.208680599570964e-7;0.07559226278609654;6.721142931285306e-8
9.122049426630001e-7;0.0813713634345922;6.421120189624459e-8
7.420456278176342e-7;0.07559226279201715;5.300890472817408e-8
7.350570360018485e-7;0.08137136343984983;5.0642072049151907e-8
5.979368160357687e-7;0.07559226279586159;4.180662602631197e-8
5.923006013168999e-7;0.08137136344326372;3.9939613509309064e-8
4.818073069882225e-7;0.07559226279835764;3.297115181179964e-8
4.772627200421201e-7;0.08137136344548022;3.149849754939714e-8
3.8822755860766404e-7;0.07559226279997831;2.600264178086142e-8
3.480412485250478e-7;0.07559226280056716;2.307685428691408e-8
3.447670307739379e-7;0.08137136344744222;2.2046734653665728e-8
2.804554717536938e-7;0.07559226280141261;1.8200457567178355e-8
2.7781413955501374e-7;0.08137136344819287;1.73878122404902e-8
2.2598967669660814e-7;0.07559226280196163;1.4354186819002143e-8
2.2385947429770023e-7;0.08137136344868039;1.3713153340113916e-8
1.8209863394942556e-7;0.07559226280231812;1.1320551716746019e-8
1.8038101134012075e-7;0.08137136344899704;1.0814920034403948e-8
1.4673025291294122e-7;0.07559226280254958;8.927933497471467e-9
1.315418734853343e-7;0.0755922628026336;7.923372634284898e-9
1.3030438581284825e-7;0.08137136344927712;7.569683969263505e-9
1.0599789051934981e-7;0.07559226280275434;6.249075611116737e-9
1.0499960138560398e-7;0.08137136344938442;5.970056135473672e-9
8.541259275845236e-8;0.07559226280283272;4.92846942898643e-9
8.460748467991022e-8;0.08137136344945399;4.7083723966356284e-9
6.882401304391926e-8;0.07559226280288366;3.886879398497179e-9
6.817483912917952e-8;0.08137136344949915;3.7132721904136176e-9
5.545656558791446e-8;0.07559226280291677;3.06538070211682e-9
4.971613139536106e-8;0.07559226280292874;2.7204675720348332e-9
4.924842404957756e-8;0.08137136344953927;2.59902956944086e-9
4.006180626655042e-8;0.0755922628029459;2.1456024266056958e-9
3.968450379316086e-8;0.08137136344955458;2.0498018790401357e-9
3.228161170428199e-8;0.0755922628029571;1.692176030874885e-9
3.1977321836364695e-8;0.08137136344956447;1.6166063375634788e-9
2.6011973093929283e-8;0.0755922628029644;1.3345490414078316e-9
2.576661840221788e-8;0.08137136344957101;1.2749414977512173e-9
2.0959758491326827e-8;0.07559226280296925;1.052489788767703e-9
1.8790166611972124e-8;0.07559226280297081;9.34064841644904e-10
1.8613397045605776e-8;0.08137136344957659;8.923694470994281e-10
1.5141323215304718e-8;0.07559226280297329;7.366865208338116e-10
1.4998722088454855e-8;0.08137136344957882;7.0379367393272e-10
1.220080576114229e-8;0.07559226280297489;5.81003851081661e-10
1.2085799682249361e-8;0.08137136344958038;5.550572107431594e-10
9.831201554522136e-9;0.07559226280297594;4.582136363662065e-10
9.738469971941582e-9;0.0813713634495812;4.377475549427116e-10
7.921721643778612e-9;0.07559226280297661;3.6136939023483635e-10
7.1017263676879555e-9;0.07559226280297691;3.2070851979965447e-10
7.034916470895394e-9;0.08137136344958197;3.0639252408421975e-10
5.722649327063219e-9;0.07559226280297718;2.5293923196066826e-10
5.6687533609179645e-9;0.08137136344958223;2.416455660679241e-10
4.611283431744279e-9;0.0755922628029774;1.9948602790999516e-10
4.567816988876994e-9;0.08137136344958253;1.9057732238252065e-10
3.71569367871434e-9;0.07559226280297757;1.573263552063549e-10
3.680645861466037e-9;0.08137136344958265;1.502993840719459e-10
2.9940074845152035e-9;0.07559226280297769;1.240751573851011e-10
2.684091016306202e-9;0.07559226280297769;1.1011436259954624e-10
2.6588402766171757e-9;0.08137136344958273;1.0519900598753983e-10
2.162870104094566e-9;0.0755922628029777;8.684596942092172e-11
2.1425001727427098e-9;0.08137136344958278;8.296832119989818e-11
1.7428303755753473e-9;0.07559226280297776;6.849296309384518e-11
1.7264022730553427e-9;0.08137136344958285;6.543418426440605e-11
1.4043430436284402e-9;0.07559226280297779;5.401755879188346e-11
1.391096752999554e-9;0.08137136344958287;5.16048681406592e-11
1.1315824034481262e-9;0.0755922628029778;4.260085412801084e-11
1.0144497563916189e-9;0.07559226280297782;3.780745475047361e-11
1.0049062623096852e-9;0.08137136344958287;3.611978096924332e-11
8.174547870660672e-10;0.07559226280297782;2.981831780723503e-11
8.09755990052833e-10;0.08137136344958287;2.8486938265125555e-11
6.587011540169025e-10;0.07559226280297782;2.3516865027884252e-11
6.524921676228677e-10;0.08137136344958287;2.2466641973805928e-11
5.30770175018921e-10;0.07559226280297782;1.854677592940627e-11
5.257637515330363e-10;0.08137136344958287;1.771838542275227e-11
4.276805393460384e-10;0.07559226280297782;1.4626882694879383e-11
3.834103620123373e-10;0.07559226280297782;1.2981082584991271e-11
3.798034071110124e-10;0.08137136344958289;1.2401624568696291e-11
3.08956292672718e-10;0.07559226280297782;1.0238035026573208e-11
3.060465393494066e-10;0.08137136344958289;9.780909628890095e-12
2.489555015692186e-10;0.07559226280297782;8.074449049305804e-12
2.466088208133491e-10;0.08137136344958289;7.713857936053571e-12
2.0060410450771821e-10;0.07559226280297782;6.36798302381059e-12
1.9871193130835702e-10;0.08137136344958289;6.083557487881377e-12
1.616414705438251e-10;0.07559226280297782;5.022098775914247e-12
1.449095973180619e-10;0.07559226280297782;4.4570179661685e-12
1.4354635199636873e-10;0.08137136344958289;4.258062696269787e-12
1.1676974958395674e-10;0.07559226280297782;3.5152003504273628e-12
1.1567001096404312e-10;0.08137136344958289;3.3582476389004115e-12
9.409250520291464e-11;0.07559226280297782;2.7723392285680075e-12
9.320557934732553e-11;0.08137136344958289;2.6485312903867866e-12
7.5818138696035e-11;0.07559226280297782;2.1864289483974646e-12
7.510299355770903e-11;0.08137136344958289;2.0887722456244422e-12
6.109224665565085e-11;0.07559226280297782;1.7243234010379655e-12
5.476845040039077e-11;0.07559226280297782;1.5303045043178265e-12
5.4253213071967686e-11;0.08137136344958289;1.461993775486331e-12
4.4133020563969304e-11;0.07559226280297782;1.2069340915092925e-12
4.371737535362404e-11;0.08137136344958289;1.1530448222180564e-12
3.556217669242925e-11;0.07559226280297782;9.518748277833743e-13
3.522696387264513e-11;0.08137136344958289;9.093657226132238e-13
2.8655396505649365e-11;0.07559226280297782;7.507041913450556e-13
2.838510805158938e-11;0.08137136344958289;7.171740388384265e-13
2.3089759013433818e-11;0.07559226280297782;5.920415595221065e-13
2.0699685975081678e-11;0.07559226280297782;5.254257204504927e-13
2.0504952495805916e-11;0.08137136344958289;5.019714250409678e-13
1.6680034949454184e-11;0.07559226280297782;4.143974044239036e-13
1.652294222055088e-11;0.08137136344958289;3.9589467633154477e-13
1.3440692309935675e-11;0.07559226280297782;3.268235280988708e-13
1.33139989298303e-11;0.08137136344958289;3.122281471490572e-13
1.0830281025335168e-11;0.07559226280297782;2.577521594360647e-13
1.0728125750156976e-11;0.08137136344958289;2.4623967647081e-13
8.726753401351495e-12;0.07559226280297782;2.032757938507039e-13
7.82342747210365e-12;0.07559226280297782;1.8040343404332133e-13
7.749828130870224e-12;0.08137136344958289;1.7235046809540876e-13
6.30420402591123e-12;0.07559226280297782;1.4228217597077947e-13
6.2448309720180506e-12;0.08137136344958289;1.3592931664716364e-13
5.079897423962104e-12;0.07559226280297782;1.122139333884109e-13
5.0320137762756945e-12;0.08137136344958289;1.0720265064751391e-13
4.093294855110688e-12;0.07559226280297782;8.849847444559625e-14
4.054685361845356e-12;0.08137136344958289;8.454569600240061e-14
3.298268504391482e-12;0.07559226280297782;6.979416850227026e-14
2.956857291697316e-12;0.07559226280297782;6.194100849634505e-14
2.9290404876729673e-12;0.08137136344958289;5.917604542984016e-14
2.3826681731032718e-12;0.07559226280297782;4.8852182428900765e-14
2.3602281814294977e-12;0.08137136344958289;4.667094616016275e-14
1.9199426073388e-12;0.07559226280297782;3.8528336438156335e-14
1.9018450262824777e-12;0.08137136344958289;3.6807726692130335e-14
1.547057064510192e-12;0.07559226280297782;3.03857007302415e-14
1.5324646416753912e-12;0.08137136344958289;2.902852543902525e-14
1.2465775789397214e-12;0.07559226280297782;2.396363022200729e-14
1.117541521876294e-12;0.07559226280297782;2.1267269960187906e-14
1.1070281861159256e-12;0.08137136344958289;2.031792771677284e-14
9.005272671673502e-13;0.07559226280297782;1.6773258574262385e-14
8.920460927405632e-13;0.08137136344958289;1.602433727478206e-14
7.256405607890861e-13;0.07559226280297782;1.3228595272154197e-14
7.188005965024264e-13;0.08137136344958289;1.2637828785570024e-14
5.84708809301295e-13;0.07559226280297782;1.0432844347338224e-14
5.791936163738387e-13;0.08137136344958289;9.966862052211467e-15
4.711428612455899e-13;0.07559226280297782;8.227844614244804e-15
4.2237380093534353e-13;0.07559226280297782;7.302056949657137e-15
4.1840029525462304e-13;0.08137136344958289;6.976102977233393e-15
3.403534609083585e-13;0.07559226280297782;5.759050859366006e-15
3.371480087538617e-13;0.08137136344958289;5.501910850805718e-15
2.7425518942576455e-13;0.07559226280297782;4.542000746784232e-15
2.7167003114979393e-13;0.08137136344958289;4.339162745618032e-15
2.2099016223605178e-13;0.07559226280297782;3.582087579354704e-15
2.1890570008940115e-13;0.08137136344958289;3.4220938771579827e-15
1.7806801554339105e-13;0.07559226280297782;2.82500716164392e-15
1.5963579359185248e-13;0.07559226280297782;2.5071405871957587e-15
1.5813401073676347e-13;0.08137136344958289;2.3952252132873626e-15
1.286362807388154e-13;0.07559226280297782;1.9773538131497462e-15
1.2742478301483115e-13;0.08137136344958289;1.889065518974822e-15
1.0365449919884534e-13;0.07559226280297782;1.5594831015212602e-15
1.0267744098161872e-13;0.08137136344958289;1.4898392478981638e-15
8.35230306577294e-14;0.07559226280297782;1.2298996322552178e-15
8.273521008681363e-14;0.08137136344958289;1.1749662474242574e-15
6.730064438572261e-14;0.07559226280297782;9.69958213542653e-16
6.033420287732659e-14;0.07559226280297782;8.608196248400163e-16
5.976660541426449e-14;0.08137136344958289;8.223937979543318e-16
4.8617965212261384e-14;0.07559226280297782;6.789188353874435e-16
4.816008075026425e-14;0.08137136344958289;6.486052994582812e-16
3.917612361924574e-14;0.07559226280297782;5.354441092182179e-16
3.8806845355425914e-14;0.08137136344958289;5.115320891845509e-16
3.156745340908183e-14;0.07559226280297782;4.2228255784131927e-16
3.126969734142894e-14;0.08137136344958289;4.0342133563348436e-16
2.5436217284230913e-14;0.07559226280297782;3.330324074192354e-16
2.2803257057433462e-14;0.07559226280297782;2.9555998187502033e-16
2.258873411293267e-14;0.08137136344958289;2.823665829675819e-16
1.8375115696791272e-14;0.07559226280297782;2.331048606367633e-16
1.8202058681175222e-14;0.08137136344958289;2.226967938696328e-16
1.480658026127941e-14;0.07559226280297782;1.8384321947241264e-16
1.4667011877609402e-14;0.08137136344958289;1.756330950702659e-16
1.1930890281246449e-14;0.07559226280297782;1.4498952107988166e-16
1.181835364651365e-14;0.08137136344958289;1.3851357381633697e-16
9.613595168902489e-15;0.07559226280297782;1.1434573453052615e-16
8.618470247873251e-15;0.07559226280297782;1.0147968327534054e-16
8.537391496271698e-15;0.08137136344958289;9.694976710076791e-17
6.944858251396169e-15;0.07559226280297782;8.003589416027231e-17
6.87945150987165e-15;0.08137136344958289;7.646231389295589e-17
5.596133531853753e-15;0.07559226280297782;6.312204908805393e-17
5.543383788289757e-15;0.08137136344958289;6.030312611108154e-17
4.509269121537326e-15;0.07559226280297782;4.9781741709712975e-17
4.466736002878112e-15;0.08137136344958289;4.755824354516703e-17
3.633449543177214e-15;0.07559226280297782;3.926028432682302e-17
3.2573429851006015e-15;0.07559226280297782;3.484276204218359e-17
3.2266993447358577e-15;0.08137136344958289;3.328742814432909e-17
2.624802854460814e-15;0.07559226280297782;2.7480097740287275e-17
2.6000824360390223e-15;0.08137136344958289;2.62531190695428e-17
2.1150535744053e-15;0.07559226280297782;2.167277690473963e-17
2.095116856841477e-15;0.08137136344958289;2.0704907678784385e-17
1.7042741598597382e-15;0.07559226280297782;1.7092420122466646e-17
1.6881988063788538e-15;0.08137136344958289;1.6328988320671388e-17
1.3732589474455597e-15;0.07559226280297782;1.3479907508150197e-17
1.2311098161767553e-15;0.07559226280297782;1.1963163734304207e-17
1.2195280801947053e-15;0.08137136344958289;1.142914424242178e-17
9.92041849579951e-16;0.07559226280297782;9.435213784249618e-18
9.82698789939541e-16;0.08137136344958289;9.013934130276016e-18
7.99382573189382e-16;0.07559226280297782;7.441286611392821e-18
7.918475089338108e-16;0.08137136344958289;7.108971451949401e-18
6.441288673795942e-16;0.07559226280297782;5.8686340736427355e-18
6.380532021643101e-16;0.08137136344958289;5.606511925180617e-18
5.190219691588828e-16;0.07559226280297782;4.628288091743106e-18
4.652968343890737e-16;0.07559226280297782;4.107518409720251e-18
4.609195278170945e-16;0.08137136344958289;3.924164328578099e-18
3.7494131402877254e-16;0.07559226280297782;3.239553949037848e-18
3.714101131423294e-16;0.08137136344958289;3.0949087721625105e-18
3.021259158877575e-16;0.07559226280297782;2.5549446975013386e-18
2.992780452112624e-16;0.08137136344958289;2.44084522803334e-18
2.434479190988064e-16;0.07559226280297782;2.0149788996264296e-18
2.4115162696114843e-16;0.08137136344958289;1.9249800018167955e-18
1.9616388079659232e-16;0.07559226280297782;1.5891096172002302e-18
1.7585851501439835e-16;0.07559226280297782;1.4103048207734056e-18
1.7420411598002332e-16;0.08137136344958289;1.3473507159466738e-18
1.4170872834159864e-16;0.07559226280297782;1.1122916797334003e-18
1.4037411418089271e-16;0.08137136344958289;1.062628167631745e-18
1.141882148954368e-16;0.07559226280297782;8.772330308170172e-19
1.1311186476556966e-16;0.08137136344958289;8.380573009024257e-19
9.201091942152007e-17;0.07559226280297782;6.91837302341728e-19
9.114303789832459e-17;0.08137136344958289;6.609364354959821e-19
7.413996018615551e-17;0.07559226280297782;5.456162895268681e-19
6.646556567201866e-17;0.07559226280297782;4.842241687316426e-19
6.584028706291644e-17;0.08137136344958289;4.626090550137079e-19
5.355868488435498e-17;0.07559226280297782;3.81902200199999e-19
5.305426867716745e-17;0.08137136344958289;3.648503738788424e-19
4.3157331878310456e-17;0.07559226280297782;3.011954783635802e-19
4.275052632648988e-17;0.08137136344958289;2.87744602373562e-19
3.47754432411371e-17;0.07559226280297782;2.375403797033397e-19
3.4447428209446535e-17;0.08137136344958289;2.2693065452827937e-19
2.802113046542169e-17;0.07559226280297782;1.8733580879182144e-19
2.5120600044528556e-17;0.07559226280297782;1.6625699787033708e-19
2.4884276563387016e-17;0.08137136344958289;1.5883550975093434e-19
2.0242456199499863e-17;0.07559226280297782;1.3112503956925925e-19
2.0051812553145252e-17;0.08137136344958289;1.2527034326240654e-19
1.6311274298842427e-17;0.07559226280297782;1.034146150449608e-19
1.6157522510832295e-17;0.08137136344958289;9.87962948428026e-20
1.3143347118154097e-17;0.07559226280297782;8.155881707826158e-20
1.3019374135506946e-17;0.08137136344958289;7.791599796732101e-20
1.059056075278013e-17;0.07559226280297782;6.432121974605698e-20
9.494307920451995e-18;0.07559226280297782;5.708386967395712e-20
9.404989675871288e-18;0.08137136344958289;5.453572273264619e-20
7.650617894622058e-18;0.07559226280297782;4.502141122265223e-20
7.57856430201839e-18;0.08137136344958289;4.3011217815806123e-20
6.164831273681905e-18;0.07559226280297782;3.550711538898917e-20
6.106720925358173e-18;0.08137136344958289;3.3921428218466516e-20
4.967516079390781e-18;0.07559226280297782;2.8002989013963385e-20
4.920660603447426e-18;0.08137136344958289;2.6752237382222113e-20
4.002692796307187e-18;0.07559226280297782;2.2084508756241468e-20
3.588365036208236e-18;0.07559226280297782;1.9599585092319852e-20
3.554607286972142e-18;0.08137136344958289;1.8724686051851667e-20
2.89154406919045e-18;0.07559226280297782;1.545797412254389e-20
2.864311479453683e-18;0.08137136344958289;1.476777990560426e-20
2.3299923682641733e-18;0.07559226280297782;1.2191267575659985e-20
2.30802961501098e-18;0.08137136344958289;1.1646826373513574e-20
1.8774681804547486e-18;0.07559226280297782;9.61474702316599e-21
1.8597591959728123e-18;0.08137136344958289;9.18530499031699e-21
1.5128140988571945e-18;0.07559226280297782;7.5826535773119e-21
1.3562192990754346e-18;0.07559226280297782;6.729462070199182e-21
1.3434605884801185e-18;0.08137136344958289;6.429067960816141e-21
1.0928564488820957e-18;0.07559226280297782;5.3074516654202735e-21
1.082563916379928e-18;0.08137136344958289;5.0704754344394404e-21
8.80618494677299e-19;0.07559226280297782;4.185837218064416e-21
8.723176920771573e-19;0.08137136344958289;3.998904872198907e-21
7.095873898111986e-19;0.07559226280297782;3.301196178500206e-21
7.028942952461013e-19;0.08137136344958289;3.15374847193937e-21
5.717667116028816e-19;0.07559226280297782;2.6034826451492384e-21
5.125818495679724e-19;0.07559226280297782;2.3105417559065934e-21
5.077597065122665e-19;0.08137136344958289;2.2074022886330448e-21
4.1304410006711852e-19;0.07559226280297782;1.822298508036108e-21
4.091540467768457e-19;0.08137136344958289;1.7409333898250516e-21
3.3282895846798233e-19;0.07559226280297782;1.4371953619584722e-21
3.2969167768118003e-19;0.08137136344958289;1.373012670066273e-21
2.681879080672948e-19;0.07559226280297782;1.13345636475788e-21
2.6565825906889916e-19;0.08137136344958289;1.0828306120205018e-21
2.1609870819166195e-19;0.07559226280297782;8.93898397768579e-22
1.9372984345941655e-19;0.07559226280297782;7.933179725359412e-22
1.9190731888093563e-19;0.08137136344958289;7.579053283555353e-22
1.5610964164119777e-19;0.07559226280297782;6.256810352181822e-22
1.5463939954111452e-19;0.08137136344958289;5.977445521620623e-22
1.2579240189075862e-19;0.07559226280297782;4.934569599412355e-22
1.2460666947314088e-19;0.08137136344958289;4.714200143315511e-22
1.0136137573223955e-19;0.07559226280297782;3.8916903490231913e-22
1.0040529719594408e-19;0.08137136344958289;3.7178682598224505e-22
8.167431005416671e-20;0.07559226280297782;3.069174849396496e-22
7.322001799018667e-20;0.07559226280297782;2.723834806013247e-22
7.253119648472831e-20;0.08137136344958289;2.6022464944775744e-22
5.90014969573056e-20;0.07559226280297782;2.1482581262363567e-22
5.844582029388762e-20;0.08137136344958289;2.0523390023286797e-22
4.754312379031885e-20;0.07559226280297782;1.6942705060126834e-22
4.7094977302409654e-20;0.08137136344958289;1.618607276957125e-22
3.8309439692389753e-20;0.07559226280297782;1.3362008669751862e-22
3.794809067988083e-20;0.08137136344958289;1.2765195446038495e-22
3.086873113978911e-20;0.07559226280297782;1.0537924980828437e-22
2.767343914984543e-20;0.07559226280297782;9.352209715774596e-23
2.741309968886684e-20;0.08137136344958289;8.934739689340469e-23
2.229956206807575e-20;0.07559226280297782;7.375983475879579e-23
2.2089544578949406e-20;0.08137136344958289;7.04664787867025e-23
1.796888035975754e-20;0.07559226280297782;5.817229830715765e-23
1.7799503802583868e-20;0.08137136344958289;5.557442275193634e-23
1.4479017860035355e-20;0.07559226280297782;4.5878078592593584e-23
1.4342446329680604e-20;0.08137136344958289;4.3828937280134904e-23
1.1666808835588983e-20;0.07559226280297782;3.618166717461657e-23
1.0459151136548998e-20;0.07559226280297782;3.211054737047196e-23
1.0360756074249775e-20;0.08137136344958289;3.0677175850054283e-23
8.428099185140934e-21;0.07559226280297782;2.5325230507454786e-23
8.34872326629697e-21;0.08137136344958289;2.4194466055377176e-23
6.791321975545668e-21;0.07559226280297782;1.9973293983030617e-23
6.727306259939255e-21;0.08137136344958289;1.908132076371945e-23
5.472331620471824e-21;0.07559226280297782;1.57521084394513e-23
5.420714534890391e-21;0.08137136344958289;1.5048541569350938e-23
4.4094597795349134e-21;0.07559226280297782;1.2422873022121366e-23
3.953026651470072e-21;0.07559226280297782;1.1025065559556112e-23
3.9158383272395586e-21;0.08137136344958289;1.0532921504785546e-23
3.185392415228836e-21;0.07559226280297782;8.695346218617121e-24
3.155392358954807e-21;0.08137136344958289;8.307101444314869e-24
2.566773958761655e-21;0.07559226280297782;6.857773960144222e-24
2.5425792773194178e-21;0.08137136344958289;6.5515174797792396e-24
2.06826275469092e-21;0.07559226280297782;5.4084418506639406e-24
2.0487541241805905e-21;0.08137136344958289;5.166874157068e-24
1.6665513099027787e-21;0.07559226280297782;4.265358292611245e-24
1.4940428246253077e-21;0.07559226280297782;3.785425056450031e-24
1.479987531333579e-21;0.08137136344958289;3.616448788123298e-24
1.2039161637877363e-21;0.07559226280297782;2.9855225143701117e-24
1.1925776698269375e-21;0.08137136344958289;2.8522197699337566e-24
9.701098812720698e-22;0.07559226280297782;2.3545972801676195e-24
9.609655234445204e-22;0.08137136344958289;2.2494449844092486e-24
7.816980254703276e-22;0.07559226280297782;1.8569732023145058e-24
7.743247563269552e-22;0.08137136344958289;1.7740316184094243e-24
6.298715505761136e-22;0.07559226280297782;1.464498697841542e-24
5.646721255937548e-22;0.07559226280297782;1.2997149795249511e-24
5.593599402881734e-22;0.08137136344958289;1.2416974560359394e-24
4.550190182220458e-22;0.07559226280297782;1.0250707056065203e-24
4.50733644750585e-22;0.08137136344958289;9.79301585581146e-25
3.6665214657068837e-22;0.07559226280297782;8.084443121038863e-25
3.6319604485354695e-22;0.08137136344958289;7.723405689599786e-25
2.9544205717494887e-22;0.07559226280297782;6.375864933614593e-25
2.926553368138319e-22;0.08137136344958289;6.0910873527104985e-25
2.380593791908521e-22;0.07559226280297782;5.028314830420848e-25
2.134173158674587e-22;0.07559226280297782;4.462534597331937e-25
2.1140958026670503e-22;0.08137136344958289;4.263333072459262e-25
1.7197402374959592e-22;0.07559226280297782;3.519551255885734e-25
1.703543707468784e-22;0.08137136344958289;3.3624042776479974e-25
1.3857584504614664e-22;0.07559226280297782;2.7757706648102416e-25
1.3726961454811762e-22;0.08137136344958289;2.651809484543041e-25
1.116620565790067e-22;0.07559226280297782;2.1891351798199694e-25
1.1060881815517389e-22;0.08137136344958289;2.0913576034013665e-25
8.997432566830261e-23;0.07559226280297782;1.7264576657592876e-25
8.066088026600897e-23;0.07559226280297782;1.532198624013948e-25
7.990205842327369e-23;0.08137136344958289;1.463803344234185e-25
6.499742573439913e-23;0.07559226280297782;1.208427962584058e-25
6.438527935633389e-23;0.08137136344958289;1.154471992367542e-25
5.237461449458968e-23;0.07559226280297782;9.53053001705208e-26
5.188092586687437e-23;0.08137136344958289;9.104912812985794e-26
4.2202572642086595e-23;0.07559226280297782;7.516333682446054e-26
4.1804502138524016e-23;0.08137136344958289;7.180617141138851e-26
3.400571448594648e-23;0.07559226280297782;5.92774353273648e-26
3.0485706273843513e-23;0.07559226280297782;5.260760610873125e-26
3.0198910249109923e-23;0.08137136344958289;5.025927353490074e-26
2.456571789150015e-23;0.07559226280297782;4.1491032082939625e-26
2.4334357725125186e-23;0.08137136344958289;3.963846911631274e-26
1.9794937873504733e-23;0.07559226280297782;3.27228050780413e-26
1.9608348706046656e-23;0.08137136344958289;3.1261460453807117e-26
1.595042391459456e-23;0.07559226280297782;2.5807118969473197e-26
1.5799973530122295e-23;0.08137136344958289;2.4654445726430653e-26
1.2852428835786183e-23;0.07559226280297782;2.0352739651131592e-26
1.1522044936158589e-23;0.07559226280297782;1.8062672666035608e-26
1.141365063967062e-23;0.08137136344958289;1.7256379323122026e-26
9.284590715804152e-24;0.07559226280297782;1.4245828436693236e-26
9.197148351521552e-24;0.08137136344958289;1.3609756185273167e-26
7.481478750672014e-24;0.07559226280297782;1.1235282510622559e-26
7.410957544676647e-24;0.08137136344958289;1.0733533969826799e-26
6.0284481994245205e-24;0.07559226280297782;8.860801258198052e-27
5.971585613562804e-24;0.08137136344958289;8.465034162524787e-27
4.857563779382262e-24;0.07559226280297782;6.988055556369824e-27
4.354746395518565e-24;0.07559226280297782;6.201767538443482e-27
4.313778869828361e-24;0.08137136344958289;5.92492900114622e-27
3.509102609609607e-24;0.07559226280297782;4.891264874829293e-27
3.476053847624637e-24;0.08137136344958289;4.6728712675322265e-27
2.827618083695806e-24;0.07559226280297782;3.857602451637282e-27
2.8009646580827705e-24;0.08137136344958289;3.685328510216662e-27
2.278446509493201e-24;0.07559226280297782;3.0423310339351215e-27
2.2569553469267293e-24;0.08137136344958289;2.9064455217459033e-27
1.8359118087521473e-24;0.07559226280297782;2.3993290975053597e-27
1.6458724362174205e-24;0.07559226280297782;2.1293593319228797e-27
1.6303887971740725e-24;0.08137136344958289;2.0343076036574048e-27
1.3262621370922164e-24;0.07559226280297782;1.679401951389232e-27
1.3137713875830935e-24;0.08137136344958289;1.6044171244269745e-27
1.0686956808539172e-24;0.07559226280297782;1.3244968838841788e-27
1.0586220429051224e-24;0.08137136344958289;1.2653471136715395e-27
8.611367842751482e-25;0.07559226280297782;1.0445757500182354e-27
8.530142189457809e-25;0.08137136344958289;9.979198439947322e-28
6.938811969534695e-25;0.07559226280297782;8.238028549856621e-28
6.220559890899662e-25;0.07559226280297782;7.311095000482804e-28
6.162039618077311e-25;0.08137136344958289;6.984737581661689e-28
5.012595674653417e-25;0.07559226280297782;5.766179069229794e-28
4.965387000582475e-25;0.08137136344958289;5.508720788094716e-28
4.039125597835447e-25;0.07559226280297782;4.547622564565525e-28
4.0010523749046896e-25;0.08137136344958289;4.344533502612403e-28
3.2546586375498926e-25;0.07559226280297782;3.5865212738365954e-28
3.22395947582433e-25;0.08137136344958289;3.426329540972324e-28
2.6225176677349806e-25;0.07559226280297782;2.8285037871134e-28
2.3510549484138746e-25;0.07559226280297782;2.5102437763670263e-28
2.3289372645695615e-25;0.08137136344958289;2.3981898802799386e-28
1.8945059724499274e-25;0.07559226280297782;1.9798012638320297e-28
1.8766634970571737e-25;0.08137136344958289;1.8914036916693378e-28
1.5265838430313334e-25;0.07559226280297782;1.5614133367454523e-28
1.512194103081333e-25;0.08137136344958289;1.4916832821117251e-28
1.230095269463429e-25;0.07559226280297782;1.231421928707218e-28
1.2184925492335953e-25;0.08137136344958289;1.1764205506070268e-28
9.91178165337044e-26;0.07559226280297782;9.7115877000136e-29
8.885790776723689e-26;0.07559226280297782;8.618850960592441e-29
8.802197191963452e-26;0.08137136344958289;8.234117079755558e-29
7.160268077868875e-26;0.07559226280297782;6.79759160652369e-29
7.092832604535603e-26;0.08137136344958289;6.494081044353863e-29
5.769709738793953e-26;0.07559226280297782;5.361068500194439e-29
5.71532384763755e-26;0.08137136344958289;5.12165233112745e-29
4.649133873822781e-26;0.07559226280297782;4.2280523401967113e-29
4.6052814983295046e-26;0.08137136344958289;4.0392066651528176e-29
3.746148853553465e-26;0.07559226280297782;3.3344461508148664e-29
3.3583765356473694e-26;0.07559226280297782;2.9592580840261827e-29
3.3267824163794595e-26;0.08137136344958289;2.8271607949245437e-29
2.706216802296364e-26;0.07559226280297782;2.3339338393816523e-29
2.6807296265341295e-26;0.08137136344958289;2.229724346864025e-29
2.180656543818179e-26;0.07559226280297782;1.8407076965080737e-29
2.160101445761131e-26;0.08137136344958289;1.758504832460711e-29
1.7571359156721754e-26;0.07559226280297782;1.4516898046642705e-29
1.7405619502717334e-26;0.08137136344958289;1.3868501766138282e-29
1.415853549216138e-26;0.07559226280297782;1.1448726486471936e-29
1.269295354638705e-26;0.07559226280297782;1.0160528877821957e-29
1.2573543860203866e-26;0.08137136344958289;9.706976574342877e-30
1.0228121770562115e-26;0.07559226280297782;8.013495781922263e-30
1.0131793221769347e-26;0.08137136344958289;7.6556954387268e-30
8.241771557629583e-27;0.07559226280297782;6.320017779778732e-30
8.164083751628634e-27;0.08137136344958289;6.037776572598668e-30
6.641079198707538e-27;0.07559226280297782;4.984335858217279e-30
6.578438047343392e-27;0.08137136344958289;4.761710830413879e-30
5.351205601257402e-27;0.07559226280297782;3.930887836650548e-30
4.797290238918476e-27;0.07559226280297782;3.488588833610517e-30
4.752159456719867e-27;0.08137136344958289;3.332862933866349e-30
3.865709312893042e-27;0.07559226280297782;2.7514110967215413e-30
3.829302025561221e-27;0.08137136344958289;2.6285613615410966e-30
3.1149700580182564e-27;0.07559226280297782;2.1699602176104746e-30
3.085608022456608e-27;0.08137136344958289;2.073053497931508e-30
2.5099898380162766e-27;0.07559226280297782;1.71135761012361e-30
2.4863146718781852e-27;0.08137136344958289;1.6349199369063787e-30
2.022483285985487e-27;0.07559226280297782;1.3496592134143036e-30
1.813131478998691e-27;0.07559226280297782;1.1977971025265034e-30
1.7960743409476583e-27;0.08137136344958289;1.1443290555887797e-30
1.4610413159919476e-27;0.07559226280297782;9.446892129450258e-31
1.4472812148851296e-27;0.08137136344958289;9.025091040632923e-31
1.1773000979829311e-27;0.07559226280297782;7.450496992394448e-31
1.1662027433696111e-27;0.08137136344958289;7.11777051305558e-31
9.486483745248912e-28;0.07559226280297782;5.875897919077021e-31
9.397003670336499e-28;0.08137136344958289;5.61345133144432e-31
7.643957169445129e-28;0.07559226280297782;4.634016710856503e-31
6.8527139205926365e-28;0.07559226280297782;4.1126024511636775e-31
6.788246622593753e-28;0.08137136344958289;3.9290214252694018e-31
5.521992354458617e-28;0.07559226280297782;3.2435636758101413e-31
5.469986177578646e-28;0.08137136344958289;3.0987394657569868e-31
4.449595003787662e-28;0.07559226280297782;2.558107055750798e-31
4.407652653041837e-28;0.08137136344958289;2.4438663607608165e-31
3.5854078963123015e-28;0.07559226280297782;2.0174729203979714e-31
3.5515889834496456e-28;0.08137136344958289;1.9273626273173527e-31
2.889026654172845e-28;0.07559226280297782;1.5910765223595296e-31
2.589976988509286e-28;0.07559226280297782;1.412050412014022e-31
2.565611631912866e-28;0.08137136344958289;1.3490183863489512e-31
2.087031983896852e-28;0.07559226280297782;1.1136684080722346e-31
2.0673762966844155e-28;0.08137136344958289;1.0639434254356813e-31
1.6817203813754531e-28;0.07559226280297782;8.783188175717802e-32
1.6658683080896827e-28;0.08137136344958289;8.390945982739181e-32
1.3551016507435429e-28;0.07559226280297782;6.926936173149965e-32
1.3423198234112403e-28;0.08137136344958289;6.617545032182297e-32
1.0919049941677036e-28;0.07559226280297782;5.46291620846528e-32
9.788794452443025e-29;0.07559226280297782;4.8482351254369076e-32
9.696705808975903e-29;0.08137136344958289;4.63181644926447e-32
7.887918385637578e-29;0.07559226280297782;3.8237489597868557e-32
7.813629894736827e-29;0.08137136344958289;3.653019639233464e-32
6.356046873313525e-29;0.07559226280297782;3.015682801728067e-32
6.296134106625659e-29;0.08137136344958289;2.881007554902784e-32
5.12159435398289e-29;0.07559226280297782;2.378343930258467e-32
5.073285553928829e-29;0.08137136344958289;2.2721153576539697e-32
4.1268449862388866e-29;0.07559226280297782;1.8756768188908676e-32
3.699665952913764e-29;0.07559226280297782;1.664627808719258e-32
3.664861133940348e-29;0.08137136344958289;1.5903210687691428e-32
2.981231573763682e-29;0.07559226280297782;1.312873383270355e-32
2.9531543062498724e-29;0.08137136344958289;1.2542539542608554e-32
2.402262130088272e-29;0.07559226280297782;1.0354261549104541e-32
2.3796181544550213e-29;0.08137136344958289;9.891857900743327e-33
1.9357019240849312e-29;0.07559226280297782;8.165976572042016e-33
1.9174436570782595e-29;0.08137136344958289;7.801243774512812e-33
1.5597373060306127e-29;0.07559226280297782;6.440083271774987e-33
1.3982853792310728e-29;0.07559226280297782;5.71545246851402e-33
1.38513092958164e-29;0.08137136344958289;5.460322379943732e-33
1.1267537595962393e-29;0.07559226280297782;4.507713604179263e-33
1.1161419818971238e-29;0.08137136344958289;4.306445453737265e-33
9.07932785374155e-30;0.07559226280297782;3.5551063979882186e-33
8.993745153955653e-30;0.08137136344958289;3.396341414030068e-33
7.315967802081472e-30;0.07559226280297782;2.803764944454113e-33
7.246960848128178e-30;0.08137136344958289;2.6785349706985843e-33
5.895012950415694e-30;0.07559226280297782;2.2111843644749463e-33
5.284806862715577e-30;0.07559226280297782;1.962384429043998e-33
5.235089740005769e-30;0.08137136344958289;1.8747862352091127e-33
4.2585555779602806e-30;0.07559226280297782;1.5477107081481907e-33
4.218448460741662e-30;0.08137136344958289;1.478605858328221e-33
3.4315236977364395e-30;0.07559226280297782;1.2206357199958664e-33
3.399177794255207e-30;0.08137136344958289;1.1661242120945706e-33
2.765063371334664e-30;0.07559226280297782;9.62664758390801e-34
2.7389822559025637e-30;0.08137136344958289;9.196674013309274e-34
2.2280147785916136e-30;0.07559226280297782;7.59203893391724e-34
1.99738794319398e-30;0.07559226280297782;6.737791397214706e-34
1.978597401921519e-30;0.08137136344958289;6.437025477909203e-34
1.6095172042803047e-30;0.07559226280297782;5.314020912721064e-34
1.594358755835592e-30;0.08137136344958289;5.07675136668739e-34
1.2969412579670392e-30;0.07559226280297782;4.1910181978603275e-34
1.2847161531896192e-30;0.08137136344958289;4.003854478279911e-34
1.0450531842583252e-30;0.07559226280297782;3.305282202349705e-34
1.035195850421462e-30;0.08137136344958289;3.157651993806864e-34
8.420761574870828e-31;0.07559226280297782;2.6067050807770058e-34
7.5491095497985085e-31;0.07559226280297782;2.313401606763499e-34
7.478090870102768e-31;0.08137136344958289;2.210134479605379e-34
6.08315562272193e-31;0.07559226280297782;1.8245540405043785e-34
6.025864404807025e-31;0.08137136344958289;1.743088213400078e-34
4.901777678897211e-31;0.07559226280297782;1.438974236708055e-34
4.855573006671687e-31;0.08137136344958289;1.374712103305683e-34
3.949768997161545e-31;0.07559226280297782;1.1348592894822378e-34
3.9125132936528823e-31;0.08137136344958289;1.0841708752058575e-34
3.1826191721064194e-31;0.07559226280297782;8.950048119211517e-35
2.8531790826637833e-31;0.07559226280297782;7.942998942336349e-35
2.8263376373185236e-31;0.08137136344958289;7.588434183931685e-35
2.299123130330253e-31;0.07559226280297782;6.264554659074969e-35
2.277469966669449e-31;0.08137136344958289;5.984844047379101e-35
1.8526224118275011e-31;0.07559226280297782;4.940677315518879e-35
1.8351593980183129e-31;0.08137136344958289;4.7200350992452305e-35
1.4928115971447258e-31;0.07559226280297782;3.896507251358327e-35
1.4787308379161531e-31;0.08137136344958289;3.7224700155369017e-35
1.202868019074001e-31;0.07559226280297782;3.0729736910753384e-35
1.0783564371466062e-31;0.07559226280297782;2.7272062063716855e-35
1.0682117373111658e-31;0.08137136344958289;2.605467400071725e-35
8.689514942993305e-32;0.07559226280297782;2.1509171120899837e-35
8.607677008038242e-32;0.08137136344958289;2.0548792652083612e-35
7.001969541747387e-32;0.07559226280297782;1.6963675730516405e-35
6.935968240015102e-32;0.08137136344958289;1.6206106925613495e-35
5.642067842882117e-32;0.07559226280297782;1.3378547367590365e-35
5.588849741549804e-32;0.08137136344958289;1.278099544404399e-35
4.5462287288157806e-32;0.07559226280297782;1.055096819621694e-35
4.075638338305287e-32;0.07559226280297782;9.363785323487036e-36
4.0372965376207887e-32;0.08137136344958289;8.945798577539079e-36
3.2841942629517874e-32;0.07559226280297782;7.385113028552722e-36
3.253263689929654e-32;0.08137136344958289;7.055369799372454e-36
2.64638801466271e-32;0.07559226280297782;5.824430051042298e-36
2.621442882751591e-32;0.08137136344958289;5.5643209459695606e-36
2.1324144054461212e-32;0.07559226280297782;4.5934863743539637e-36
2.1123006724900942e-32;0.08137136344958289;4.388318612611117e-36
1.7182430097876298e-32;0.07559226280297782;3.6226450685500594e-36
1.5403838000556747e-32;0.07559226280297782;3.215029189193682e-36
1.525892551388128e-32;0.08137136344958289;3.071514622969274e-36
1.241258232198863e-32;0.07559226280297782;2.535657656817106e-36
1.2295680502801314e-32;0.08137136344958289;2.422441252325816e-36
1.000199941230062e-32;0.07559226280297782;1.99980157357393e-36
9.907719513309107e-33;0.08137136344958289;1.9104938485146713e-36
8.059440834783203e-33;0.07559226280297782;1.5771605460313822e-36
7.983421164163976e-33;0.08137136344958289;1.506716775708042e-36
6.494083814945008e-33;0.07559226280297782;1.2438249313835958e-36
5.821866550751417e-33;0.07559226280297782;1.103871172851512e-36
5.767097008321046e-33;0.08137136344958289;1.0545958527169675e-36
4.6913241898689096e-33;0.07559226280297782;8.70610879984763e-37
4.647141253718584e-33;0.08137136344958289;8.31738347930653e-37
3.780246573419145e-33;0.07559226280297782;6.8662621039686045e-37
3.744613571414902e-33;0.08137136344958289;6.559626557587816e-37
3.046058327287559e-33;0.07559226280297782;5.415136097596118e-37
3.0173267619749876e-33;0.08137136344958289;5.17326940590859e-37
2.4544330665278344e-33;0.07559226280297782;4.27063769885308e-37
2.200369163421035e-33;0.07559226280297782;3.790110429940368e-37
2.1796690647142164e-33;0.08137136344958289;3.6209250128611723e-37
1.773081707217488e-33;0.07559226280297782;2.989217816175073e-37
1.7563828067176067e-33;0.08137136344958289;2.855750077547664e-37
1.4287407514014461e-33;0.07559226280297782;2.3575116603263567e-37
1.4152732907293801e-33;0.08137136344958289;2.2522292133243046e-37
1.1512549720811306e-33;0.07559226280297782;1.8592716530524403e-37
1.1403959031245537e-33;0.08137136344958289;1.7762274089988484e-37
9.276507433121631e-34;0.07559226280297782;1.4663113670327619e-37
8.316275223981704e-34;0.07559226280297782;1.3013236892521951e-37
8.23803938934482e-34;0.08137136344958289;1.2432343551309626e-37
6.701346172704239e-34;0.07559226280297782;1.0263394770227146e-37
6.6382328302690156e-34;0.08137136344958289;9.80513706708814e-38
5.39991266460922e-34;0.07559226280297782;8.094449562830377e-38
5.349012519588593e-34;0.08137136344958289;7.732965260779651e-38
4.351157687521211e-34;0.07559226280297782;6.383756599171957e-38
4.310115935246023e-34;0.08137136344958289;6.09862653755346e-38
3.5060475402776708e-34;0.07559226280297782;5.034538578786284e-38
3.143128650898034e-34;0.07559226280297782;4.468058056650312e-38
3.1135594884122885e-34;0.08137136344958289;4.2686099720043117e-38
2.532767685979473e-34;0.07559226280297782;3.523907546634153e-38
2.5089140556558875e-34;0.08137136344958289;3.366566061234087e-38
2.0408920762430185e-34;0.07559226280297782;2.779206348278872e-38
2.0216544127650376e-34;0.08137136344958289;2.65509173625191e-38
1.6445160872964941e-34;0.07559226280297782;2.191844760853895e-38
1.6290043943829155e-34;0.08137136344958289;2.0939461611796016e-38
1.32510747641913e-34;0.07559226280297782;1.7285945721459486e-38
1.187942612530089e-34;0.07559226280297782;1.53409508813828e-38
1.1767669744843478e-34;0.08137136344958289;1.4656151527581614e-38
9.572572414287276e-35;0.07559226280297782;1.209923682683239e-38
9.482417835610271e-35;0.08137136344958289;1.1559009289830397e-38
7.713533024654878e-35;0.07559226280297782;9.542326339004013e-39
7.640824450653388e-35;0.08137136344958289;9.116182331333062e-39
6.215433582499372e-35;0.07559226280297782;7.525636952238782e-39
6.156807280329856e-35;0.08137136344958289;7.189504881008396e-39
5.008231645149936e-35;0.07559226280297782;5.935080540335796e-39
4.489818290643672e-35;0.07559226280297782;5.2672720667697916e-39
4.4475800683775995e-35;0.08137136344958289;5.03214814677887e-39
3.6179450304119354e-35;0.07559226280297782;4.1542387209222514e-39
3.5838711894654306e-35;0.08137136344958289;3.9687531250584565e-39
2.915322785316974e-35;0.07559226280297782;3.276330741560074e-39
2.887842645957109e-35;0.08137136344958289;3.130015402609958e-39
2.3491174648202787e-35;0.07559226280297782;2.5839061483002994e-39
2.3269597072807209e-35;0.08137136344958289;2.4684961529729657e-39
1.8928565914715076e-35;0.07559226280297782;2.0377931059069984e-39
1.696922736028872e-35;0.07559226280297782;1.808502956556794e-39
1.6809588383713416e-35;0.08137136344958289;1.727773824081666e-39
1.367399030959118e-35;0.07559226280297782;1.426346107395586e-39
1.35452085378958e-35;0.08137136344958289;1.362660153021848e-39
1.1018435929972054e-35;0.07559226280297782;1.1249188873592848e-39
1.0914574993403262e-35;0.08137136344958289;1.0746819298361902e-39
8.878468075117917e-36;0.07559226280297782;8.871768629813989e-40
8.794723032191259e-36;0.08137136344958289;8.475511677220893e-40
7.154034257474664e-36;0.07559226280297782;6.9967049549881e-40
6.413504034344563e-36;0.07559226280297782;6.20944371662283e-40
6.353168628461534e-36;0.08137136344958289;5.932262525086115e-40
5.16807219056904e-36;0.07559226280297782;4.897318990929077e-40
5.119399237182166e-36;0.08137136344958289;4.67865506904307e-40
4.16440783004751e-36;0.07559226280297782;3.862377162004983e-40
4.125153683612203e-36;0.08137136344958289;3.689889990168709e-40
3.3556089272410574e-36;0.07559226280297782;3.0460966499393186e-40
3.323957564497023e-36;0.08137136344958289;2.91004294676308e-40
2.7038607355527977e-36;0.07559226280297782;2.4022988440411966e-40
2.4239780117987658e-36;0.07559226280297782;2.131994925975446e-40
2.401174300066422e-36;0.08137136344958289;2.0368255483466394e-40
1.953268180115566e-36;0.07559226280297782;1.6814806150175772e-40
1.934872281688234e-36;0.08137136344958289;1.6064029763062617e-40
1.5739341486559785e-36;0.07559226280297782;1.3261362671754199e-40
1.5590980797423884e-36;0.08137136344958289;1.266913284903058e-40
1.268249339560794e-36;0.07559226280297782;1.0458686636157332e-40
1.256286735822782e-36;0.08137136344958289;9.99155009692855e-41
1.021921703775123e-36;0.07559226280297782;8.248225090536896e-41
9.161402830994516e-37;0.07559226280297782;7.320144238069027e-41
9.075216410076105e-37;0.08137136344958289;6.993382873488651e-41
7.382359306849948e-37;0.07559226280297782;5.773316101966847e-41
7.312832176195091e-37;0.08137136344958289;5.515539154318145e-41
5.94866978788952e-37;0.07559226280297782;4.5532513406977567e-41
5.8925970004779975e-37;0.08137136344958289;4.349910907209644e-41
4.793336834452999e-37;0.07559226280297782;3.5909604560812294e-41
4.748124282516466e-37;0.08137136344958289;3.4305704474388467e-41
3.862343777232823e-37;0.07559226280297782;2.832004740497457e-41
3.462543860679298e-37;0.07559226280297782;2.51335080648087e-41
3.4299697813455863e-37;0.08137136344958289;2.4011582167606024e-41
2.7901559801281158e-37;0.07559226280297782;1.9822517438228837e-41
2.7638782643851527e-37;0.08137136344958289;1.89374475841464e-41
2.2482943314729597e-37;0.07559226280297782;1.563345961099748e-41
2.227101672511817e-37;0.08137136344958289;1.4935295987609182e-41
1.8116372933796091e-37;0.07559226280297782;1.2329461093670254e-41
1.7945492505305532e-37;0.08137136344958289;1.1778766538395865e-41
1.4597693148526955e-37;0.07559226280297782;9.723608124372872e-42
1.3086653003147583e-37;0.07559226280297782;8.629518860552359e-42
1.29635395668159e-37;0.08137136344958289;8.244308779051297e-42
1.0545369129109114e-37;0.07559226280297782;6.806005260218179e-42
1.0446052741655177e-37;0.08137136344958289;6.502119030766383e-42
8.497407960388401e-38;0.07559226280297782;5.367704111217285e-42
8.4173104987539e-38;0.08137136344958289;5.1279916070875216e-42
6.847066659646372e-38;0.07559226280297782;4.2332855713544005e-42
6.782482557244654e-38;0.08137136344958289;4.0442061543908023e-42
5.517184837731382e-38;0.07559226280297782;3.338573329498114e-42
4.946088590230675e-38;0.07559226280297782;2.9629208772848534e-42
4.899557979034849e-38;0.08137136344958289;2.830660086032927e-42
3.985612663277028e-38;0.07559226280297782;2.336822643565113e-42
3.948076125042947e-38;0.08137136344958289;2.2324841667494512e-42
3.2115876037443427e-38;0.07559226280297782;1.842986014772491e-42
3.1813148410294125e-38;0.08137136344958289;1.7606814049200196e-42
2.587842611375142e-38;0.07559226280297782;1.4534866197710423e-42
2.5634331086609945e-38;0.08137136344958289;1.3885667370940086e-42
2.0852149873259045e-38;0.07559226280297782;1.1462897037672372e-42
1.8693696804313581e-38;0.07559226280297782;1.0173104974810322e-42
1.8517834782850357e-38;0.08137136344958289;9.718991291325662e-43
1.5063586781258764e-38;0.07559226280297782;8.023414409326503e-43
1.4921717776684632e-38;0.08137136344958289;7.665171202194263e-43
1.2138166114426338e-38;0.07559226280297782;6.327840321058067e-43
1.2023750483307333e-38;0.08137136344958289;6.045249772535797e-43
9.780727593492979e-39;0.07559226280297782;4.990505172032454e-43
9.688472100175781e-39;0.08137136344958289;4.767604592240044e-43
7.881051063637156e-39;0.07559226280297782;3.935753255299363e-43
7.065265690991317e-39;0.07559226280297782;3.492906800918276e-43
6.998798800060153e-39;0.08137136344958289;3.3369881529380324e-43
5.6932689121361716e-39;0.07559226280297782;2.754816629368835e-43
5.6396496509956226e-39;0.08137136344958289;2.6318148381091007e-43
4.5876088340119395e-39;0.07559226280297782;2.1726460650191755e-43
4.544365550378939e-39;0.08137136344958289;2.0756193999790797e-43
3.696617090916569e-39;0.07559226280297782;1.7134758265614982e-43
3.661749211194182e-39;0.08137136344958289;1.6369435433487222e-43
2.978636075664689e-39;0.07559226280297782;1.351329741137146e-43
2.670310736653244e-39;0.07559226280297782;1.1992796643807997e-43
2.645189635728227e-39;0.08137136344958289;1.1457454378817422e-43
2.1517658029642027e-39;0.07559226280297782;9.458584929410485e-44
2.1315004520238134e-39;0.08137136344958289;9.036261760348465e-44
1.7338825828796992e-39;0.07559226280297782;7.459718773456682e-44
1.7175388231934103e-39;0.08137136344958289;7.126580465115105e-44
1.3971330646145023e-39;0.07559226280297782;5.883170755266216e-44
1.3839547812123988e-39;0.08137136344958289;5.620399326891456e-44
1.1257727934523171e-39;0.07559226280297782;4.639752420513174e-44
1.0092415122303938e-39;0.07559226280297782;4.1176927853305513e-44
9.997470150026169e-40;0.08137136344958289;3.9338845337854654e-44
8.132579265553985e-40;0.07559226280297782;3.24757836558322e-44
8.055986556142978e-40;0.08137136344958289;3.1025749007556496e-44
6.553193439085073e-40;0.07559226280297782;2.5612733281787896e-44
6.491422348122112e-40;0.08137136344958289;2.4468912328663e-44
5.280451700111356e-40;0.07559226280297782;2.0199700281197615e-44
5.230644497950289e-40;0.08137136344958289;1.9297482018897328e-44
4.254848025348704e-40;0.07559226280297782;1.5930458620367944e-44
3.8144191087127255e-40;0.07559226280297782;1.4137981638434225e-44
3.778534742865339e-40;0.08137136344958289;1.35068812089425e-44
3.0737009306220924e-40;0.07559226280297782;1.1150468404433443e-44
3.044752785819785e-40;0.08137136344958289;1.0652603111873246e-44
2.476773495166209e-40;0.07559226280297782;8.794059482486669e-45
2.4534271675647575e-40;0.08137136344958289;8.401331795502646e-45
1.9957419134520654e-40;0.07559226280297782;6.935509921838942e-45
1.9769173267329896e-40;0.08137136344958289;6.625735834959419e-45
1.6081159381456124e-40;0.07559226280297782;5.469677880510406e-45
1.4416562300096282e-40;0.07559226280297782;4.854235981877843e-45
1.4280937666018504e-40;0.08137136344958289;4.637549435568486e-45
1.1617024688493535e-40;0.07559226280297782;3.8284817683203083e-45
1.1507615438717775e-40;0.08137136344958289;3.657541129190904e-45
9.3609428798035e-41;0.07559226280297782;3.019415434138902e-45
9.27270564714702e-41;0.08137136344958289;2.8845734943209226e-45
7.542888395372149e-41;0.07559226280297782;2.3812877026051868e-45
7.471741041220835e-41;0.08137136344958289;2.2749276466056736e-45
6.077859550121066e-41;0.07559226280297782;1.8779984198505043e-45
5.448726598443896e-41;0.07559226280297782;1.6666881857944758e-45
5.397467391448434e-41;0.08137136344958289;1.5922894733909822e-45
4.3906439064569106e-41;0.07559226280297782;1.3144983796854007e-45
4.349292780095458e-41;0.08137136344958289;1.2558063950409036e-45
3.537959840492535e-41;0.07559226280297782;1.0367077436845222e-45
3.504610658729192e-41;0.08137136344958289;9.90410145281139e-46
2.850827803011233e-41;0.07559226280297782;8.176083931079067e-46
2.8239377252726225e-41;0.08137136344958289;7.810899689034346e-46
2.297121484511587e-41;0.07559226280297782;6.448054422963344e-46
2.0593412581022694e-41;0.07559226280297782;5.722526714888454e-46
2.0399678874777397e-41;0.08137136344958289;5.467080841502517e-46
1.6594398678003576e-41;0.07559226280297782;4.513292983379253e-46
1.6438112472324907e-41;0.08137136344958289;4.311775715217983e-46
1.337168701236721e-41;0.07559226280297782;3.559506696772125e-46
1.3245644083458252e-41;0.08137136344958289;3.4005452029806216e-46
1.0774677731422097e-41;0.07559226280297782;2.8072352775733763e-46
1.0673046927379727e-41;0.08137136344958289;2.6818503016211413e-46
8.681949740841907e-42;0.07559226280297782;2.213921236675317e-46
7.783261539555652e-42;0.07559226280297782;1.964813351514947e-46
7.710040061629081e-42;0.08137136344958289;1.8771067338573537e-46
6.27183787506793e-42;0.07559226280297782;1.5496263722056074e-46
6.212769645893378e-42;0.08137136344958289;1.4804359885217848e-46
5.053816934559035e-42;0.07559226280297782;1.2221465501294836e-46
5.006179124310232e-42;0.08137136344958289;1.1675675711330698e-46
4.072279640789861e-42;0.07559226280297782;9.638562874454758e-47
4.033868370912899e-42;0.08137136344958289;9.208057108200514e-47
3.281335001685001e-42;0.07559226280297782;7.6014359071575375e-47
2.9416766140523715e-42;0.07559226280297782;6.746131033774728e-47
2.9140026231208934e-42;0.08137136344958289;6.444992844342593e-47
2.370435415853768e-42;0.07559226280297782;5.320598291044585e-47
2.3481106324049226e-42;0.08137136344958289;5.083035066910172e-47
1.910085510109032e-42;0.07559226280297782;4.1962055903641984e-47
1.8920808430884803e-42;0.08137136344958289;4.0088102106882863e-47
1.5391143833870212e-42;0.07559226280297782;3.3093732836359724e-47
1.5245968789014224e-42;0.08137136344958289;3.1615603472210512e-47
1.2401775770057622e-42;0.07559226280297782;2.609931504943512e-47
1.1118039985788092e-42;0.07559226280297782;2.3162649973733294e-47
1.1013446388968923e-42;0.08137136344958289;2.212870052320836e-47
8.959039076999371e-43;0.07559226280297782;1.8268123647362938e-47
8.874662761168936e-43;0.08137136344958289;1.745245704087279e-47
7.219150798636545e-43;0.07559226280297782;1.4407553132427709e-47
7.15110232352237e-43;0.08137136344958289;1.3764136400022586e-47
5.817068802007279e-43;0.07559226280297782;1.1362639506631915e-47
5.762200025951566e-43;0.08137136344958289;1.0855127972890964e-47
4.6872398634034095e-43;0.07559226280297782;8.961125955272117e-48
4.202053092277191e-43;0.07559226280297782;7.95283031295478e-48
4.162522037567174e-43;0.08137136344958289;7.597826695427333e-48
3.3860606640612772e-43;0.07559226280297782;6.27230855140958e-48
3.3541707122978757e-43;0.08137136344958289;5.992251730591756e-48
2.728471473011685e-43;0.07559226280297782;4.9467925913923326e-48
2.702752613784364e-43;0.08137136344958289;4.725877277335587e-48
2.198555858650407e-43;0.07559226280297782;3.901330115768059e-48
2.1778182546852185e-43;0.08137136344958289;3.727077467030272e-48
1.771538039747667e-43;0.07559226280297782;3.076777234733969e-48
1.5881621412485564e-43;0.07559226280297782;2.730581779648522e-48
1.5732214151046059e-43;0.08137136344958289;2.6086922923108257e-48
1.279758545772874e-43;0.07559226280297782;2.1535793890778045e-48
1.2677057675321732e-43;0.08137136344958289;2.0574226722740096e-48
1.0312233095954425e-43;0.07559226280297782;1.6984672357151817e-48
1.0215028901614267e-43;0.08137136344958289;1.622616587873992e-48
8.309421855106986e-44;0.07559226280297782;1.3395106536043199e-48
8.231044269687486e-44;0.08137136344958289;1.2796814998345228e-48
6.695511895553502e-44;0.07559226280297782;1.0564027555719992e-48
6.002444356380881e-44;0.07559226280297782;9.375375258796731e-49
5.945976017919856e-44;0.08137136344958289;8.956871153770308e-49
4.836835774567399e-44;0.07559226280297782;7.394253881241949e-49
4.791282408918783e-44;0.08137136344958289;7.064102515548202e-49
3.897499111761547e-44;0.07559226280297782;5.83163918337237e-49
3.860760874992163e-44;0.08137136344958289;5.571208130754162e-49
3.1405384263702054e-44;0.07559226280297782;4.599171917976072e-49
3.1109156893052003e-44;0.08137136344958289;4.3937502118075316e-49
2.530562626241081e-44;0.07559226280297782;3.627128962674491e-49
2.2686183806852174e-44;0.07559226280297782;3.219008560680141e-49
2.2472762235649696e-44;0.08137136344958289;3.0753163606803763e-49
1.8280776782003297e-44;0.07559226280297782;2.5387961427172807e-49
1.8108608251190199e-44;0.08137136344958289;2.425439605709201e-49
1.473056241537193e-44;0.07559226280297782;2.0022768087559862e-49
1.4591710583916972e-44;0.08137136344958289;1.9128585439181764e-49
1.1869636395275861e-44;0.07559226280297782;1.5791126613426613e-49
1.1757677530183798e-44;0.08137136344958289;1.5085816999194782e-49
9.564238411077894e-45;0.07559226280297782;1.2453644637407882e-49
8.574222519383641e-45;0.07559226280297782;1.1052374787888648e-49
8.493560030817623e-45;0.08137136344958289;1.055901168600299e-49
6.90920294442536e-45;0.07559226280297782;8.716884702359645e-50
6.844132004923367e-45;0.08137136344958289;8.327678240788216e-50
5.567402656189335e-45;0.07559226280297782;6.874760753911454e-50
5.514923732882752e-45;0.08137136344958289;6.567745672329515e-50
4.486118271091957e-45;0.07559226280297782;5.421838630268127e-50
4.443803519942533e-45;0.08137136344958289;5.179672570407007e-50
3.6147952014850936e-45;0.07559226280297782;4.2759236396292587e-50
3.240619596395061e-45;0.07559226280297782;3.7948016027067255e-50
3.210133282265695e-45;0.08137136344958289;3.625406778003207e-50
2.6113269636469383e-45;0.07559226280297782;2.992917691804336e-50
2.586733461293894e-45;0.08137136344958289;2.859284754765905e-50
2.1041947661006114e-45;0.07559226280297782;2.36042964773114e-50
2.084360404806564e-45;0.08137136344958289;2.2550168883919438e-50
1.6955243170072966e-45;0.07559226280297782;1.8615729486756926e-50
1.6795314953279656e-45;0.08137136344958289;1.7784259174069739e-50
1.366208555983394e-45;0.07559226280297782;1.4681262798378574e-50
1.2247892266381956e-45;0.07559226280297782;1.3029343901444474e-50
1.2132669519635946e-45;0.08137136344958289;1.2447731565080721e-50
9.869486489134644e-46;0.07559226280297782;1.0276098188485402e-50
9.776535570857113e-46;0.08137136344958289;9.817273281277629e-51
7.952784964750074e-46;0.07559226280297782;8.104468389999051e-51
7.877821176784267e-46;0.08137136344958289;7.7425366642269e-51
6.408218722381811e-46;0.07559226280297782;6.391658032562521e-51
6.347773998421687e-46;0.08137136344958289;6.106175053950016e-51
5.163572801234756e-46;0.07559226280297782;5.0407700305364425e-51
4.629079733263802e-46;0.07559226280297782;4.473588352577388e-51
4.5855314010142685e-46;0.08137136344958289;4.273893402981068e-51
3.730163434730309e-46;0.07559226280297782;3.528269229339582e-51
3.695032719777186e-46;0.08137136344958289;3.370732996027825e-51
3.0057478382935333e-46;0.07559226280297782;2.782646284231699e-51
2.9774153428686943e-46;0.08137136344958289;2.6583780505362917e-51
2.4219804329534717e-46;0.07559226280297782;2.194557695645707e-51
2.399135404553398e-46;0.08137136344958289;2.0965379229203545e-51
1.9515676400123036e-46;0.07559226280297782;1.7307341234679523e-51
1.749556471502474e-46;0.07559226280297782;1.5359938995928546e-51
1.73309741896924e-46;0.08137136344958289;1.4674292038307277e-51
1.4098118747228764e-46;0.07559226280297782;1.2114212540956024e-51
1.3965342529845681e-46;0.08137136344958289;1.1573316342511012e-51
1.1360196594590275e-46;0.07559226280297782;9.554137261740105e-52
1.1253114186032592e-46;0.08137136344958289;9.127465798418366e-52
9.15385299993197e-47;0.07559226280297782;7.534951737064291e-52
9.06751042304395e-47;0.08137136344958289;7.198403621592563e-52
7.375932131009064e-47;0.07559226280297782;5.942426629245778e-52
6.612432758461095e-47;0.07559226280297782;5.2737915821584306e-52
6.550225919232571e-47;0.08137136344958289;5.0383766397947956e-52
5.328371147505316e-47;0.07559226280297782;4.159380589981941e-52
5.278188497006789e-47;0.08137136344958289;3.973665411104155e-52
4.293575962147538e-47;0.07559226280297782;3.2803859884539305e-52
4.253104263306416e-47;0.08137136344958289;3.133889549098942e-52
3.45969040890155e-47;0.07559226280297782;2.587104353307198e-52
3.427057310561261e-47;0.08137136344958289;2.4715515103670968e-52
2.787726834869484e-47;0.07559226280297782;2.0403153647431515e-52
2.4991629420009553e-47;0.07559226280297782;1.8107414137137826e-52
2.475651923739181e-47;0.08137136344958289;1.7299123595306405e-52
2.0138530249752655e-47;0.07559226280297782;1.428111553584584e-52
1.9948865378988023e-47;0.08137136344958289;1.3643467725327632e-52
1.6227531266060825e-47;0.07559226280297782;1.1263112449030264e-52
1.6074568848690146e-47;0.08137136344958289;1.0760121070684722e-52
1.3075868408127516e-47;0.07559226280297782;8.882749576188746e-53
1.295253190999774e-47;0.08137136344958289;8.486002160360133e-53
1.0536188196715744e-47;0.07559226280297782;7.005365059316401e-53
9.445563590312346e-48;0.07559226280297782;6.217129395917966e-53
9.356703910804303e-48;0.08137136344958289;5.939605126024782e-53
7.611339176515146e-48;0.07559226280297782;4.903380600452892e-53
7.539655511254774e-48;0.08137136344958289;4.684446029398658e-53
6.133180670670367e-48;0.07559226280297782;3.8671577822245596e-53
6.075368664261291e-48;0.08137136344958289;3.694457116048734e-53
4.9420125623596706e-48;0.07559226280297782;3.049866926798536e-53
4.895397645160298e-48;0.08137136344958289;2.9136448244584987e-53
3.98214273823603e-48;0.07559226280297782;2.4052722663522673e-53
3.5699421610021704e-48;0.07559226280297782;2.134633782209223e-53
3.536357726017873e-48;0.08137136344958289;2.0393466095977102e-53
2.876698713435949e-48;0.07559226280297782;1.6835618514918547e-53
2.849605937401851e-48;0.08137136344958289;1.6083912861546266e-53
2.318030051666365e-48;0.07559226280297782;1.3277776795975775e-53
2.2961800564682432e-48;0.08137136344958289;1.2684813946479669e-53
1.8678291494077752e-48;0.07559226280297782;1.0471631775046115e-53
1.8502110838841512e-48;0.08137136344958289;1.0003917042054503e-53
1.5050472231151784e-48;0.07559226280297782;8.258434251887402e-54
1.3492563901609819e-48;0.07559226280297782;7.329204676262106e-54
1.3365631835293674e-48;0.08137136344958289;7.00203886594251e-54
