# ["m", "w0", "wp"] [calculated @ 2025-10-14T10:31:19.123]
0.34570480743019183;0.08585405796064383;0.9349739880467316
0.03126006073187366;0.04774923972612507;0.038349398886128074
0.026988212218131507;0.05864885225372637;0.03231008635593148
0.022099099183370965;0.06729729501818867;0.025697272215508334
0.01733521869439948;0.07321237829525988;0.019511493267517804
0.01320176033268524;0.0768433879084002;0.01435073959286633
0.009871065017685508;0.07892337635734557;0.010349224186968625
0.007302005289953626;0.08006728830900287;0.007378212132298125
0.005368871440406403;0.08068217093105207;0.005225937912241641
0.003934109251261926;0.08100861114231031;0.0036879813420495275
0.0026041734647531223;0.07541878321857343;0.0024129431401601225
0.002085367945575612;0.0812727353598158;0.0018201085220305969
0.001378555086612334;0.07554512945735925;0.0011891595272242553
0.0011031572033354193;0.0813445356364696;0.0008963360642065318
0.0007289720132064154;0.0755794352025271;0.0005853766490552466
0.0005832249181835195;0.08136404984855218;0.0004411353393243494
0.00038535349713954417;0.07558876293549863;0.0002880598538290526
0.000308288562968387;0.08136936460820013;0.00021706510014578168
0.00020368772580925046;0.07559130545596698;0.00014173720880731038
0.00016294990453306072;0.08137081581572021;0.00010680252894866785
0.00010766046984662456;0.07559200030275466;6.973802639905102e-5
8.612761508718821e-5;0.08137121307192201;5.254893560098353e-5
5.690398559157309e-5;0.0755921906689497;3.431230951520731e-5
4.552266442463104e-5;0.08137132207213844;2.5854904652641786e-5
3.0076494029699455e-5;0.0755922429417483;1.6882165667193497e-5
2.406089251803509e-5;0.08137135204342688;1.272098184458767e-5
1.5896846257706077e-5;0.07559225732479036;8.306259942280078e-6
1.2717311314713922e-5;0.08137136030021169;6.258896593872943e-6
8.402227149597656e-6;0.07559226128959698;4.0867918625666395e-6
6.721692836849107e-6;0.08137136257874417;3.0794608267053547e-6
4.440968810145803e-6;0.07559226238431646;2.0107559618057673e-6
3.5527277622995053e-6;0.08137136320847677;1.515135545213634e-6
2.3472587447369926e-6;0.07559226268701713;9.893185222389641e-7
1.877781929777513e-6;0.08137136338275307;7.454666908642973e-7
1.2406354320801588e-6;0.07559226277082422;4.867577595774076e-7
9.92495079468775e-7;0.08137136343104052;3.6677943542549744e-7
6.557335161350937e-7;0.07559226279405383;2.3949122885186367e-7
5.245797968334564e-7;0.08137136344443369;1.804603114699758e-7
3.465856505891156e-7;0.0755922628004989;1.1783283715956794e-7
2.7726481111079807e-7;0.08137136344815174;8.87888483750191e-8
1.831866291589814e-7;0.07559226280228883;5.797530657794695e-8
1.46547342504635e-7;0.08137136344918498;4.3685281788490375e-8
9.682264960882659e-8;0.07559226280278612;2.8524613706404148e-8
7.745708323945451e-8;0.08137136344947214;2.14937334549554e-8
5.1175271404412715e-8;0.07559226280292446;1.403448526464491e-8
4.093966929771777e-8;0.08137136344955202;1.0575199665656585e-8
2.704850995397785e-8;0.07559226280296291;6.905151408346713e-9
2.163851840809276e-8;0.08137136344957419;5.203137377246746e-9
1.429639492758504e-8;0.07559226280297376;3.397425346056048e-9
1.1436962897843403e-8;0.08137136344958049;2.5600120486191787e-9
7.556309321532282e-9;0.07559226280297672;1.6715779709575742e-9
6.044966566018784e-9;0.08137136344958218;1.2595596105299511e-9
3.9938607494019e-9;0.07559226280297751;8.224383549865146e-10
3.195045844704491e-9;0.08137136344958273;6.197199006389819e-10
2.1109410700955197e-9;0.0755922628029777;4.0465049162144983e-10
1.6887302581549384e-9;0.08137136344958286;3.0491034487695024e-10
1.115730487605473e-9;0.0755922628029778;1.9909336593351833e-10
8.92572446029153e-10;0.08137136344958287;1.5001990143643934e-10
5.897154300515798e-10;0.07559226280297782;9.795655554411542e-11
4.717660310520463e-10;0.08137136344958289;7.381176534360765e-11
3.1169201908815434e-10;0.07559226280297782;4.819591415839336e-11
2.4935027856205655e-10;0.08137136344958289;3.6316359702692886e-11
1.6474372182296296e-10;0.07559226280297782;2.3713023887551354e-11
1.3179321385278408e-10;0.08137136344958289;1.7868126794074912e-11
8.70747154818545e-11;0.07559226280297782;1.1667119748848718e-11
6.96588402379345e-11;0.08137136344958289;8.79135347657984e-12
4.602303500458504e-11;0.07559226280297782;5.740376422654102e-12
3.681793532035248e-11;0.08137136344958289;4.325461579765874e-12
2.4325313488671568e-11;0.07559226280297782;2.8243407270256285e-12
1.9459990384900743e-11;0.08137136344958289;2.1281840080564756e-12
1.285705899802483e-11;0.07559226280297782;1.3896127980135055e-12
1.0285509561723825e-11;0.08137136344958289;1.0470945328318603e-12
6.795553371004649e-12;0.07559226280297782;6.837077799874607e-13
5.436369949411453e-12;0.08137136344958289;5.151842869487705e-13
3.5917658638158588e-12;0.07559226280297782;3.3639322340987365e-13
2.8733742406740297e-12;0.08137136344958289;2.5347744754343977e-13
1.898415230688645e-12;0.07559226280297782;1.6550989189878646e-13
1.5187118617383379e-12;0.08137136344958289;1.2471423923596077e-13
1.0034007017043628e-12;0.07559226280297782;8.143304445515176e-14
8.027098198122896e-13;0.08137136344958289;6.136104658991e-14
5.303439162862113e-13;0.07559226280297782;4.006612929993287e-14
4.242694556198129e-13;0.08137136344958289;3.019044225964718e-14
2.803114140383235e-13;0.07559226280297782;1.971306277223906e-14
2.242461304559918e-13;0.08137136344958289;1.4854094812375122e-14
1.481576132529066e-13;0.07559226280297782;9.699086251960163e-15
1.1852450455341567e-13;0.08137136344958289;7.308410085464171e-15
7.830818605836998e-14;0.07559226280297782;4.7720780484420695e-15
6.26457105461161e-14;0.08137136344958289;3.59583392000538e-15
4.138951667157746e-14;0.07559226280297782;2.3479251868515307e-15
3.31111702564351e-14;0.08137136344958289;1.7691975996226629e-15
2.1876283649705117e-14;0.07559226280297782;1.1552100839699248e-15
1.7500792730949434e-14;0.08137136344958289;8.704684966389957e-16
1.1562632879233279e-14;0.07559226280297782;5.683785606028297e-16
9.249982523711275e-15;0.08137136344958289;4.2828195324397923e-16
6.111388992788482e-15;0.07559226280297782;2.7964973006706695e-16
4.889045770918169e-15;0.08137136344958289;2.1072035597234153e-16
3.2301531849424937e-15;0.07559226280297782;1.3759134659062342e-16
2.584087968691926e-15;0.08137136344958289;1.036771876208736e-16
1.7072861194903936e-15;0.07559226280297782;6.769675283462939e-17
1.3658106188448127e-15;0.08137136344958289;5.101054040732876e-17
9.023800813509914e-16;0.07559226280297782;3.33076930919812e-17
7.218944049700992e-16;0.08137136344958289;2.509785703450004e-17
4.769498222489368e-16;0.07559226280297782;1.6387823236066843e-17
3.8155475198157495e-16;0.08137136344958289;1.2348475877618884e-17
2.5209015318990693e-16;0.07559226280297782;8.06302464943836e-18
2.016694238899818e-16;0.08137136344958289;6.075612602722484e-18
1.3324136496300476e-16;0.07559226280297782;3.9671142140689726e-18
1.0659166560211269e-16;0.08137136344958289;2.989281338376642e-18
7.042425542036373e-17;0.07559226280297782;1.95187238929802e-18
5.633865043434111e-17;0.08137136344958289;1.4707657489489562e-18
3.7222492826380814e-17;0.07559226280297782;9.603468966416117e-19
2.977759578887724e-17;0.08137136344958289;7.236360995904472e-19
1.9673817833640003e-17;0.07559226280297782;4.725033085902004e-19
1.57388436558159e-17;0.08137136344958289;3.560384819980251e-19
1.0398527308652734e-17;0.07559226280297782;2.324778446303483e-19
8.318710529167145e-18;0.08137136344958289;1.7517561760006418e-19
5.496105082558386e-18;0.07559226280297782;1.1438215830748031e-19
4.3968252294383035e-18;0.08137136344958289;8.618870867372726e-20
2.9049470354699577e-18;0.07559226280297782;5.627752683220434e-20
2.3239265304932663e-18;0.08137136344958289;4.2405978666530623e-20
1.5353995515234096e-18;0.07559226280297782;2.768928365414801e-20
1.2283032045420639e-18;0.08137136344958289;2.0864299446389213e-20
8.115300396301052e-19;0.07559226280297782;1.3623491870313184e-20
6.492153441563704e-19;0.08137136344958289;1.0265509842652843e-20
4.2893135182213833e-19;0.07559226280297782;6.7029372467238e-21
3.431404896848826e-19;0.08137136344958289;5.050765907591485e-21
2.267101593181016e-19;0.07559226280297782;3.297933317039111e-21
1.8136570048908228e-19;0.08137136344958289;2.4850432802951777e-21
1.198268583532026e-19;0.07559226280297782;1.6226265834358816e-21
9.586020391852554e-20;0.08137136344958289;1.2226739900295732e-21
6.333406507227512e-20;0.07559226280297782;7.983536282160645e-22
5.0666574057394434e-20;0.08137136344958289;6.015716900179154e-22
3.347499762328503e-20;0.07559226280297782;3.9280048915267733e-22
2.6779639743884606e-20;0.08137136344958289;2.959811864667684e-22
1.7693092407698265e-20;0.07559226280297782;1.9326300880394534e-22
1.4154284519017758e-20;0.08137136344958289;1.456266380149423e-22
9.351621842374609e-21;0.07559226280297782;9.508794312482641e-23
7.481197363420714e-21;0.08137136344958289;7.165022193704889e-23
4.942766875773899e-21;0.07559226280297782;4.678451910516696e-23
3.9541605875771196e-21;0.08137136344958289;3.5252851906816737e-23
2.6124820699597633e-21;0.07559226280297782;2.301859895137706e-23
2.0899576889653227e-21;0.08137136344958289;1.73448669657413e-23
1.3808182213312691e-21;0.07559226280297782;1.1325453543580812e-23
1.1046397952040902e-21;0.08137136344958289;8.533902756420394e-24
7.298266205477992e-22;0.07559226280297782;5.572272154302151e-24
5.838534835375697e-22;0.08137136344958289;4.198792438125059e-24
3.857472966620379e-22;0.07559226280297782;2.741631215220536e-24
3.0859370784842626e-22;0.08137136344958289;2.0658611237622247e-24
2.0388537865388107e-22;0.07559226280297782;1.3489186299826317e-24
1.6310612030031978e-22;0.08137136344958289;1.0164308537665804e-24
1.077629007086892e-22;0.07559226280297782;6.636857138963726e-25
8.620916694934493e-23;0.08137136344958289;5.000973534015606e-25
5.695770263577821e-23;0.07559226280297782;3.2654210345942717e-25
4.5565552368089083e-23;0.08137136344958289;2.4605447773693696e-25
3.010479365543058e-23;0.07559226280297782;1.6066301127035613e-25
2.4083512648127276e-23;0.08137136344958289;1.2106204042592302e-25
1.591178293884972e-23;0.07559226280297782;7.90483154147558e-26
1.2729256013117203e-23;0.08137136344958289;5.95641167227891e-26
8.41011697973879e-24;0.07559226280297782;3.889281123578467e-26
6.72800355225926e-24;0.08137136344958289;2.9306329122520986e-26
4.4451377878086985e-24;0.07559226280297782;1.9135774847138842e-26
3.556062644397094e-24;0.08137136344958289;1.441909951648664e-26
2.34946196351463e-24;0.07559226280297782;9.41505299733839e-27
1.8795444194779087e-24;0.08137136344958289;7.094386676582185e-27
1.2417998679683615e-24;0.07559226280297782;4.632329950095784e-27
9.934266007255598e-25;0.08137136344958289;3.490531586894154e-27
6.56348958201228e-25;0.07559226280297782;2.2791672837763755e-27
5.250721402494308e-25;0.08137136344958289;1.7173874662517707e-27
3.4691093633037315e-25;0.07559226280297782;1.1213802909978747e-27
2.7752503533200945e-25;0.08137136344958289;8.449772293460462e-28
1.8335855681928166e-25;0.07559226280297782;5.51733857356414e-28
1.4668488257526864e-25;0.08137136344958289;4.157399143430392e-28
9.691352113163728e-26;0.07559226280297782;2.714603170727248e-28
7.752977943189801e-26;0.08137136344958289;2.0454950781540405e-28
5.1223301170445515e-26;0.07559226280297782;1.3356204764794943e-28
4.097809258342883e-26;0.08137136344958289;1.006410491367934e-28
2.7073895903898016e-26;0.07559226280297782;6.5714284740683e-29
2.165882689310469e-26;0.08137136344958289;4.95167203261865e-29
1.430981257877271e-26;0.07559226280297782;3.233229270609989e-29
1.1447696874382524e-26;0.08137136344958289;2.436287790014083e-29
7.563401173087908e-27;0.07559226280297782;1.5907913412709448e-29
6.0506399711550496e-27;0.08137136344958289;1.1986856473272459e-29
3.997609122423156e-27;0.07559226280297782;7.82690270209381e-30
3.1980445029484477e-27;0.08137136344958289;5.8976910978978824e-30
2.1129222594385206e-27;0.07559226280297782;3.850939109280048e-30
1.690315188409136e-27;0.08137136344958289;2.9017416170603552e-30
1.116777638261105e-27;0.07559226280297782;1.8947127092068525e-30
8.934101553410016e-28;0.08137136344958289;1.4276950542867866e-30
5.902688978493117e-28;0.07559226280297782;9.322235819774178e-31
4.722087993646045e-28;0.08137136344958289;7.024447511284265e-31
3.1198455254776526e-28;0.07559226280297782;4.586662677523268e-31
2.49584302197967e-28;0.08137136344958289;3.4561205973664337e-31
1.6489833935529073e-28;0.07559226280297782;2.2566983848188614e-31
1.3191690622340276e-28;0.08137136344958289;1.7004568066530716e-31
8.715643803540422e-29;0.07559226280297782;1.1103252970837692e-31
6.972421740591257e-29;0.08137136344958289;8.366471220640042e-32
4.606622917318997e-29;0.07559226280297782;5.462946548982954e-32
3.6852490192834064e-29;0.08137136344958289;4.1164139195967925e-32
2.434814361475884e-29;0.07559226280297782;2.687841578988465e-32
1.9478254241370176e-29;0.08137136344958289;2.025329808778561e-32
1.2869125780973307e-29;0.07559226280297782;1.3224534212373363e-32
1.0295162858905779e-29;0.08137136344958289;9.964889135174212e-33
6.801931226745468e-30;0.07559226280297782;6.50664482986569e-33
5.441472165728203e-30;0.08137136344958289;4.9028565641957686e-33
3.5951368570644286e-30;0.07559226280297782;3.201354865293215e-33
2.8760709991858994e-30;0.08137136344958289;2.412269937276854e-33
1.9001969573290325e-30;0.07559226280297782;1.575108714478286e-33
1.5201372239770048e-30;0.08137136344958289;1.1868685477736795e-33
1.0043424270615498e-30;0.07559226280297782;7.749742114884857e-34
8.034631900167285e-31;0.08137136344958289;5.839549413299057e-34
5.308416619157961e-31;0.07559226280297782;3.812975085158661e-34
4.246676467950411e-31;0.08137136344958289;2.8731351432579964e-34
2.805744957424321e-31;0.07559226280297782;1.8760339098402056e-34
2.2445659300295073e-31;0.08137136344958289;1.413620292795935e-34
1.482966641634981e-31;0.07559226280297782;9.230333669289828e-35
1.1863574379332856e-31;0.08137136344958289;6.955197832909671e-35
7.838168092872542e-32;0.07559226280297782;4.5414456103132177e-35
6.270450565562712e-32;0.08137136344958289;3.4220488444767e-35
4.142836212714166e-32;0.07559226280297782;2.2344509928231043e-35
3.314224620504023e-32;0.08137136344958289;1.6836930559436463e-35
2.1896815278792934e-32;0.07559226280297782;1.0993792875092491e-35
1.7517217814425644e-32;0.08137136344958289;8.283991361515346e-36
1.1573484799667159e-32;0.07559226280297782;5.4090907416917856e-36
9.258663943886974e-33;0.08137136344958289;4.075832743706323e-36
6.1171247372147614e-33;0.07559226280297782;2.6613438132114698e-36
4.893634305057214e-33;0.08137136344958289;2.0053633363072278e-36
3.233184792511325e-33;0.07559226280297782;1.3094161718395815e-36
2.5865132222931836e-33;0.08137136344958289;9.866651463593541e-37
1.708888465021906e-33;0.07559226280297782;6.442499847496333e-37
1.367092478116679e-33;0.08137136344958289;4.854522337248825e-37
9.032269954531847e-34;0.07559226280297782;3.169794690001369e-37
7.225719271855157e-34;0.08137136344958289;2.388488861677561e-37
4.773974557227353e-34;0.07559226280297782;1.5595806929922658e-37
3.819128539686325e-34;0.08137136344958289;1.1751679456872924e-37
2.523267482901016e-34;0.07559226280297782;7.673342206126236e-38
2.018586974373526e-34;0.08137136344958289;5.781980911566514e-38
1.3336641647213588e-34;0.07559226280297782;3.7753853248432245e-38
1.0669170547072313e-34;0.08137136344958289;2.844810682967312e-38
7.049035095625238e-35;0.07559226280297782;1.8575392531903295e-38
5.639152615548965e-35;0.08137136344958289;1.3996842856633223e-38
3.7257427389703963e-35;0.07559226280297782;9.139337525199967e-39
2.9805543065556205e-35;0.08137136344958289;6.886630844233783e-39
1.9692282374371392e-35;0.07559226280297782;4.4966743101697306e-39
1.5753615090735446e-35;0.08137136344958289;3.3883129839009786e-39
1.0408286676796799e-35;0.07559226280297782;2.2124229240891273e-39
8.326517919206922e-36;0.08137136344958289;1.6670945686721097e-39
5.501263362309636e-36;0.07559226280297782;1.088541187865199e-39
4.400951798019174e-36;0.08137136344958289;8.202324620249034e-40
2.90767342611323e-36;0.07559226280297782;5.355765865456412e-40
2.3261076138214693e-36;0.08137136344958289;4.035651632500517e-40
1.5368405757210465e-36;0.07559226280297782;2.6351072724994733e-40
1.229456008473795e-36;0.08137136344958289;1.98559370092446e-40
8.122916879079448e-37;0.07559226280297782;1.2965074486107817e-40
6.498246546250855e-37;0.08137136344958289;9.769382256386796e-41
4.293339183439833e-37;0.07559226280297782;6.378987230788644e-41
3.4346253859282455e-37;0.08137136344958289;4.806664607516096e-41
2.2692293443914615e-37;0.07559226280297782;3.1385456469352165e-41
1.8153591830812937e-37;0.08137136344958289;2.3649422289770213e-41
1.199393198960253e-37;0.07559226280297782;1.5442057526549038e-41
9.595017194886638e-38;0.08137136344958289;1.1635826925916942e-41
6.339350622569546e-38;0.07559226280297782;7.597695476760154e-42
5.071412634380443e-38;0.08137136344958289;5.724979942045321e-42
3.3506415036129215e-38;0.07559226280297782;3.738166138698615e-42
2.6804773337831943e-38;0.08137136344958289;2.8167654559917218e-42
1.7709697970898524e-38;0.07559226280297782;1.8392269239082126e-42
1.4167568791812995e-38;0.08137136344958289;1.3858856649956534e-42
9.3603986544745e-39;0.07559226280297782;9.04923845574857e-43
7.488218719143573e-39;0.08137136344958289;6.818739815041572e-43
4.9474058289793975e-39;0.07559226280297782;4.452344382551321e-43
3.957871700480841e-39;0.08137136344958289;3.3549097042849427e-43
2.614933972381492e-39;0.07559226280297782;2.1906120164446996e-43
2.0919191846547296e-39;0.08137136344958289;1.65065971560856e-43
1.3821141657435868e-39;0.07559226280297782;1.0778099343344328e-43
1.1056765368606691e-39;0.08137136344958289;8.121462980815652e-44
7.305115874147258e-40;0.07559226280297782;5.302966686156305e-44
5.844014496984415e-40;0.08137136344958289;3.9958666419893623e-44
3.861093334935002e-40;0.07559226280297782;2.6091293815963115e-44
3.088833334379383e-40;0.08137136344958289;1.9660189621352898e-44
2.0407673194944024e-40;0.07559226280297782;1.2837259844910326e-44
1.632592008883021e-40;0.08137136344958289;9.673071966063407e-45
1.078640398208991e-40;0.07559226280297782;6.316100745641156e-45
8.629007715640408e-41;0.08137136344958289;4.759278677506616e-45
5.701115935827005e-41;0.07559226280297782;3.107604668834789e-45
4.560831717382044e-41;0.08137136344958289;2.341627727947856e-45
3.013304801832862e-41;0.07559226280297782;1.528982384333942e-45
2.4106115835978613e-41;0.08137136344958289;1.1521116513326103e-45
1.592671668311166e-41;0.07559226280297782;7.52279450165734e-46
1.274120284865887e-41;0.08137136344958289;5.668540909786804e-46
8.418010157811363e-42;0.07559226280297782;3.7013138734635485e-46
6.734318010219696e-42;0.08137136344958289;2.788996709542877e-46
4.4493096993529594e-42;0.07559226280297782;1.821095124541226e-46
3.559400128971574e-42;0.08137136344958289;1.3722230763848475e-46
2.3516670127068634e-42;0.07559226280297782;8.960027617232253e-47
1.8813084352263187e-42;0.08137136344958289;6.751518081467071e-47
1.24296533897334e-42;0.07559226280297782;4.408451476239574e-47
9.943589650530062e-43;0.08137136344958289;3.3218357269188465e-47
6.569649638070142e-43;0.07559226280297782;2.1690161290331163e-47
5.2556493813962984e-43;0.08137136344958289;1.634386883584667e-47
3.4723652392949643e-43;0.07559226280297782;1.067184473587278e-47
2.7778550192584495e-43;0.08137136344958289;8.041398506214749e-48
1.8353064500112156e-43;0.07559226280297782;5.250688021270909e-48
1.468225512785116e-43;0.08137136344958289;3.9564738670642197e-48
9.700447773566276e-44;0.07559226280297782;2.5834075906336793e-48
7.760254374141454e-44;0.08137136344958289;1.9466371985748815e-48
5.127137596400402e-44;0.07559226280297782;1.2710705249115726e-48
4.1016551903628036e-44;0.08137136344958289;9.577711139255605e-49
2.7099305667163227e-44;0.07559226280297782;6.2538342194105114e-49
2.1679154431701693e-44;0.08137136344958289;4.71235989603905e-49
1.432324281989084e-44;0.07559226280297782;3.076968718678357e-49
1.1458440923504328e-44;0.08137136344958289;2.3185430701476602e-49
7.570499679855101e-45;0.07559226280297782;1.5139090937747268e-49
6.056318700578246e-45;0.08137136344958289;1.1407536959662664e-49
4.001361013240361e-45;0.07559226280297782;7.448631928888296e-50
3.201045975437668e-45;0.08137136344958289;5.612658274999472e-50
2.1149053081508584e-45;0.07559226280297782;3.664824911891981e-50
1.69190160615018e-45;0.08137136344958289;2.761501717970462e-50
1.1178257716922469e-45;0.07559226280297782;1.803142075356729e-50
8.94248650865494e-46;0.08137136344958289;1.3586951787750783e-50
5.908228850926113e-46;0.07559226280297782;8.871696253132229e-51
4.7265198322873e-46;0.08137136344958289;6.684959045339211e-51
3.1227736055924573e-46;0.07559226280297782;4.364991282912038e-51
2.4981854547259866e-46;0.08137136344958289;3.289087805415728e-51
1.6505310200122534e-46;0.07559226280297782;2.14763314210303e-51
1.3204071468339365e-46;0.08137136344958289;1.6182744753353258e-51
8.723823728828545e-47;0.07559226280297782;1.056663762678191e-51
6.978965593254466e-47;0.08137136344958289;7.962123337691854e-52
4.610946388096776e-47;0.07559226280297782;5.198924739370915e-52
3.688707749622247e-47;0.08137136344958289;3.917469441114489e-52
2.4370995167686246e-47;0.07559226280297782;2.5579393748808443e-52
1.949653523908286e-47;0.08137136344958289;1.9274465078199485e-52
1.2881203889003482e-47;0.07559226280297782;1.2585398276716594e-52
1.0304825216032003e-47;0.08137136344958289;9.483290415790489e-53
6.808315068318608e-48;0.07559226280297782;6.192181540305642e-53
5.4465791706467476e-48;0.08137136344958289;4.665903657785176e-53
3.598511014103681e-48;0.07559226280297782;3.0466347893842954e-53
2.8787702886964625e-48;0.08137136344958289;2.2956859896943696e-53
1.9019803561798838e-48;0.07559226280297782;1.4989844014535372e-53
1.521563923966137e-48;0.08137136344958289;1.1295077116488673e-53
1.0052850362597014e-48;0.07559226280297782;7.375200479001675e-54
8.042172672844824e-49;0.08137136344958289;5.557326552505163e-54
5.313398746964199e-49;0.07559226280297782;3.628695672398051e-54
4.250662116860989e-49;0.08137136344958289;2.734277782494669e-54
2.8083782435758183e-49;0.07559226280297782;1.7853660141673532e-54
2.2466725307609887e-49;0.08137136344958289;1.3453006443311746e-54
1.484358455780531e-49;0.07559226280297782;8.784235693254813e-55
1.1874708743501513e-49;0.08137136344958289;6.61905617353422e-55
7.845524477649229e-50;0.07559226280297782;4.321959536719333e-55
6.27633559463288e-50;0.08137136344958289;3.25666272539272e-55
4.146724404047455e-50;0.07559226280297782;2.1264609568004406e-55
3.31733513194699e-50;0.08137136344958289;1.602320909341881e-55
2.191736617750631e-50;0.07559226280297782;1.0462467689433825e-55
1.7533658313395938e-50;0.08137136344958289;7.883629693967104e-56
1.1584346904993887e-50;0.07559226280297782;5.147671759614601e-56
9.267353511867932e-51;0.08137136344958289;3.878849535648094e-56
6.122865864830386e-51;0.07559226280297782;2.532722234496832e-56
4.8982271456901085e-51;0.08137136344958289;1.90844500620202e-56
3.236219245345962e-51;0.07559226280297782;1.2461326628166497e-56
2.5889407520766364e-51;0.08137136344958289;9.38980052777134e-57
1.7104923144086766e-51;0.07559226280297782;6.131136656787849e-57
1.3683755404566525e-51;0.08137136344958289;4.619905402817882e-57
9.040747044127938e-52;0.07559226280297782;3.016599903515941e-57
7.232500852783547e-52;0.08137136344958289;2.2730542430438324e-57
4.77845509315628e-52;0.07559226280297782;1.4842068424323582e-57
3.822712920464664e-52;0.08137136344958289;1.1183725945271798e-57
2.5256356544276764e-52;0.07559226280297782;7.302492944309643e-58
2.0204814862432296e-52;0.08137136344958289;5.502540311200728e-58
1.3349158534632092e-52;0.07559226280297782;3.592922608704553e-58
1.0679183923011986e-52;0.08137136344958289;2.707322230941275e-58
7.0556508525027765e-53;0.07559226280297782;1.7677651961580508e-58
5.644445150228355e-53;0.08137136344958289;1.3320381583082683e-58
3.7292394740291532e-53;0.07559226280297782;8.697637352880379e-59
2.9833516571695635e-53;0.08137136344958289;6.553802997334353e-59
1.9710764244696249e-53;0.07559226280297782;4.279352013866474e-59
1.5768400389144187e-53;0.08137136344958289;3.224557304155579e-59
1.0418055204436545e-53;0.07559226280297782;2.1054974949626244e-59
8.334332636745233e-54;0.08137136344958289;1.586524619676883e-59
5.506426483280188e-54;0.07559226280297782;1.0359324698994527e-59
4.40508223952365e-54;0.08137136344958289;7.805909870471428e-60
2.910402375565954e-54;0.07559226280297782;5.096924051249126e-60
2.3282907441698512e-54;0.08137136344958289;3.840610359915689e-60
1.5382829523684285e-54;0.07559226280297782;2.507753694285045e-60
1.2306098943508493e-54;0.08137136344958289;1.8896308286225314e-60
8.130540510183495e-55;0.07559226280297782;1.2338478125172487e-60
6.504345369521997e-55;0.08137136344958289;9.29723229866789e-61
4.2973686268806924e-55;0.07559226280297782;6.070693576976782e-61
3.437848897545158e-55;0.08137136344958289;4.574360616163526e-61
2.2713590925680867e-55;0.07559226280297782;2.986861112989326e-61
1.8170629588233238e-55;0.08137136344958289;2.2506456087696173e-61
1.200518869877938e-55;0.07559226280297782;1.4695749662150904e-61
9.60402244172342e-56;0.08137136344958289;1.107347251630169e-61
6.345300316664046e-56;0.07559226280297782;7.2305021881805995e-62
5.076172325963701e-56;0.08137136344958289;5.448294173524884e-62
3.3537861935273437e-56;0.07559226280297782;3.5575022094948132e-62
2.6829930520503777e-56;0.08137136344958289;2.680632417479376e-62
1.7726319118979191e-56;0.07559226280297782;1.750337893714823e-62
1.4180865532345704e-56;0.08137136344958289;1.318906418922737e-62
9.369183703908176e-57;0.07559226280297782;8.611892731920767e-63
7.495246664645287e-57;0.08137136344958289;6.489193111792918e-63
4.9520491359987316e-57;0.07559226280297782;4.237164532198211e-63
3.961586296389024e-57;0.08137136344958289;3.1927683903862787e-63
2.617388175996223e-57;0.07559226280297782;2.084740698914191e-63
2.0938825212739087e-57;0.08137136344958289;1.570884055850402e-63
1.3834113264433884e-57;0.07559226280297782;1.0257198531430326e-63
1.1067142515342151e-57;0.08137136344958289;7.728956238590375e-64
7.311971971461282e-58;0.07559226280297782;5.046676633116709e-64
5.849499301440096e-58;0.08137136344958289;3.802748160538584e-64
3.864717101087236e-58;0.07559226280297782;2.4830313034503266e-64
3.091732308508221e-58;0.08137136344958289;1.8710021283697906e-64
2.042682648365128e-58;0.07559226280297782;1.221684070949993e-64
1.634124251475723e-58;0.08137136344958289;9.20557664241559e-65
1.079652738555724e-58;0.07559226280297782;6.010846368062339e-65
8.637106330041753e-59;0.08137136344958289;4.529264827358809e-65
5.70646662516965e-59;0.07559226280297782;2.957415498783822e-65
4.56511221157625e-59;0.08137136344958289;2.2284578873449663e-65
3.016132889889795e-59;0.07559226280297782;1.455087336605179e-65
2.4128740237683098e-59;0.08137136344958289;1.0964306007617285e-65
1.594166444319566e-59;0.07559226280297782;7.159221144338518e-66
1.2753160896708068e-59;0.08137136344958289;5.3945828149304e-66
8.425910743897438e-60;0.07559226280297782;3.5224309980680517e-66
6.740638394511617e-60;0.08137136344958289;2.654205722361683e-66
4.4534855263767244e-60;0.07559226280297782;1.7330823962551464e-66
3.5627407458877474e-60;0.08137136344958289;1.3059041372244445e-66
2.3538741314120367e-60;0.07559226280297782;8.526993414084888e-67
1.8830741065629354e-60;0.08137136344958289;6.425220175105678e-67
1.2441319038121176e-60;0.07559226280297782;4.195392950788628e-67
9.952922044357793e-61;0.08137136344958289;3.161292863833674e-67
6.575815475548104e-61;0.07559226280297782;2.0641885312650878e-67
5.260581985372475e-61;0.08137136344958289;1.5553976826578305e-67
3.4756241710354884e-61;0.07559226280297782;1.0156079162514158e-67
2.7804621297635284e-61;0.08137136344958289;7.652761244915242e-68
1.8370289469351693e-61;0.07559226280297782;4.996924573165736e-68
1.4696034918847e-61;0.08137136344958289;3.765259221140315e-68
9.709551970552462e-62;0.07559226280297782;2.4585526353583904e-68
7.76753763426865e-62;0.08137136344958289;1.8525570769376831e-68
5.131949587737559e-62;0.07559226280297782;1.209640244178887e-68
4.10550473191946e-62;0.08137136344958289;9.114824562523793e-69
2.712473927834712e-62;0.07559226280297782;5.951589155722342e-69
2.16995010483783e-62;0.08137136344958289;4.484613610011958e-69
1.4336685665742658e-62;0.07559226280297782;2.9282601706556233e-69
1.1469195056278124e-62;0.08137136344958289;2.2064889009268785e-69
7.577604848809996e-63;0.07559226280297782;1.440742531564645e-69
6.062002759680295e-63;0.08137136344958289;1.0856215703944551e-69
4.0051164253334683e-63;0.07559226280297782;7.088642816169423e-70
3.204050264909923e-63;0.08137136344958289;5.341400963361448e-70
2.1168902180212073e-63;0.07559226280297782;3.487705531998154e-70
1.6934895127977078e-63;0.08137136344958289;2.6280395516673658e-70
1.1188748888319187e-63;0.07559226280297782;1.7159970100600706e-70
8.950879333462786e-64;0.08137136344958289;1.2930300369702178e-70
5.913773922715982e-64;0.07559226280297782;8.442931066052681e-71
4.7309558303583883e-64;0.08137136344958289;6.3618779079882755e-71
3.125704433809073e-64;0.07559226280297782;4.154033169534608e-71
2.5005300859243397e-64;0.08137136344958289;3.1301276350072525e-71
1.652080098971165e-64;0.07559226280297782;2.043838974710642e-71
1.3216463934179477e-64;0.08137136344958289;1.540063980029175e-71
8.732011331252074e-65;0.07559226280297782;1.0055956666841545e-71
6.985515587543782e-65;0.08137136344958289;7.577317410501706e-72
4.61527391659751e-65;0.07559226280297782;4.947662987966633e-72
3.692169726096015e-65;0.08137136344958289;3.7281398619818783e-72
2.4393868167565795e-65;0.07559226280297782;2.434315287297626e-72
1.951483339412768e-65;0.08137136344958289;1.8342938638462028e-72
1.289329333274487e-65;0.07559226280297782;1.197715150038205e-72
1.0314496641605854e-65;0.08137136344958289;9.024967151192633e-73
6.814704901342078e-66;0.07559226280297782;5.892916123545875e-73
5.451690968661426e-66;0.08137136344958289;4.440402581368243e-73
3.6018883379029594e-66;0.07559226280297782;2.89939226685404e-73
2.881472111581137e-66;0.08137136344958289;2.1847364931423797e-73
1.9037654288106252e-66;0.07559226280297782;1.4265391430744944e-73
1.5229919629612696e-66;0.08137136344958289;1.0749190995644603e-73
1.0062285301283388e-66;0.07559226280297782;7.0187602760346265e-74
8.049720522791513e-67;0.08137136344958289;5.2887433987361426e-74
5.318385550665198e-67;0.07559226280297782;3.453322402795726e-74
4.254651506437325e-67;0.08137136344958289;2.6021313370474553e-74
2.8110140011550616e-67;0.07559226280297782;1.6990800581079737e-74
2.2487811086082163e-67;0.08137136344958289;1.280282854498568e-74
1.485751576190536e-67;0.07559226280297782;8.359697436657096e-75
1.1885853557645973e-67;0.08137136344958289;6.299160093059938e-75
7.852887766640811e-68;0.07559226280297782;4.1130811287533866e-75
6.282226147001065e-68;0.08137136344958289;3.09926964487387e-75
4.1506162445792635e-68;0.07559226280297782;2.0236900318335248e-75
3.320448562709721e-68;0.08137136344958289;1.524881442879885e-75
2.1937936363930317e-68;0.07559226280297782;9.956821216856492e-76
1.7550114242328283e-68;0.08137136344958289;7.502617330135744e-76
1.159521920477234e-68;0.07559226280297782;4.898887042232507e-76
9.276051235301142e-69;0.08137136344958289;3.6913864396005457e-76
6.128612380687659e-69;0.07559226280297782;2.4103168802432776e-76
4.902824296858635e-69;0.08137136344958289;1.8162106964637466e-76
3.2392565461168025e-69;0.07559226280297782;1.1859076180164666e-76
2.591370560178562e-69;0.08137136344958289;8.935995588438795e-77
1.7120976690621171e-69;0.07559226280297782;5.834821512462453e-77
1.369659806993848e-69;0.08137136344958289;4.3966274018798284e-77
9.049232089758132e-70;0.07559226280297782;2.8708089538406153e-77
7.239288798454057e-70;0.08137136344958289;2.1631985288768197e-77
4.782939834219085e-70;0.07559226280297782;1.4124757769965256e-77
3.826300665305106e-70;0.08137136344958289;1.0643221377672562e-77
2.528006048563082e-70;0.07559226280297782;6.949566664590751e-78
2.0223777761761405e-70;0.08137136344958289;5.236604952434157e-78
1.3361687169571017e-70;0.07559226280297782;3.41927823557358e-78
1.068920669684228e-70;0.08137136344958289;2.5764785354727385e-78
7.062272818490999e-71;0.07559226280297782;1.6823298799099496e-78
5.649742652129814e-71;0.08137136344958289;1.267661338605666e-78
3.732739490891549e-71;0.07559226280297782;8.27728435607425e-79
2.9861516331912848e-71;0.08137136344958289;6.237060574233189e-79
1.972926346087899e-71;0.07559226280297782;4.072532808784136e-79
1.5783199564053558e-71;0.08137136344958289;3.0687158645575027e-79
1.0427832900168582e-71;0.07559226280297782;2.0037397249077186e-79
8.342154688659194e-72;0.08137136344958289;1.5098485809631036e-79
5.511594450013685e-72;0.07559226280297782;9.858663081886728e-80
4.4092165575865943e-72;0.08137136344958289;7.428653671606749e-80
2.9131338862296616e-72;0.07559226280297782;4.85059194834462e-80
2.3304759234596015e-72;0.08137136344958289;3.654995346452226e-80
1.5397266827348792e-72;0.07559226280297782;2.3865550586239163e-80
1.2317648631886659e-72;0.08137136344958289;1.798305799831154e-80
8.138171296322115e-73;0.07559226280297782;1.1742164891415327e-80
6.510449916744208e-73;0.08137136344958289;8.84790114122966e-81
4.301401852089952e-73;0.07559226280297782;5.777299620176677e-81
3.4410754345362956e-73;0.08137136344958289;4.35328377477975e-81
2.273490839585113e-73;0.07559226280297782;2.8425074260109895e-81
1.8187683336162832e-73;0.08137136344958289;2.1418728940643344e-81
1.2016455972756998e-73;0.07559226280297782;1.3985510529364787e-81
9.61303614028769e-74;0.08137136344958289;1.0538296448546201e-81
6.351255594746872e-74;0.07559226280297782;6.881055190116409e-82
5.080936484677838e-74;0.08137136344958289;5.1849805067893924e-82
3.356933834839198e-74;0.07559226280297782;3.385569688715432e-82
2.6855111314038936e-74;0.08137136344958289;2.551078628984162e-82
1.774295586656718e-74;0.07559226280297782;1.6657448313468357e-82
1.4194174752317302e-74;0.08137136344958289;1.2551642504225288e-82
9.377976998406686e-75;0.07559226280297782;8.195683735021509e-83
7.502281206110584e-75;0.08137136344958289;6.1755732561096445e-83
4.956696800918116e-75;0.07559226280297782;4.032384229593357e-83
3.9653043785706026e-75;0.08137136344958289;3.0384632950419348e-83
2.6198446829637256e-75;0.07559226280297782;1.9839860957043796e-83
2.0958477005506454e-75;0.08137136344958289;1.4949639187233958e-83
1.3847097045722026e-75;0.07559226280297782;9.76147262718872e-84
1.1077529401379375e-75;0.08137136344958289;7.3554191749878095e-84
7.318834503453595e-76;0.07559226280297782;4.802772965882345e-84
5.854989253569543e-76;0.08137136344958289;3.6189630105573575e-84
3.868344268266063e-76;0.07559226280297782;2.3630274900902414e-84
3.0946340034219365e-76;0.08137136344958289;1.7805774164874935e-84
2.0445997748365192e-76;0.07559226280297782;1.1626406158668649e-84
1.635657932129717e-76;0.08137136344958289;8.760675162626207e-85
1.0806660290179756e-76;0.07559226280297782;5.720344800608571e-85
8.645212545265523e-77;0.08137136344958289;4.3103674456602676e-85
5.711822336314475e-77;0.07559226280297782;2.814484905419522e-85
4.569396723158443e-77;0.08137136344958289;2.120757495480326e-85
3.0189636322026357e-77;0.07559226280297782;1.3847636041085518e-85
2.4151385873150724e-77;0.08137136344958289;1.0434405909325056e-85
1.5956626232255983e-77;0.07559226280297782;6.813219127845621e-86
1.27651301677882e-77;0.08137136344958289;5.1338649945876225e-86
8.433818744949685e-78;0.07559226280297782;3.35219345354794e-86
6.746964710697111e-78;0.08137136344958289;2.5259291244456684e-86
4.457665272554815e-78;0.07559226280297782;1.649323284507799e-86
3.566084498085419e-78;0.08137136344958289;1.2427903632934103e-86
2.3560833215724667e-78;0.07559226280297782;8.11488756396344e-87
1.884841435041571e-78;0.08137136344958289;6.114692103381636e-87
1.2452995635112904e-78;0.07559226280297782;3.9926314503842377e-87
9.962263196951503e-79;0.08137136344958289;3.008508966876383e-87
6.581987099872229e-79;0.07559226280297782;1.964427205299617e-87
5.265519218763638e-79;0.08137136344958289;1.4802259951519096e-87
3.4788861613932226e-79;0.07559226280297782;9.665240313001831e-88
2.783071687129633e-79;0.08137136344958289;7.282906651923184e-88
1.8387530604805072e-79;0.07559226280297782;4.7554254011579684e-88
1.47098276426408e-79;0.08137136344958289;3.583285895150342e-88
9.718664712134199e-80;0.07559226280297782;2.3397318652861253e-88
7.774827729980801e-80;0.08137136344958289;1.763023806297551e-88
5.136766095290685e-80;0.07559226280297782;1.1511788619588621e-88
4.109357886400531e-80;0.08137136344958289;8.674309090934228e-89
2.7150196759831905e-80;0.07559226280297782;5.6639514633393296e-89
2.1719866761040038e-80;0.08137136344958289;4.267874202055168e-89
1.4350141128158081e-80;0.07559226280297782;2.7867386415066168e-89
1.1479959282167788e-80;0.08137136344958289;2.0998502605359994e-89
7.584716686205288e-81;0.07559226280297782;1.3711120772012334e-89
6.067692153463267e-81;0.08137136344958289;1.0331539562599574e-89
4.0088753620073205e-81;0.07559226280297782;6.74605181930769e-90
3.2070573740090387e-81;0.08137136344958289;5.083253398569199e-90
2.118876990796331e-81;0.07559226280297782;3.3191462540159244e-90
1.6950789097491113e-81;0.08137136344958289;2.501027553299488e-90
1.1199249906033642e-81;0.07559226280297782;1.633063627530591e-90
8.959280035219401e-82;0.08137136344958289;1.230538462655409e-90
5.919324198742514e-82;0.07559226280297782;8.034887912325686e-91
4.7353959917630966e-82;0.08137136344958289;6.054411140239908e-91
3.128638012706701e-82;0.07559226280297782;3.953270569209851e-91
2.502876917638047e-82;0.08137136344958289;2.978849939884073e-91
1.6536306317928548e-82;0.07559226280297782;1.9450611338842153e-91
1.3228868030766214e-82;0.08137136344958289;1.465633363642983e-91
8.740206618016249e-83;0.07559226280297782;9.569956693612075e-92
6.992071729223395e-83;0.08137136344958289;7.211108984922675e-92
4.619605506629526e-83;0.07559226280297782;4.7085446067559155e-92
3.695634951751313e-83;0.08137136344958289;3.547960498332333e-92
2.44167626345262e-83;0.07559226280297782;2.316665897621972e-92
1.9533148722607397e-83;0.08137136344958289;1.7456432462810184e-92
1.290539412283645e-83;0.07559226280297782;1.1398301023853598e-92
1.0324177144138388e-83;0.08137136344958289;8.588794448863944e-93
6.821100731439088e-84;0.07559226280297782;5.608114073062665e-93
5.456807564270735e-84;0.08137136344958289;4.225799873026337e-93
3.605268831434396e-84;0.07559226280297782;2.7592659108287432e-93
2.884176470217607e-84;0.08137136344958289;2.0791491370749293e-93
1.905552176792157e-84;0.07559226280297782;1.3575951322444693e-93
1.5244213422190955e-84;0.08137136344958289;1.022968731149017e-93
1.0071729094977515e-84;0.07559226280297782;6.679546671673669e-94
8.05727545664963e-85;0.08137136344958289;5.033140750936497e-94
5.323377034649449e-85;0.07559226280297782;3.286424846360789e-94
4.2586446401901565e-85;0.08137136344958289;2.4763714713238267e-94
2.813652232481577e-85;0.07559226280297782;1.6169642644433054e-94
2.2508916654267758e-85;0.08137136344958289;1.218407345919245e-94
1.487146004090973e-85;0.07559226280297782;7.95567692771651e-95
1.1897008831573921e-85;0.08137136344958289;5.994724449786937e-95
7.860257966327129e-86;0.07559226280297782;3.914297722590138e-95
6.288122227851059e-86;0.08137136344958289;2.949483302873584e-95
4.154511737734506e-86;0.07559226280297782;1.9258859805751466e-95
3.3235649155320955e-86;0.08137136344958289;1.4511845918521339e-95
2.1958525856167126e-86;0.07559226280297782;9.475612416424901e-96
1.7566585615704225e-86;0.08137136344958289;7.140019126662964e-96
1.1606101708570341e-86;0.07559226280297782;4.662125981076612e-96
9.284757121840754e-87;0.08137136344958289;3.512983352727572e-96
6.13436428984364e-87;0.07559226280297782;2.293827323050238e-96
4.907425762608377e-87;0.08137136344958289;1.7284340304433992e-96
3.2422966974967244e-87;0.07559226280297782;1.1285932232051726e-96
2.59380264873723e-87;0.08137136344958289;8.504122842697931e-97
1.7137045303949722e-87;0.07559226280297782;5.552827149041433e-97
1.3709452788584464e-87;0.08137136344958289;4.1841403287543725e-97
9.057725098889463e-88;0.07559226280297782;2.732064016791115e-97
7.246083114840213e-88;0.08137136344958289;2.0586520931716261e-97
4.7874287843624453e-88;0.07559226280297782;1.3442114424781484e-97
3.829891777364928e-88;0.08137136344958289;1.0128839158656025e-97
2.530378667393228e-88;0.07559226280297782;6.613697157109248e-98
2.024275845841021e-88;0.08137136344958289;4.983522132866319e-98
1.337422756305587e-88;0.07559226280297782;3.254026018802165e-98
1.069923887738339e-88;0.08137136344958289;2.4519584583929612e-98
7.068900999417339e-89;0.07559226280297782;1.6010236150077443e-98
5.6550451259152354e-89;0.08137136344958289;1.2063958223512198e-98
3.7362427926376624e-89;0.07559226280297782;7.877246835155992e-99
2.9889542370848195e-89;0.08137136344958289;5.9356261734563e-99
1.9747780039199194e-89;0.07559226280297782;3.875709085132705e-99
1.5798012628487018e-89;0.08137136344958289;2.9204061733531374e-99
1.0437619772597377e-89;0.07559226280297782;1.9068998632290176e-99
8.349984081832331e-90;0.08137136344958289;1.4368782615554837e-99
5.516767267058032e-90;0.07559226280297782;9.382198221047192e-100
4.413354755846318e-90;0.08137136344958289;7.069630099295975e-100
2.915867960508135e-90;0.07559226280297782;4.616164967884794e-100
2.332663153613711e-90;0.08137136344958289;3.4783510251429575e-100
1.5411717680909085e-90;0.07559226280297782;2.271213899843235e-100
1.2329209160036404e-90;0.08137136344958289;1.7113944696085254e-100
8.145809244210569e-91;0.07559226280297782;1.1174671214587858e-100
6.516560193289632e-91;0.08137136344958289;8.420285961467242e-101
4.3054388626169184e-91;0.07559226280297782;5.498085264569633e-101
3.4443049997410846e-91;0.08137136344958289;4.142891480133197e-101
2.2756245873185194e-91;0.07559226280297782;2.7051302893829916e-101
1.8204753089609286e-91;0.08137136344958289;2.0383571169321053e-101
1.2027733821450744e-91;0.07559226280297782;1.3309596942218593e-101
9.622058298511649e-92;0.08137136344958289;1.0028985205314058e-101
6.357216462058773e-92;0.07559226280297782;6.5484968121339266e-102
5.085705114715411e-92;0.08137136344958289;4.9343926740271435e-102
3.360084430318428e-92;0.07559226280297782;3.2219465912226162e-102
2.6880315740596958e-92;0.08137136344958289;2.427786118239686e-102
1.7759608228303162e-92;0.07559226280297782;1.5852401145642829e-102
1.4207496463440118e-92;0.08137136344958289;1.1945027129563462e-102
9.386778545708245e-93;0.07559226280297782;7.799589936312992e-103
7.509322349729981e-93;0.08137136344958289;5.877110510437481e-103
4.961348827827566e-93;0.07559226280297782;3.8375008691573234e-103
3.969025950297529e-93;0.08137136344958289;2.8916156972476483e-103
2.6223034954457515e-93;0.07559226280297782;1.8881009182573284e-103
2.097814724214321e-93;0.08137136344958289;1.4227129685105424e-103
1.3860093012726175e-93;0.07559226280297782;9.289704938378275e-104
1.1087926035859012e-93;0.08137136344958289;6.999934993763887e-104
7.325703476163308e-94;0.07559226280297782;4.570657055862315e-104
5.860484358203968e-94;0.08137136344958289;3.44406011623118e-104
3.8719748396634686e-94;0.07559226280297782;2.2488234083730697e-104
3.0975384216740553e-94;0.08137136344958289;1.694522891252784e-104
2.046518700595668e-94;0.07559226280297782;1.1064507050600752e-104
1.637193052194659e-94;0.08137136344958289;8.337275576135596e-105
1.0816802704874511e-94;0.07559226280297782;5.443883046439909e-105
8.653326368445308e-95;0.08137136344958289;4.102049278368696e-105
5.7171830739746065e-95;0.07559226280297782;2.67846208491564e-105
4.5736852558990644e-95;0.08137136344958289;2.0182622162963846e-105
3.021797031262476e-95;0.07559226280297782;1.317838586745956e-105
2.4174052762309927e-95;0.08137136344958289;9.930115650267086e-106
1.597160206345926e-95;0.07559226280297782;6.483939236986741e-106
1.2777110672432381e-95;0.08137136344958289;4.885747552100987e-106
8.441734167927265e-96;0.07559226280297782;3.190183414855534e-106
6.753296964343411e-96;0.08137136344958289;2.4038520782201285e-106
4.461848941565472e-96;0.07559226280297782;1.569612213878328e-106
3.5694313885071693e-96;0.08137136344958289;1.182726850362609e-106
2.3582945851322675e-96;0.07559226280297782;7.722698608749409e-107
1.8866104222175126e-96;0.08137136344958289;5.819171717106633e-107
1.2464683190984195e-96;0.07559226280297782;3.7996693243241544e-107
9.971613116531536e-97;0.08137136344958289;2.863109048618614e-107
6.588164516473665e-97;0.07559226280297782;1.8694873004435356e-107
5.270461085914647e-97;0.08137136344958289;1.408687322318376e-107
3.482151213238783e-97;0.07559226280297782;9.198123489710019e-108
2.7856836936532226e-97;0.08137136344958289;6.930926969121023e-108
1.8404787921644797e-97;0.07559226280297782;4.525597778165307e-108
1.4723633311370485e-97;0.08137136344958289;3.4101072601569275e-108
9.727786006330843e-98;0.07559226280297782;2.2266536508937948e-108
7.782124667693335e-98;0.08137136344958289;1.6778176393409226e-108
5.141587123298371e-98;0.07559226280297782;1.0955428926891136e-108
4.113214657196876e-98;0.08137136344958289;8.2550835387917e-109
2.717567813402055e-98;0.07559226280297782;5.39021517441592e-109
2.174025158760909e-98;0.08137136344958289;4.061609714581299e-109
1.4363609218978238e-98;0.07559226280297782;2.652056785762793e-109
1.1490733610646008e-98;0.08137136344958289;1.9983654188429722e-109
7.591835198299525e-99;0.07559226280297782;1.3048468321438775e-109
6.073386886933953e-99;0.08137136344958289;9.832220788941861e-110
4.012637826569862e-99;0.07559226280297782;6.420018094997917e-110
3.2100673053813378e-99;0.08137136344958289;4.8375819923101307e-110
2.120865628224621e-99;0.07559226280297782;3.1587333719760263e-110
1.6966697984030942e-99;0.08137136344958289;2.380153989080813e-110
1.1209760779306921e-99;0.07559226280297782;1.55413837898821e-110
8.967688621317618e-100;0.08137136344958289;1.1710670787063995e-110
5.924879683890049e-100;0.07559226280297782;7.646565305172047e-111
4.739840320408848e-100;0.08137136344958289;5.761804106462695e-111
3.1315743448669275e-100;0.07559226280297782;3.762210737265668e-111
2.5052259519323664e-100;0.08137136344958289;2.8348834293866766e-111
1.6551826198418238e-100;0.07559226280297782;1.8510571827619493e-111
1.3241283769015364e-100;0.08137136344958289;1.3947999462871368e-111
8.74840959633313e-101;0.07559226280297782;9.10744488583565e-112
6.998634024062812e-101;0.08137136344958289;6.862599251862348e-112
4.623941162004675e-101;0.07559226280297782;4.48098271198576e-112
3.699103429637608e-101;0.08137136344958289;3.376489124266614e-112
2.443967858871496e-101;0.07559226280297782;2.2047024513256665e-112
1.955148124063977e-101;0.08137136344958289;1.6612770741635305e-112
1.2917506269927106e-101;0.07559226280297782;1.084742613686044e-112
1.033386673214861e-101;0.08137136344958289;8.173701781849488e-113
6.827502564238071e-102;0.07559226280297782;5.337076380710292e-113
5.461928961977375e-102;0.08137136344958289;4.021568819412533e-113
3.608652497672878e-102;0.07559226280297782;2.625911800103751e-113
2.8868833669857514e-102;0.08137136344958289;1.9786647715952744e-113
1.907340601696858e-102;0.07559226280297782;1.2919831552057413e-113
1.5258520629975052e-102;0.08137136344958289;9.73529101243654e-114
1.0081181751990114e-102;0.07559226280297782;6.356727111967091e-114
8.06483748106764e-103;0.08137136344958289;4.789891266948461e-114
5.328373203309545e-103;0.07559226280297782;3.1275933755949562e-114
4.2626415216335175e-103;0.08137136344958289;2.3566895247281276e-114
2.81629293987706e-103;0.07559226280297782;1.538817091054653e-114
2.253004203074002e-103;0.08137136344958289;1.1595222535190504e-114
1.488541740708962e-103;0.07559226280297782;7.571182552691834e-115
1.1908174575102199e-103;0.08137136344958289;5.705002047569238e-115
7.867635083194117e-104;0.07559226280297782;3.725121431222086e-115
6.294023842371533e-104;0.08137136344958289;2.8069360690570416e-115
4.158410886941295e-104;0.07559226280297782;1.8328087561983934e-115
3.3266841931565575e-104;0.08137136344958289;1.381049477296926e-115
2.1979134672335976e-104;0.07559226280297782;9.017660226167345e-116
1.7583072448018923e-104;0.08137136344958289;6.794945135258629e-116
1.1616994425964745e-104;0.07559226280297782;4.436807478117381e-116
9.29347117914814e-105;0.08137136344958289;3.343202408761208e-116
6.140121597360085e-105;0.07559226280297782;2.182967655041589e-116
4.912031546988733e-105;0.08137136344958289;1.6448995721760642e-116
3.2453397021611195e-105;0.07559226280297782;1.0740488079459773e-116
2.596237019892932e-105;0.08137136344958289;8.093122317256203e-117
1.7153128998213126e-105;0.07559226280297782;5.284461449467503e-117
1.372231957181692e-105;0.08137136344958289;3.9819226626353246e-117
9.066226078995941e-106;0.07559226280297782;2.6000245616689696e-117
7.252883807921162e-106;0.08137136344958289;1.9591583408298704e-117
4.791921947536724e-106;0.07559226280297782;1.2792462932931612e-117
3.8334862598043855e-106;0.08137136344958289;9.63931680657747e-118
2.532753513006061e-106;0.07559226280297782;6.294060075547285e-118
2.0261756969082214e-106;0.08137136344958289;4.7426706949173385e-118
1.3386779726122362e-106;0.07559226280297782;3.0967603691558734e-118
1.0709280473463888e-106;0.08137136344958289;2.3334563819999607e-118
7.075535401114728e-107;0.07559226280297782;1.5236468462116745e-118
5.660352576250925e-107;0.08137136344958289;1.1480912416145009e-118
3.7397493823504703e-107;0.07559226280297782;7.496542952090228e-119
2.991759471316511e-107;0.08137136344958289;5.64875996500176e-119
1.9766313995951856e-107;0.07559226280297782;3.68839776568056e-119
1.581283959548045e-107;0.08137136344958289;2.779264224447487e-119
1.0447415830335632e-107;0.07559226280297782;1.8147402295726364e-119
8.357820823154695e-108;0.08137136344958289;1.3674345656660015e-119
5.521944938965412e-108;0.07559226280297782;8.92876069786277e-120
4.417496837944489e-108;0.08137136344958289;6.727957978698099e-120
2.9186046008074142e-108;0.07559226280297782;4.3930677405257764e-120
2.334852436556999e-108;0.08137136344958289;3.3102438463723606e-120
1.5426182097082228e-108;0.07559226280297782;2.16144712865558e-120
1.2340780538131227e-108;0.08137136344958289;1.6286835258395092e-120
8.153454360570371e-109;0.07559226280297782;1.0634604258149448e-120
6.522676204535384e-109;0.08137136344958289;8.013337235708378e-121
4.309479662014247e-109;0.07559226280297782;5.232365216251924e-121
3.447537596001596e-109;0.08137136344958289;3.942667352768329e-121
2.2777603376460483e-109;0.07559226280297782;2.5743925294881676e-121
1.8221838863594298e-109;0.08137136344958289;1.939844211886718e-121
1.2039022254785347e-109;0.07559226280297782;1.2666349962153327e-121
9.63108892433501e-110;0.08137136344958289;9.54428875098535e-122
6.363182923845422e-110;0.07559226280297782;6.232010834635193e-122
5.0904782202728777e-110;0.08137136344958289;4.6959156412662136e-122
3.3632379827376474e-110;0.07559226280297782;3.066231326235028e-122
2.690554382235829e-110;0.08137136344958289;2.3104522804396544e-122
1.7776276218841564e-110;0.07559226280297782;1.5086261554189655e-122
1.4220830677437552e-110;0.08137136344958289;1.136772920978071e-122
9.395588353558428e-111;0.07559226280297782;7.422639177093036e-123
7.516370101699844e-111;0.08137136344958289;5.5930723383004165e-123
4.9660052208209715e-111;0.07559226280297782;3.652036136017785e-123
3.972751014844888e-111;0.08137136344958289;2.7518651794191295e-123
2.6247646156061164e-111;0.07559226280297782;1.796849829362592e-123
2.0997835939959615e-111;0.08137136344958289;1.3539538750182958e-123
1.3873101176883169e-111;0.07559226280297782;8.840737574959887e-124
1.109833242793027e-111;0.08137136344958289;6.661631207034689e-124
7.332578895635297e-112;0.07559226280297782;4.34975920592281e-124
5.865984620179178e-112;0.08137136344958289;3.27761020204169e-124
3.8756088184744124e-112;0.07559226280297782;2.1401387598133836e-124
3.100445565820534e-112;0.08137136344958289;1.6126273434625782e-124
2.0484394273312855e-112;0.07559226280297782;1.052976427986861e-124
1.6387296130214878e-112;0.08137136344958289;7.934338705875476e-125
1.0826954638567117e-112;0.07559226280297782;5.180782567540866e-125
8.661447806721463e-113;0.08137136344958289;3.903799036693846e-125
5.722548842867604e-113;0.07559226280297782;2.549013187640907e-125
4.5779778135721233e-113;0.08137136344958289;1.920720488981228e-125
3.0246330895627833e-113;0.07559226280297782;1.254148026106296e-125
2.419674092510819e-113;0.08137136344958289;9.450197518150576e-126
1.5986591949984625e-113;0.07559226280297782;6.17057329876747e-126
1.278910242118372e-113;0.08137136344958289;4.6496215167376314e-126
8.449657019795938e-114;0.07559226280297782;3.036003250244315e-126
6.759635161023068e-114;0.08137136344958289;2.287674962072162e-126
4.466036537090423e-114;0.07559226280297782;1.493753544315754e-126
3.5727814200983e-114;0.08137136344958289;1.1255661806563302e-126
2.360507924037407e-114;0.07559226280297782;7.349463973651269e-127
1.888381069647507e-114;0.08137136344958289;5.537933701428137e-127
1.2476381716020377e-114;0.07559226280297782;3.6160329731462112e-127
9.980971811326065e-115;0.08137136344958289;2.7247362446098338e-127
6.594347730788652e-115;0.07559226280297782;1.7791357995302254e-127
5.275407591174421e-115;0.08137136344958289;1.3406060821522496e-127
3.4854193294454833e-115;0.07559226280297782;8.753582217520516e-128
2.788298151632918e-115;0.08137136344958289;6.595958309942608e-128
1.8422061435057691e-115;0.07559226280297782;4.3068776233452297e-128
1.4737451937185297e-115;0.08137136344958289;3.2452982726032477e-128
9.736915861169347e-116;0.07559226280297782;2.1190404569851574e-128
7.789428453827704e-116;0.08137136344958289;1.5967294490454805e-128
5.146412676003232e-116;0.07559226280297782;1.0425957854015235e-128
4.117075047702523e-116;0.08137136344958289;7.856118973631154e-129
2.720118342333711e-116;0.07559226280297782;5.1297084402227284e-129
2.1760655546024503e-116;0.08137136344958289;3.865313899279728e-129
1.4377089950055222e-116;0.07559226280297782;2.523884045009671e-129
1.1501518051194431e-116;0.08137136344958289;1.901785295018178e-129
7.598960391357136e-117;0.07559226280297782;1.2417841573034519e-129
6.079086965103796e-117;0.08137136344958289;9.357033872517678e-130
4.0164038223321266e-117;0.07559226280297782;6.109741437522865e-130
3.213080061675612e-117;0.08137136344958289;4.603783777316796e-130
2.1228561320561255e-117;0.07559226280297782;3.006073174137137e-130
1.6982621801596585e-117;0.08137136344958289;2.265122191182409e-130
1.1220281517388823e-117;0.07559226280297782;1.4790275530760742e-130
8.976105099157078e-118;0.08137136344958289;1.1144699206480443e-130
5.930440383047527e-118;0.07559226280297782;7.27701015922908e-131
4.744288820206729e-118;0.08137136344958289;5.48333864223414e-131
3.134513432873797e-118;0.07559226280297782;3.580384743163709e-131
2.5075771908744937e-118;0.08137136344958289;2.6978747571701864e-131
1.656736064483854e-118;0.07559226280297782;1.7615964013491941e-131
1.3253711159853084e-118;0.08137136344958289;1.327389876910923e-131
8.756620273421436e-119;0.07559226280297782;8.667286070782289e-132
7.00520247783696e-119;0.08137136344958289;6.53093284127736e-132
4.628280886538426e-119;0.07559226280297782;4.264418783737382e-132
3.702575162807231e-119;0.08137136344958289;3.213304886469121e-132
2.446261605029865e-119;0.07559226280297782;2.098150149260136e-132
1.9569830964357842e-119;0.08137136344958289;1.5809882821252332e-132
1.2929629784675766e-119;0.07559226280297782;1.0323174791435893e-132
1.0343565414163556e-119;0.08137136344958289;7.778670361292255e-133
6.833910405372774e-120;0.07559226280297782;5.079137821099995e-133
5.467055166288263e-120;0.08137136344958289;3.827208163004811e-133
3.612039339596094e-120;0.07559226280297782;2.499002635035308e-133
2.8895928042676857e-120;0.08137136344958289;1.8830367714074665e-133
1.9091307050985705e-120;0.07559226280297782;1.2295421762272466e-133
1.5272841265555547e-120;0.08137136344958289;9.264788669578789e-134
1.0090643280639716e-120;0.07559226280297782;6.049509279930294e-134
8.072406602700266e-121;0.08137136344958289;4.558397923785499e-134
5.333374061042219e-121;0.07559226280297782;2.9764381601171657e-134
4.266642154284743e-121;0.08137136344958289;2.242791754095854e-134
2.81893612566538e-121;0.07559226280297782;1.4644467362654789e-134
2.2551187234089684e-121;0.08137136344958289;1.103483051796216e-134
1.4899387872727816e-121;0.07559226280297782;7.205270622098836e-135
1.191935079805687e-121;0.08137136344958289;5.429281801922698e-135
7.875019123733774e-122;0.07559226280297782;3.5450879470067045e-135
6.299930995756025e-122;0.08137136344958289;2.6712780805021895e-135
4.1623136956309496e-122;0.07559226280297782;1.7442299132341772e-135
3.329806398328147e-122;0.08137136344958289;1.3143039620534065e-135
2.1999762830572958e-122;0.07559226280297782;8.581840664318925e-136
1.7599574753781083e-122;0.08137136344958289;6.466548418442975e-136
1.1627897366541348e-122;0.07559226280297782;4.222378519538095e-136
9.302193414891838e-123;0.08137136344958289;3.181626903318132e-136
6.14588430830359e-123;0.07559226280297782;2.077465786143401e-136
4.916641654052857e-123;0.08137136344958289;1.565402297622495e-136
3.2483855627878915e-123;0.07559226280297782;1.0221405003425777e-136
2.5986736757879744e-123;0.08137136344958289;7.701985266865094e-137
1.716922778756542e-123;0.07559226280297782;5.029065746397127e-137
1.3735198430958858e-123;0.08137136344958289;3.7894780875882147e-137
9.074735037558601e-124;0.07559226280297782;2.47436651547495e-137
7.259690883681643e-124;0.08137136344958289;1.8644730778816728e-137
4.7964193276959965e-124;0.07559226280297782;1.2174208812620645e-137
3.8370841157866856e-124;0.08137136344958289;9.173452854976115e-138
2.535130587491501e-124;0.07559226280297782;5.989870913882822e-138
2.028077331049643e-124;0.08137136344958289;4.513459501280607e-138
1.3399343669816756e-124;0.07559226280297782;2.9470952993499855e-138
1.0719331493920534e-124;0.08137136344958289;2.2206814589612103e-138
7.082176029421616e-125;0.07559226280297782;1.4500096626991696e-138
5.665665007807527e-125;0.08137136344958289;1.0926044956811707e-138
3.743259263115839e-125;0.07559226280297782;7.134238320643002e-139
2.994567338355017e-125;0.08137136344958289;5.3757578745270946e-139
1.9784865347447213e-125;0.07559226280297782;3.5101391201067304e-139
1.5827680478081814e-125;0.08137136344958289;2.6449436040004108e-139
1.0457221082004039e-125;0.07559226280297782;1.727034630571908e-139
8.365664919522766e-126;0.08137136344958289;1.3013470531274804e-139
5.527127470292291e-126;0.07559226280297782;8.497237611208859e-140
4.4216428075262314e-126;0.08137136344958289;6.40279872176554e-140
2.9213438095357934e-126;0.07559226280297782;4.1807527042716137e-140
2.3370437742160722e-126;0.08137136344958289;3.1502612137875623e-140
1.544066008859713e-126;0.07559226280297782;2.0569853373545764e-140
1.2352362776354144e-126;0.08137136344958289;1.5499699656899045e-140
8.161106652129416e-127;0.07559226280297782;1.0120638500738327e-140
6.528797955863719e-127;0.08137136344958289;7.626056163299365e-141
4.313524253837922e-127;0.07559226280297782;4.979487301273401e-141
3.450773226162592e-127;0.08137136344958289;3.7521199696221457e-141
2.2798980924471984e-127;0.07559226280297782;2.4499732681622965e-141
1.8238940673153707e-127;0.08137136344958289;1.846092392315443e-141
1.2050321282694914e-127;0.07559226280297782;1.2054190826382594e-141
9.640128025704926e-128;0.08137136344958289;9.083017463613158e-142
6.369154985357431e-128;0.07559226280297782;5.9308204855572724e-142
5.095255805550698e-128;0.08137136344958289;4.468964098856673e-142
3.3663944948720395e-128;0.07559226280297782;2.91804171167759e-142
2.69307955815242e-128;0.08137136344958289;2.1987891355352806e-142
1.7792959852850527e-128;0.07559226280297782;1.4357149153015033e-142
1.4234177406043978e-128;0.08137136344958289;1.081833184514704e-142
9.404406429710024e-129;0.07559226280297782;7.063906282662997e-143
7.523424468222333e-129;0.08137136344958289;5.322761606388898e-143
4.9706659839960474e-129;0.07559226280297782;3.4755348320503396e-143
3.976479575490798e-129;0.08137136344958289;2.6188687427957773e-143
2.6272280456106538e-129;0.07559226280297782;1.710008865553839e-143
2.101754311628212e-129;0.08137136344958289;1.2885178783435525e-143
1.3886121549640373e-129;0.07559226280297782;8.413468607211979e-144
1.1108748586751054e-129;0.08137136344958289;6.339677493872927e-144
7.339460767920055e-130;0.07559226280297782;4.1395372521425535e-144
5.871490044335545e-130;0.08137136344958289;3.1192047391679906e-144
3.8792462078968815e-130;0.07559226280297782;2.036706792628578e-144
3.1033554384197324e-130;0.08137136344958289;1.5346897715619146e-144
2.0503619567336426e-130;0.07559226280297782;1.0020865392604806e-144
1.6402676159624171e-130;0.08137136344958289;7.550875597749324e-145
1.0837116100191475e-130;0.07559226280297782;4.930397619340472e-145
8.669576867241008e-131;0.08137136344958289;3.715130142208416e-145
5.727919647715454e-131;0.07559226280297782;2.4258204987702524e-145
4.582274399955156e-131;0.08137136344958289;1.8278929105466287e-145
3.0274718095993315e-131;0.07559226280297782;1.193535602315403e-145
2.4219450381511463e-131;0.08137136344958289;8.993473618774739e-146
1.600159590502339e-131;0.07559226280297782;5.872352198839709e-146
1.2801105424595218e-131;0.08137136344958289;4.424907349053041e-146
8.457587307527975e-132;0.07559226280297782;2.8892745453356523e-146
6.765979306313817e-132;0.08137136344958289;2.1771126349699726e-146
4.4702280628148384e-132;0.07559226280297782;1.4215610909669178e-146
3.576134595806933e-132;0.08137136344958289;1.0711680610352772e-146
2.3627233402356648e-132;0.07559226280297782;6.994267604694827e-147
1.8901533788897615e-132;0.08137136344958289;5.270287795642236e-147
1.2488091220516338e-132;0.07559226280297782;3.441271686242425e-147
9.990339289570883e-133;0.08137136344958289;2.593050937501835e-147
6.600536748258574e-133;0.07559226280297782;1.693150947010484e-147
5.2803587388960106e-133;0.08137136344958289;1.2758151784498083e-147
3.488690512889325e-133;0.07559226280297782;8.33052542995451e-148
2.790915063369497e-133;0.08137136344958289;6.277178539080533e-148
1.8439351160244723e-133;0.07559226280297782;4.098728117634815e-148
1.4751283532245907e-133;0.08137136344958289;3.0884544311010746e-148
9.746054284684146e-134;0.07559226280297782;2.016628161518255e-148
7.796739094811394e-134;0.08137136344958289;1.5195602154061153e-148
5.151242757651861e-134;0.07559226280297782;9.922075885763434e-149
4.1209390613146915e-134;0.08137136344958289;7.476436190842128e-149
2.7226712650226866e-134;0.07559226280297782;4.8817918821846715e-149
2.1781078654242187e-134;0.08137136344958289;3.6785049745985224e-149
1.4390583333252466e-134;0.07559226280297782;2.401905836575901e-149
1.1512312613303586e-134;0.08137136344958289;1.8098728461991884e-149
7.606092271648443e-135;0.07559226280297782;1.181769273866626e-149
6.084792392989036e-135;0.08137136344958289;8.904812531255762e-150
4.0201733526082756e-135;0.07559226280297782;5.814460314756482e-150
3.216095645543151e-135;0.08137136344958289;4.3812849274651457e-150
2.124848504042524e-135;0.07559226280297782;2.8607909766736407e-150
1.6998560564201463e-135;0.08137136344958289;2.1556498296013305e-150
1.1230812129537796e-135;0.07559226280297782;1.407546800422197e-150
8.98452947614452e-136;0.08137136344958289;1.0606080784042371e-150
5.936006301108466e-136;0.07559226280297782;6.925315451331468e-151
4.748741495071511e-136;0.08137136344958289;5.218331291703179e-151
3.1374552793137612e-136;0.07559226280297782;3.4073463195727994e-151
2.5099306365335676e-136;0.08137136344958289;2.567487653963526e-151
1.6582909670860107e-136;0.07559226280297782;1.6764592202473836e-151
1.3266150214215738e-136;0.08137136344958289;1.263237706608622e-151
8.764838656506782e-137;0.07559226280297782;8.24839993812204e-152
7.011777096326233e-137;0.08137136344958289;6.2152957227831805e-152
4.632624684049855e-137;0.07559226280297782;4.0583212951145914e-152
3.706050154315375e-137;0.08137136344958289;3.058007271280358e-152
2.448557503946267e-137;0.07559226280297782;1.9967474731990755e-152
1.9588197909909715e-137;0.08137136344958289;1.5045798121760203e-152
1.2941764677751437e-137;0.07559226280297782;9.824260283498124e-153
1.035327319871828e-137;0.08137136344958289;7.402730635953697e-153
6.840324260482228e-138;0.07559226280297782;4.833665318894134e-153
5.472186181714564e-138;0.08137136344958289;3.642240871837272e-153
3.6154293601845456e-138;0.07559226280297782;2.378226934227822e-153
2.8923047844477816e-138;0.08137136344958289;1.7920304305078685e-153
1.910922488572625e-138;0.07559226280297782;1.1701189423641466e-153
1.528717534153498e-138;0.08137136344958289;8.81702549849841e-154
1.0100113689252674e-138;0.07559226280297782;5.757139150910953e-154
8.079982828208528e-139;0.08137136344958289;4.3380925523200566e-154
5.338379612248327e-139;0.07559226280297782;2.8325882098776314e-154
4.2706465416644776e-139;0.08137136344958289;2.1343986127407398e-154
2.821581792172603e-139;0.07559226280297782;1.3936706680901031e-154
2.2572352282925004e-139;0.08137136344958289;1.0501522001030611e-154
1.4913371450118625e-139;0.07559226280297782;6.8570430545519595e-155
1.1930537510273271e-139;0.08137136344958289;5.166886994764232e-155
7.882410094444212e-140;0.07559226280297782;3.3737554020860935e-155
6.305843693202955e-140;0.08137136344958289;2.5421763830084694e-155
4.166220167238018e-140;0.07559226280297782;1.6599320468826832e-155
3.332931533794458e-140;0.08137136344958289;1.2507842282741676e-155
2.202041034903136e-140;0.07559226280297782;8.167084070660238e-156
