# ["m", "w0", "wp"] [calculated @ 2025-10-14T10:31:50.870]
0.2759878599380152;0.6919325423528576;0.8240447348719203
0.0;0.0;0.0
0.0031282963971282895;0.009309303207596781;0.005513351971102949
0.0070200748643129175;0.037215267262076725;0.011153655586750522
0.0068837987434015695;0.058435603395699746;0.009912292052764941
0.005231023996498889;0.06863141372058837;0.006958412383419571
0.0037499279012027232;0.07516750340661318;0.004667722300765556
0.0024482419776642598;0.07541709159622298;0.0029059367917090356
0.001600455515559827;0.07551960966532109;0.0018119643221487865
0.001047326119909902;0.0755619951876722;0.0011312120224221864
0.000685860543817589;0.07557960938585474;0.000706815195725503
0.000496517750215303;0.08136553919831263;0.00047566574662365863
0.00029772055235235907;0.075589991024503;0.00027777003173894306
0.00021550330533374714;0.08137031354883359;0.00018690539204976414
0.00012921128384375648;0.07559185224418885;0.00010913761126643567
9.352565205470537e-5;0.0813711730015622;7.34335168636008e-5
5.607500202220578e-5;0.07559218815653193;4.2878334287139235e-5
4.058775933417928e-5;0.08137132870772647;2.8850456782783388e-5
2.4334986871544107e-5;0.07559224915791796;1.6845867902029042e-5
1.761389530800918e-5;0.08137135708042459;1.1334607831310858e-5
1.056064900100834e-5;0.07559226029698998;6.618296586887729e-6
7.643889398956346e-6;0.08137136227690839;4.453062144027752e-6
4.582994125145916e-6;0.07559226234087232;2.6001484606156637e-6
3.3172095601624526e-6;0.08137136323287474;1.7494860077038322e-6
1.988876019599063e-6;0.07559226271746959;1.0215267503704032e-6
1.4395649228555829e-6;0.08137136340940951;6.873247765485578e-7
8.631097493076106e-7;0.07559226278710875;4.013296325971235e-7
6.24725947048799e-7;0.0813713634421158;2.700308959834971e-7
3.74562501955835e-7;0.07559226280002553;1.5767130790546209e-7
2.711114195792836e-7;0.08137136344819187;1.0608766505052677e-7
1.6254834780482736e-7;0.07559226280242748;6.19446920307658e-8
1.1765383026167914e-7;0.08137136344932329;4.167890643399706e-8
7.054087089713253e-8;0.07559226280287504;2.4336354375532055e-8
5.1058062066241205e-8;0.08137136344953441;1.63744882881348e-8
3.061251938337545e-8;0.07559226280295868;9.561079767770242e-9
2.215759308671459e-8;0.08137136344957377;6.433083037350253e-9
1.328487059757889e-8;0.07559226280297429;3.756283491393453e-9
9.615698503355989e-9;0.0813713634495812;2.5273801903424017e-9
5.76521600515229e-9;0.07559226280297715;1.4757397702369847e-9
4.17291071816117e-9;0.08137136344958258;9.929376921269317e-10
2.5019224188905796e-9;0.07559226280297769;5.797772915713242e-10
1.8109120053858316e-9;0.08137136344958285;3.900977241545705e-10
1.0857556393640302e-9;0.07559226280297782;2.2777844344675994e-10
7.858788535428913e-10;0.08137136344958287;1.5325859375719054e-10
4.711837982995176e-10;0.07559226280297782;8.94878430940968e-11
3.410467049754941e-10;0.08137136344958289;6.021105765475533e-11
2.0447894878829068e-10;0.07559226280297782;3.515729557362242e-11
1.4800354335748576e-10;0.08137136344958289;2.3655257268165487e-11
8.873743250157541e-11;0.07559226280297782;1.3812327901870562e-11
6.422888280919205e-11;0.08137136344958289;9.29349555077539e-12
3.850925473563503e-11;0.07559226280297782;5.42648116004958e-12
2.7873315012127612e-11;0.08137136344958289;3.651157058792634e-12
1.671180536203961e-11;0.07559226280297782;2.1319141848907334e-12
1.2096142043652833e-11;0.08137136344958289;1.434438505418497e-12
7.252397907358533e-12;0.07559226280297782;8.375700491137553e-13
5.249345199038995e-12;0.08137136344958289;5.63551168217199e-13
3.1473125893465217e-12;0.07559226280297782;3.290580794218663e-13
2.2780507139573597e-12;0.08137136344958289;2.2140364888371535e-13
1.3658346744886102e-12;0.07559226280297782;1.2927780756651538e-13
9.886023605975868e-13;0.08137136344958289;8.69833628312704e-14
5.927292904905666e-13;0.07559226280297782;5.078967080391428e-14
4.2902233097406515e-13;0.08137136344958289;3.417335462890329e-14
2.572258695489578e-13;0.07559226280297782;1.995385525889846e-14
1.8618219803072306e-13;0.08137136344958289;1.3425764750646728e-14
1.1162793711519886e-13;0.07559226280297782;7.839317195621279e-15
8.079721814211761e-14;0.08137136344958289;5.274611202122202e-15
4.844301378568417e-14;0.07559226280297782;3.0798506502224663e-15
3.506345143925991e-14;0.08137136344958289;2.0722486838012607e-15
2.102274435312902e-14;0.07559226280297782;1.2099880373476865e-15
1.5216435108827832e-14;0.08137136344958289;8.141291259132641e-16
9.123209841820883e-15;0.07559226280297782;4.753707944957498e-16
6.603454249855082e-15;0.08137136344958289;3.1984878979122617e-16
3.959186128118854e-15;0.07559226280297782;1.8676002182208888e-16
2.8656914525683654e-15;0.08137136344958289;1.256597326820259e-16
1.7181622552660874e-15;0.07559226280297782;7.337284106396434e-17
1.243619958675965e-15;0.08137136344958289;4.936822936871186e-17
7.456283791395505e-16;0.07559226280297782;2.8826157510980956e-17
5.396919477255943e-16;0.08137136344958289;1.939541027967159e-17
3.2357926503988556e-16;0.07559226280297782;1.1324999070480138e-17
2.3420933091967025e-16;0.08137136344958289;7.619919626998074e-18
1.4042322381100834e-16;0.07559226280297782;4.4492785379917095e-18
1.0163948326635025e-16;0.08137136344958289;2.993655420775848e-18
6.093926254219649e-17;0.07559226280297782;1.7479983340779508e-18
4.4108338972173196e-17;0.08137136344958289;1.1761243185016717e-18
2.6445723281390904e-17;0.07559226280297782;6.86740142216061e-19
1.9141631818274322e-17;0.08137136344958289;4.620666770701785e-19
1.14766121331322e-17;0.07559226280297782;2.6980118558276876e-19
8.306866166452706e-18;0.08137136344958289;1.8153320248549299e-19
4.980488703329948e-18;0.07559226280297782;1.0599741484016185e-19
3.604918648653517e-18;0.08137136344958289;7.131936848073956e-20
2.1613754508951365e-18;0.07559226280297782;4.1643449151377396e-20
1.5644213116002757e-18;0.08137136344958289;2.801940499506141e-20
9.379689660994073e-19;0.07559226280297782;1.6360558036612464e-20
6.789096450493461e-19;0.08137136344958289;1.1008048346492188e-20
4.070490302835743e-19;0.07559226280297782;6.427610217788862e-21
2.9462543288262043e-19;0.08137136344958289;4.3247573751144064e-21
1.7664647663538837e-19;0.07559226280297782;2.5252300697426703e-21
1.278581713107969e-19;0.08137136344958289;1.6990774172577562e-21
7.665901497408875e-20;0.07559226280297782;9.920929690920503e-22
5.548642495318482e-20;0.08137136344958289;6.675204686503192e-22
3.326760141911758e-20;0.07559226280297782;3.89765855838308e-22
2.407936327042885e-20;0.08137136344958289;2.6225030804440584e-22
1.4437092683167845e-20;0.07559226280297782;1.5312821188159569e-22
1.0449686315138938e-20;0.08137136344958289;1.0303088414418937e-22
6.265244148999655e-21;0.07559226280297782;6.015983422565917e-23
4.534835197195701e-21;0.08137136344958289;4.0477981386149114e-23
2.7189189061825183e-21;0.07559226280297782;2.3635133001208825e-23
1.967975845928682e-21;0.08137136344958289;1.5902678024236337e-23
1.1799252898352074e-21;0.07559226280297782;9.285589283531801e-24
8.540396203490914e-22;0.08137136344958289;6.2477218399301226e-24
5.120504647736776e-22;0.07559226280297782;3.648050905320942e-24
3.7062633397404635e-22;0.08137136344958289;2.4545569073114834e-24
2.2221379669856745e-22;0.07559226280297782;1.4332181837307246e-24
1.6084017200383917e-22;0.08137136344958289;9.643274405599825e-25
9.643379869798065e-23;0.07559226280297782;5.630717376175661e-25
6.97995759039511e-23;0.08137136344958289;3.7885754852411677e-25
4.184923559871204e-23;0.07559226280297782;2.2121529387686914e-25
3.0290820605782076e-23;0.08137136344958289;1.4884263999617605e-25
1.8161252007520312e-23;0.07559226280297782;8.690936336475601e-26
1.3145263435901991e-23;0.08137136344958289;5.847615170223022e-26
7.88141216349507e-24;0.07559226280297782;3.414428228760442e-26
5.704630886304778e-24;0.08137136344958289;2.2973660760048944e-26
3.420284992750858e-24;0.07559226280297782;1.3414343032783004e-26
2.4756303825834612e-24;0.08137136344958289;9.02571515658892e-27
1.4842961120369818e-24;0.07559226280297782;5.270123925448548e-27
1.0743457225048054e-24;0.08137136344958289;3.5459535569334954e-27
6.44137828536966e-25;0.07559226280297782;2.0704857570518727e-27
4.662322532412449e-25;0.08137136344958289;1.3931069626931711e-27
2.795355581595557e-25;0.07559226280297782;8.134365208100503e-28
2.0233013396805886e-25;0.08137136344958289;5.473131495784524e-28
1.2130964028778521e-25;0.07559226280297782;3.1957668442487167e-28
8.780491445397748e-26;0.08137136344958289;2.150241810021459e-28
5.264456845362089e-26;0.07559226280297782;1.2555283001836492e-28
3.8104571232515446e-26;0.08137136344958289;8.44770465523343e-29
2.284608693169978e-26;0.07559226280297782;4.9326230272365806e-29
1.653618544978916e-26;0.08137136344958289;3.318869236448353e-29
9.914483173142746e-27;0.07559226280297782;1.9378909997700303e-29
7.176184389039457e-27;0.08137136344958289;1.303891821291295e-29
4.3025738667806386e-27;0.07559226280297782;7.613437123115404e-30
3.11423831946382e-27;0.08137136344958289;5.1226299094860164e-30
1.8671817336128133e-27;0.07559226280297782;2.9911086245052136e-30
1.351481481611566e-27;0.08137136344958289;2.0125394423881583e-30
8.102981457808173e-28;0.07559226280297782;1.1751237527694338e-30
5.865004562186071e-28;0.08137136344958289;7.906710183508904e-31
3.516439097684433e-28;0.07559226280297782;4.616735825003156e-31
2.545227513842466e-28;0.08137136344958289;3.1063274890066072e-31
1.5260239693388746e-28;0.07559226280297782;1.8137876651404546e-31
1.1045486885019698e-28;0.08137136344958289;1.220390054144597e-31
6.622464061812554e-29;0.07559226280297782;7.125869486399331e-32
4.793393905402104e-29;0.08137136344958289;4.7945745885645267e-32
2.8739411130612326e-29;0.07559226280297782;2.7995568011134806e-32
2.0801821931007664e-29;0.08137136344958289;1.8836555908693921e-32
1.2472000518615136e-29;0.07559226280297782;1.0998683455569476e-32
9.027336459073097e-30;0.08137136344958289;7.40036121969232e-33
5.412455955670175e-30;0.07559226280297782;4.321078168790964e-33
3.91758009541631e-30;0.08137136344958289;2.9073970022645858e-33
2.3488356521750993e-30;0.07559226280297782;1.6976319589729622e-33
1.700106545666291e-30;0.08137136344958289;1.142235774421906e-33
1.01932079745593e-30;0.07559226280297782;6.669525881159284e-34
7.377927690614867e-31;0.08137136344958289;4.4875280649769365e-34
4.42353166414189e-31;0.07559226280297782;2.6202720350743584e-34
3.2017885671164437e-31;0.08137136344958289;1.7630255140754585e-34
1.9196736133024858e-31;0.07559226280297782;1.0294323254952763e-34
1.3894755354620785e-31;0.08137136344958289;6.926439051244158e-35
8.330779705913303e-32;0.07559226280297782;4.0443545501737936e-35
6.029886806005992e-32;0.08137136344958289;2.721206105503169e-35
3.6152963726506785e-32;0.07559226280297782;1.5889149118803836e-35
2.6167812217833367e-32;0.08137136344958289;1.0690865268348249e-35
1.568924917414826e-32;0.07559226280297782;6.242406707610132e-36
1.1356007472408068e-32;0.08137136344958289;4.200144926723266e-36
6.80864068325434e-33;0.07559226280297782;2.4524687390025326e-36
4.928150073833937e-33;0.08137136344958289;1.650120636886933e-36
2.954735911139148e-33;0.07559226280297782;9.63507057054171e-37
2.138662131848649e-33;0.08137136344958289;6.482867052886179e-37
1.2822624530690237e-33;0.07559226280297782;3.785352425616516e-37
9.281121000126276e-34;0.08137136344958289;2.546938950153677e-37
5.564615749082978e-34;0.07559226280297782;1.48716014908391e-37
4.027714604201035e-34;0.08137136344958289;1.0006217870721157e-37
2.414868216785844e-34;0.07559226280297782;5.84264042115729e-38
1.7479014585278608e-34;0.08137136344958289;3.9311659225400124e-38
1.047976853640513e-34;0.07559226280297782;2.2954116348510936e-38
7.585342579976236e-35;0.08137136344958289;1.5444462343518813e-38
4.547889935079084e-35;0.07559226280297782;9.01803669849349e-39
3.291800105485368e-35;0.08137136344958289;6.067701587274938e-39
1.9736411915724052e-35;0.07559226280297782;3.5429369033694385e-39
1.4285377120709357e-35;0.08137136344958289;2.3838319349244798e-39
8.56498202171993e-36;0.07559226280297782;1.3919218030410072e-39
6.199404366651135e-36;0.08137136344958289;9.365415573309229e-40
3.7169328115786085e-36;0.07559226280297782;5.468475331689811e-40
2.6903465114363485e-36;0.08137136344958289;3.679412444131128e-40
1.6130319352398767e-36;0.07559226280297782;2.1484125320809476e-40
1.1675257691744396e-36;0.08137136344958289;1.4455392639072594e-40
7.000051268074085e-37;0.07559226280297782;8.440517928744454e-41
5.066694627966759e-37;0.08137136344958289;5.679123488399745e-41
3.0378020847044575e-37;0.07559226280297782;3.316045770616094e-41
2.1987861108384413e-37;0.08137136344958289;2.2311703598639032e-41
1.3183105597987581e-37;0.07559226280297782;1.302782559749461e-41
9.542040158745757e-38;0.08137136344958289;8.765650517907577e-42
5.72105319443809e-38;0.07559226280297782;5.118271928050082e-42
4.140945312611496e-38;0.08137136344958289;3.443781361759406e-42
2.482757147798823e-38;0.07559226280297782;2.0108273121574044e-42
1.797040024645319e-38;0.08137136344958289;1.3529663364257019e-42
1.0774385144572243e-38;0.07559226280297782;7.899983697932593e-43
7.798588501862282e-39;0.08137136344958289;5.315430090387571e-43
4.675744276740905e-39;0.07559226280297782;3.1036848390845568e-43
3.3843421285723545e-39;0.08137136344958289;2.088285294698403e-43
2.0291259545783852e-39;0.07559226280297782;1.2193518301669658e-43
1.4686980394586163e-39;0.08137136344958289;8.20429466270267e-44
8.805768442096064e-40;0.07559226280297782;4.790495694047579e-44
6.373687556285934e-40;0.08137136344958289;3.223240190568537e-44
3.821426544806418e-40;0.07559226280297782;1.882053106161004e-44
2.7659799341822954e-40;0.08137136344958289;1.2663218171973683e-44
1.6583789289234447e-40;0.07559226280297782;7.394065501011794e-45
1.200348295823474e-40;0.08137136344958289;4.9750277667864264e-45
7.196842958122555e-41;0.07559226280297782;2.9049235887276654e-45
5.209134070281208e-41;0.08137136344958289;1.954550647723558e-45
3.1232034886924944e-41;0.07559226280297782;1.1412640387337264e-45
2.260600348797015e-41;0.08137136344958289;7.678888266756848e-46
1.3553720830842735e-41;0.07559226280297782;4.483710384538184e-46
9.810294509669474e-42;0.08137136344958289;3.016822566455991e-46
5.881888548905486e-42;0.07559226280297782;1.761525653145199e-46
4.2573592637755e-42;0.08137136344958289;1.1852260485256393e-46
2.55255463304348e-42;0.07559226280297782;6.920546512970678e-47
1.8475600179984507e-42;0.08137136344958289;4.65642494763602e-47
1.1077284277826279e-42;0.07559226280297782;2.7188910903838503e-47
8.017829383464593e-43;0.08137136344958289;1.8293804224045495e-47
4.807192973788434e-43;0.07559226280297782;1.0681770214987656e-47
3.479485775622703e-43;0.08137136344958289;7.187129111951172e-48
2.086170554772082e-43;0.07559226280297782;4.196571732105988e-48
1.509987389820109e-43;0.08137136344958289;2.823624011672795e-48
9.053324065266845e-44;0.07559226280297782;1.6487168276659523e-48
6.552870350526723e-44;0.08137136344958289;1.1093236861485395e-48
3.9288578991421173e-44;0.07559226280297782;6.477351875181123e-49
2.8437396312248573e-44;0.08137136344958289;4.3582255837282735e-49
1.7050007577737613e-44;0.07559226280297782;2.544772189552321e-49
1.2340935586416534e-44;0.08137136344958289;1.712226149665061e-49
7.399167031833508e-45;0.07559226280297782;9.997705268308922e-50
5.355577897350735e-45;0.08137136344958289;6.726862415159525e-50
3.211005773185498e-45;0.07559226280297782;3.9278215567718973e-50
2.324152363793374e-45;0.08137136344958289;2.6427979715960706e-50
1.3934755129964445e-45;0.07559226280297782;1.5431323256493168e-50
1.008609026637143e-45;0.08137136344958289;1.0382821421964068e-50
6.047245450432049e-46;0.07559226280297782;6.062539603812663e-51
4.377045947854935e-46;0.08137136344958289;4.079123029419086e-51
2.6243143275000927e-46;0.07559226280297782;2.3818039345609255e-51
1.899500274502874e-46;0.08137136344958289;1.6025744846134104e-51
1.1388698781906097e-46;0.07559226280297782;9.357448121447707e-52
8.243233760442297e-47;0.08137136344958289;6.2960713864511274e-52
4.942337073948889e-47;0.07559226280297782;3.676282252918807e-52
3.577304185811673e-47;0.08137136344958289;2.4735521053083026e-52
2.1448188436889535e-47;0.07559226280297782;1.4443094984570267e-52
1.5524375032571086e-47;0.08137136344958289;9.717901278631934e-53
9.307839193103979e-48;0.07559226280297782;5.674292080476061e-53
6.73709049143199e-48;0.08137136344958289;3.8178943171874505e-53
4.039309459612637e-48;0.07559226280297782;2.2292722334756087e-53
2.923685378285154e-48;0.08137136344958289;1.4999449571753874e-53
1.752933261095058e-48;0.07559226280297782;8.758193304931858e-54
1.268787498411874e-48;0.08137136344958289;5.892868391949813e-54
7.60717902051513e-49;0.07559226280297782;3.4408516292764584e-54
5.506138684014202e-49;0.08137136344958289;2.315144813729369e-54
3.3012764338794373e-49;0.07559226280297782;1.3518153256594032e-54
2.389491009766871e-49;0.08137136344958289;9.095562894056979e-55
1.4326501405444452e-49;0.07559226280297782;5.3109080878093724e-55
1.0369639439582945e-49;0.08137136344958289;3.573394798854116e-55
6.217251012784992e-50;0.07559226280297782;2.086508725102705e-55
4.50009737083903e-50;0.08137136344958289;1.4038878667774367e-55
2.6980913945456633e-50;0.07559226280297782;8.19731501270518e-56
1.9529007218641366e-50;0.08137136344958289;5.5154866826271635e-56
1.170886804851788e-50;0.07559226280297782;3.220498079355702e-56
8.474974906479393e-51;0.08137136344958289;2.1668819900884756e-56
5.0812804656933775e-51;0.07559226280297782;1.2652445176327358e-56
3.6778725544683514e-51;0.08137136344958289;8.513079314939562e-57
2.2051159056579654e-51;0.07559226280297782;4.970795355108445e-57
1.5960810121773848e-51;0.08137136344958289;3.3445531299788295e-57
9.569509477415211e-52;0.07559226280297782;1.952887850373591e-57
6.926489593387855e-52;0.08137136344958289;1.3139823118552282e-57
4.1528661329489185e-52;0.07559226280297782;7.672355596408535e-58
3.0058786315527115e-52;0.08137136344958289;5.162272652787362e-58
1.8022132857380743e-52;0.07559226280297782;3.0142560611701508e-58
1.3044567851874719e-52;0.08137136344958289;2.0281139784971796e-58
7.821038827910553e-53;0.07559226280297782;1.1842177396670798e-58
5.660932169914843e-53;0.08137136344958289;7.967898223188034e-59
3.3940848639695606e-53;0.07559226280297782;4.652463581338211e-59
2.4566665140824262e-53;0.08137136344958289;3.130366575458783e-59
1.4729260801924524e-53;0.07559226280297782;1.827824111279024e-59
1.0661160000270236e-53;0.08137136344958289;1.229834345553273e-59
6.392035923267241e-54;0.07559226280297782;7.18101479649194e-60
4.626608125271508e-54;0.08137136344958289;4.831678594321747e-60
2.7739425483592737e-54;0.07559226280297782;2.8212218664383437e-60
2.007802410271093e-54;0.08137136344958289;1.8982327272966612e-60
1.203803819936111e-54;0.07559226280297782;1.1083799498029329e-60
8.713230966484411e-55;0.08137136344958289;7.45763075220848e-61
5.224129958098476e-55;0.07559226280297782;4.354517904953293e-61
3.781268190880002e-55;0.08137136344958289;2.929896615758521e-61
2.2671080924589845e-55;0.07559226280297782;1.7107695053424747e-61
1.640951466380081e-55;0.08137136344958289;1.1510752495343246e-61
9.838536070346635e-56;0.07559226280297782;6.721139662970635e-62
7.121213251970556e-56;0.08137136344958289;4.522255914983834e-62
4.269615212855711e-56;0.07559226280297782;2.6405496607278965e-62
3.0903825749283397e-56;0.08137136344958289;1.776669124705773e-62
1.852878714425104e-56;0.07559226280297782;1.037398843113533e-62
1.3411288387941407e-56;0.08137136344958289;6.9800410194036e-63
8.040910853119675e-57;0.07559226280297782;4.075652791913903e-63
5.82007734847205e-57;0.08137136344958289;2.742264834518664e-63
3.4895024074945204e-57;0.07559226280297782;1.6012111243908193e-63
2.5257305161414788e-57;0.08137136344958289;1.0773599183347197e-63
1.5143342930093373e-57;0.07559226280297782;6.290715121660148e-64
1.0960876047193896e-57;0.08137136344958289;4.2326487909689095e-64
6.571734543179825e-58;0.07559226280297782;2.471447777190479e-64
4.756675462966101e-58;0.08137136344958289;1.6628905050952987e-64
2.8519260975196435e-58;0.07559226280297782;9.709633956159542e-65
2.0642475439521365e-58;0.08137136344958289;6.533036329014936e-65
1.23764622753282e-58;0.07559226280297782;3.814646315115732e-65
8.958185093534494e-59;0.08137136344958289;2.5666490695238475e-65
5.370995362952833e-59;0.07559226280297782;1.4986689071007588e-65
3.887570577721588e-59;0.08137136344958289;1.0083653471862646e-65
2.3308430589544973e-59;0.07559226280297782;5.8878551445534e-66
1.6870833588462486e-59;0.08137136344958289;3.961588225984899e-66
1.0115125779013008e-59;0.07559226280297782;2.3131752476474917e-66
7.3214111558691e-60;0.08137136344958289;1.556398314961448e-66
4.389646447116321e-60;0.07559226280297782;9.087825014307313e-67
3.1772621685950545e-60;0.08137136344958289;6.114658002378845e-67
1.9049684948713662e-60;0.07559226280297782;3.570354800167543e-67
1.3788318499081768e-60;0.08137136344958289;2.402279810164258e-67
8.266964116976662e-61;0.07559226280297782;1.4026935354730813e-67
5.9836965583544456e-61;0.08137136344958289;9.437892166786285e-68
3.587602414180328e-61;0.07559226280297782;5.5107944856506665e-68
2.5967361070784173e-61;0.08137136344958289;3.7078864907829087e-68
1.5569066104691823e-61;0.07559226280297782;2.1650385558264795e-68
1.126901797917898e-61;0.08137136344958289;1.456725928371343e-68
6.756485011108611e-62;0.07559226280297782;8.505836972183453e-69
4.890399369766389e-62;0.08137136344958289;5.72307279541691e-69
2.9321019898283065e-62;0.07559226280297782;3.3417078140552736e-69
2.122279513618623e-62;0.08137136344958289;2.2484368256052395e-69
1.2724400431023003e-62;0.07559226280297782;1.312864466017565e-69
9.210025589669715e-63;0.08137136344958289;8.833485680605422e-70
5.521989579172173e-63;0.07559226280297782;5.157880946030183e-70
3.996861432156006e-63;0.08137136344958289;3.4704319187823536e-70
2.3963697997230073e-63;0.07559226280297782;2.0263885985215804e-70
1.7345121522544053e-63;0.08137136344958289;1.363436602308264e-70
1.0399491224475295e-63;0.07559226280297782;7.961119683033148e-71
7.527237201954557e-64;0.08137136344958289;5.356564865753507e-71
4.513052106583854e-64;0.07559226280297782;3.127703474734241e-71
3.266584198954539e-64;0.08137136344958289;2.104446008890231e-71
1.9585226697249945e-64;0.07559226280297782;1.2287880870216399e-71
1.4175948017273442e-64;0.08137136344958289;8.267785633752521e-72
8.499372391980259e-65;0.07559226280297782;4.827568134266947e-72
6.151915577524532e-65;0.08137136344958289;3.2481840349865627e-72
3.688460295825918e-65;0.07559226280297782;1.896617841362522e-72
2.6697378705729883e-65;0.08137136344958289;1.2761215629574704e-72
1.600675758920886e-65;0.07559226280297782;7.451286312545961e-73
1.1585822672227936e-65;0.08137136344958289;5.013528254262712e-73
6.946429349114716e-66;0.07559226280297782;2.927404061096894e-73
5.027882642407198e-66;0.08137136344958289;1.9696764231487393e-73
3.014531858392898e-66;0.07559226280297782;1.1500959938282778e-73
2.1819429298203075e-66;0.08137136344958289;7.738313249973994e-74
1.308212013474788e-66;0.07559226280297782;4.518408690477234e-74
9.468946050645044e-67;0.08137136344958289;3.0401689968444705e-74
5.677228679587254e-67;0.07559226280297782;1.775157656729348e-74
4.1092247686519497e-67;0.08137136344958289;1.1943982145469983e-74
2.4637386867223666e-67;0.07559226280297782;6.97410288025983e-75
1.7832743062415464e-67;0.08137136344958289;4.692459848099808e-75
1.0691851005187534e-67;0.07559226280297782;2.739931904080118e-75
7.738849613584185e-68;0.08137136344958289;1.8435375369662754e-75
4.639927056112017e-68;0.07559226280297782;1.0764433745658216e-75
3.3584173299674096e-68;0.08137136344958289;7.242748494864469e-76
2.0135824073488092e-68;0.07559226280297782;4.229047944298002e-76
1.4574474922509375e-68;0.08137136344958289;2.845475327081507e-76
8.738314335876783e-69;0.07559226280297782;1.6614758321481518e-76
6.32486371992715e-69;0.08137136344958289;1.1179084628950808e-76
3.7921535842740723e-69;0.07559226280297782;6.527478470737993e-77
2.744791924810078e-69;0.08137136344958289;4.3919527943833304e-77
1.6456753847456717e-69;0.07559226280297782;2.5644655409076505e-77
1.1911533661612854e-69;0.08137136344958289;1.7254766368024067e-77
7.141713571910223e-70;0.07559226280297782;1.0075074992563297e-77
5.1692309675369453e-70;0.08137136344958289;6.778919909973634e-78
3.099279069006007e-70;0.07559226280297782;3.9582179790120187e-78
2.243283657238549e-70;0.08137136344958289;2.663249919801685e-78
1.3449896374112837e-70;0.07559226280297782;1.5550742382501977e-78
9.735145514752222e-71;0.08137136344958289;1.0463171463182638e-78
5.8368320001719176e-71;0.07559226280297782;6.109456071626037e-79
4.224746963567891e-71;0.08137136344958289;4.110690335667469e-79
2.533001508011855e-71;0.07559226280297782;2.4002361156164238e-79
1.8334073054305457e-71;0.08137136344958289;1.6149764051185746e-79
1.0992429865038687e-71;0.07559226280297782;9.42986305682052e-80
7.956411062231583e-72;0.08137136344958289;6.344795097941186e-80
4.770368827479944e-72;0.07559226280297782;3.7047320758087855e-80
3.452832155936845e-72;0.08137136344958289;2.492694302360581e-80
2.0701900334673874e-72;0.07559226280297782;1.4554866460758708e-80
1.4984205571862e-72;0.08137136344958289;9.7931056702479e-81
8.983973628998657e-73;0.07559226280297782;5.718203998443559e-81
6.50267393489621e-73;0.08137136344958289;3.847440040193457e-81
3.898761991011913e-73;0.07559226280297782;2.246524010094655e-81
2.8219559656190753e-73;0.08137136344958289;1.5115526536036144e-81
1.6919400802218724e-73;0.07559226280297782;8.825970758135727e-82
1.22464013290868e-73;0.08137136344958289;5.938471816967514e-82
7.342487799103127e-74;0.07559226280297782;3.467479513837252e-82
5.3145530029614515e-74;0.08137136344958289;2.3330611366294815e-82
3.1864087688559536e-74;0.07559226280297782;1.3622766841594026e-82
2.3063488499435633e-74;0.08137136344958289;9.165951165581868e-83
1.3828011867425021e-74;0.07559226280297782;5.3520078685357206e-83
1.0008828615825119e-74;0.08137136344958289;3.60104840163792e-83
6.00092223177944e-75;0.07559226280297782;2.1026556908696634e-83
4.3435168215515665e-75;0.08137136344958289;1.414752201564435e-83
2.604211507562914e-75;0.07559226280297782;8.26075197000074e-84
1.8849496882454228e-75;0.08137136344958289;5.558169645598297e-84
1.1301458866118462e-75;0.07559226280297782;3.245420703265339e-84
8.180088792535913e-76;0.08137136344958289;2.183650944320034e-84
4.904477694367215e-76;0.07559226280297782;1.2750359264427066e-84
3.5499012557760854e-76;0.08137136344958289;8.578959892679753e-85
2.1283890637038618e-76;0.07559226280297782;5.009263089016222e-85
1.5405454934987245e-76;0.08137136344958289;3.3704357846956883e-85
9.236539115463715e-77;0.07559226280297782;1.9680007578286685e-85
6.68548290935596e-77;0.08137136344958289;1.3241508901854599e-85
4.0083674684470865e-77;0.07559226280297782;7.731730024934378e-86
2.9012893108260353e-77;0.08137136344958289;5.2022221812994834e-86
1.739505410116835e-77;0.07559226280297782;3.037582630020314e-86
1.2590683095358153e-77;0.08137136344958289;2.0438090420204246e-86
7.54890637059785e-78;0.07559226280297782;1.1933821026400136e-86
5.463960461171778e-78;0.08137136344958289;8.029559781702778e-87
3.2759879366069533e-78;0.07559226280297782;4.688467825785449e-87
2.371186987642889e-78;0.08137136344958289;3.15459169434942e-87
1.4216757281021028e-78;0.07559226280297782;1.8419691819407323e-87
1.0290205740546608e-78;0.08137136344958289;1.2393517239556556e-87
6.169625514457846e-79;0.07559226280297782;7.236586862257097e-88
4.4656256438062707e-79;0.08137136344958289;4.869069738638968e-88
2.6774234261890443e-79;0.07559226280297782;2.8430545922498003e-88
1.937941076536811e-79;0.08137136344958289;1.9129226725131034e-88
1.1619175566340345e-79;0.07559226280297782;1.1169574232114707e-88
8.410054750867043e-80;0.08137136344958289;7.515343479219774e-89
5.042356749436634e-80;0.07559226280297782;4.3882164228156826e-89
3.649699248801577e-80;0.08137136344958289;2.952570348097241e-89
2.1882242370314136e-80;0.07559226280297782;1.724008719876107e-89
1.5838546836249233e-80;0.08137136344958289;1.1599831311193932e-89
9.496204948344251e-81;0.07559226280297782;6.773152870846205e-90
6.873431172895496e-81;0.08137136344958289;4.557252515079567e-90
4.121054272906445e-81;0.07559226280297782;2.660984209821686e-90
2.9828529458526763e-81;0.08137136344958289;1.7904183198041196e-90
1.7884079390263881e-81;0.07559226280297782;1.04542701160615e-90
1.2944643617976133e-81;0.08137136344958289;7.034057799700914e-91
7.76112796524001e-82;0.07559226280297782;4.107193242867827e-91
5.617568195220239e-82;0.08137136344958289;2.7634865317366954e-91
3.36808543388723e-82;0.07559226280297782;1.6136024941944346e-91
2.4378479129488706e-82;0.08137136344958289;1.0856973355286939e-91
1.4616431452708984e-82;0.07559226280297782;6.339397382365351e-92
1.0579493190177757e-82;0.08137136344958289;4.265404194437435e-92
6.343071534416831e-83;0.07559226280297782;2.4905736893771915e-92
4.591167298276202e-83;0.08137136344958289;1.6757591960990504e-92
2.752693543626346e-83;0.07559226280297782;9.784774369048105e-93
1.9924222060401584e-83;0.08137136344958289;6.58359385254204e-93
1.1945824202057985e-83;0.07559226280297782;3.844166902651355e-93
8.646485717504592e-84;0.08137136344958289;2.5865117205460017e-93
5.184111983583926e-84;0.07559226280297782;1.5102667284986898e-93
3.7523028520945887e-84;0.08137136344958289;1.0161688327627776e-93
2.249741550165166e-84;0.07559226280297782;5.933419773311538e-94
1.6283814203651627e-84;0.08137136344958289;3.9922459599776643e-94
9.76317073891699e-85;0.07559226280297782;2.3310763285715156e-94
7.066663205797173e-85;0.08137136344958289;1.568442889714046e-94
4.236909029405938e-85;0.07559226280297782;9.158153404328746e-95
3.0667095705973515e-85;0.08137136344958289;6.161977801358463e-95
1.8386852594829136e-85;0.07559226280297782;3.597984877166801e-95
1.330855499477913e-85;0.08137136344958289;2.420870448866468e-95
7.97931572279656e-86;0.07559226280297782;1.4135486276307726e-95
5.775494287010721e-86;0.08137136344958289;9.510929638375028e-96
3.462772058224574e-86;0.07559226280297782;5.5534411368906e-96
2.5063828696938863e-86;0.08137136344958289;3.736580890913679e-96
1.5027341621492292e-86;0.07559226280297782;2.181793244184353e-96
1.0876913346833858e-86;0.08137136344958289;1.467999163615589e-96
6.521393623720571e-87;0.07559226280297782;8.571661503256259e-97
4.720238291805029e-87;0.08137136344958289;5.767362215057299e-97
2.830079721797118e-87;0.07559226280297782;3.367568449588483e-97
2.0484349576902767e-87;0.08137136344958289;2.2658369121782927e-97
1.228165587581538e-87;0.07559226280297782;1.3230243936202636e-97
8.889563442533279e-88;0.08137136344958289;8.901845802550587e-98
5.329852367415526e-88;0.07559226280297782;5.197796488229268e-98
3.8577909394754954e-88;0.08137136344958289;3.497288717757105e-98
2.3129882929209564e-88;0.07559226280297782;2.0420703097635383e-98
1.6741599324767378e-88;0.08137136344958289;1.3739878949427167e-98
1.0037641710109151e-88;0.07559226280297782;8.02272878413207e-99
7.265327550101995e-89;0.08137136344958289;5.398017972790752e-99
4.3560207982412864e-89;0.07559226280297782;3.151907984558782e-99
3.152923647633921e-89;0.08137136344958289;2.120731786780904e-99
1.8903760208536374e-89;0.07559226280297782;1.2382973686926344e-99
1.3682696973062983e-89;0.08137136344958289;8.331767945444119e-100
8.203637369365226e-90;0.07559226280297782;4.864927468768583e-100
5.9378601380709575e-90;0.08137136344958289;3.273320913537178e-100
3.5601205974700735e-90;0.07559226280297782;1.9112952893832458e-100
2.576844542322646e-90;0.08137136344958289;1.2859971464830288e-100
1.544980366375141e-90;0.07559226280297782;7.508949941535858e-101
1.1182694844434664e-90;0.08137136344958289;5.052326687319486e-101
6.704728862783213e-91;0.07559226280297782;2.9500585041825636e-101
4.8529378443229197e-91;0.08137136344958289;1.9849192531421786e-101
2.9096414492896617e-91;0.07559226280297782;1.1589962971999552e-101
2.106022389816201e-91;0.08137136344958289;7.798198108176623e-102
1.2626928749375387e-91;0.07559226280297782;4.5533755178710016e-102
9.139474785558418e-92;0.08137136344958289;3.063696099380504e-102
5.47968993501681e-92;0.07559226280297782;1.7888951549575228e-102
3.9662446021358665e-92;0.08137136344958289;1.203641361652198e-102
2.378013084568158e-92;0.07559226280297782;7.028073706793168e-103
1.7212254109863208e-92;0.08137136344958289;4.728773613586876e-103
1.0319828854257995e-92;0.07559226280297782;2.761135547336777e-103
7.469576923797453e-93;0.08137136344958289;1.857804209873687e-103
4.478481143450728e-93;0.07559226280297782;1.0847736988582961e-103
3.2415614517656512e-93;0.08137136344958289;7.298798302180528e-104
1.9435199590512827e-93;0.07559226280297782;4.261775481720612e-104
1.4067357164629107e-93;0.08137136344958289;2.8674957443193235e-104
8.434265346309478e-94;0.07559226280297782;1.6743335753540956e-104
6.104790562876815e-94;0.08137136344958289;1.1265596750677376e-104
3.660205885751864e-94;0.07559226280297782;6.5779929833990396e-105
2.6492870963920194e-94;0.08137136344958289;4.4259410114311756e-105
1.5884142336065598e-94;0.07559226280297782;2.5843112941515307e-105
1.149707274446082e-94;0.08137136344958289;1.7388296661240416e-105
6.893218185745976e-95;0.07559226280297782;1.0153043461636672e-105
4.9893679651193376e-95;0.08137136344958289;6.831380264635175e-106
2.991439887088576e-95;0.07559226280297782;3.9888496315118805e-106
2.1652287712411577e-95;0.08137136344958289;2.683860140485898e-106
1.2981908242174843e-95;0.07559226280297782;1.5671085663064444e-106
9.39641185934932e-96;0.08137136344958289;1.0544143313142919e-106
5.633739870075383e-96;0.07559226280297782;6.15673561417309e-107
4.07774721097528e-96;0.08137136344958289;4.142501933352183e-107
2.44486591120442e-96;0.07559226280297782;2.4188109386810008e-107
1.7696140362421407e-96;0.08137136344958289;1.627474300964475e-107
1.0609949095305754e-96;0.07559226280297782;9.502838393148494e-108
7.679568338215418e-97;0.08137136344958289;6.393895869968758e-108
4.604384203202505e-97;0.07559226280297782;3.733402064716164e-108
3.3326911209722615e-97;0.08137136344958289;2.511984636056994e-108
1.99815792708003e-97;0.07559226280297782;1.466750290826408e-108
1.4462831266878692e-97;0.08137136344958289;9.86889204971868e-109
8.67137694281842e-98;0.07559226280297782;5.762455739689831e-109
6.27641388480013e-98;0.08137136344958289;3.8772144101119805e-109
3.763104861001881e-98;0.07559226280297782;2.263909293870004e-109
2.7237662202093516e-98;0.08137136344958289;1.5232501790723787e-109
1.6330691524860983e-98;0.07559226280297782;8.894272723987704e-110
1.1820288716651111e-98;0.08137136344958289;5.984428155411259e-110
7.087006488816348e-99;0.07559226280297782;3.4943134648933686e-110
5.1296335312599215e-99;0.08137136344958289;2.3511161094422747e-110
3.07553791559066e-99;0.07559226280297782;1.3728190004792966e-110
2.2260996153130378e-99;0.08137136344958289;9.236884154220569e-111
1.3346867235358685e-99;0.07559226280297782;5.393425710118668e-111
9.660572177521043e-100;0.08137136344958289;3.628916008692169e-111
5.792120594425501e-100;0.07559226280297782;2.1189276139398645e-111
4.19238448069045e-100;0.08137136344958289;1.425700612703369e-111
2.5135981641812175e-100;0.07559226280297782;8.32467984993921e-112
1.819363005726669e-100;0.08137136344958289;5.6011829212748775e-112
1.0908225455554152e-100;0.07559226280297782;3.2705361970874075e-112
7.89546321873047e-101;0.08137136344958289;2.200549669266989e-112
4.7338267621610784e-101;0.07559226280297782;1.2849031085005733e-112
3.426382708789174e-101;0.08137136344958289;8.64535030362635e-113
2.0543319264401796e-101;0.07559226280297782;5.0480285150328534e-113
1.4869423290122262e-101;0.08137136344958289;3.396518738761717e-113
8.915154432193021e-102;0.07559226280297782;1.9832306202700307e-113
6.452862034753934e-102;0.08137136344958289;1.3343981605835566e-113
3.868896624099914e-102;0.07559226280297782;7.791563937215693e-114
2.8003391676414077e-102;0.08137136344958289;5.24248086915588e-114
1.6789794503077004e-102;0.07559226280297782;3.0610897173145836e-114
1.2152591224779833e-102;0.08137136344958289;2.059625565689207e-114
7.286242741653437e-103;0.07559226280297782;1.2026173863109606e-114
5.273842368208001e-103;0.08137136344958289;8.091698523496213e-115
3.1620001829425594e-103;0.07559226280297782;4.7247506980167775e-115
2.288681714891607e-103;0.08137136344958289;3.1790042853367383e-115
1.372208628155023e-103;0.07559226280297782;1.8562237177434195e-115
9.932158806367646e-104;0.08137136344958289;1.2489427549536e-115
5.954953859081735e-104;0.07559226280297782;7.292588986249543e-116
4.3102445356661687e-104;0.08137136344958289;4.906750243609253e-116
2.584262679609549e-104;0.07559226280297782;2.8650562760301564e-116
1.8705105626512266e-104;0.08137136344958289;1.9277262995175345e-116
1.1214887227106986e-104;0.07559226280297782;1.1256012755274315e-116
8.117427528851434e-105;0.08137136344958289;7.573502830496845e-117
4.866908325887768e-105;0.07559226280297782;4.422175725024552e-117
3.5227082381593306e-105;0.08137136344958289;2.97541954674266e-117
2.112085139415705e-105;0.07559226280297782;1.7373503893581787e-117
1.5287445791279474e-105;0.08137136344958289;1.168959948557585e-117
9.165785211963997e-106;0.07559226280297782;6.825568595843744e-118
6.634270652610838e-106;0.08137136344958289;4.592519945053415e-118
3.9776624996802646e-106;0.07559226280297782;2.681576896746738e-118
2.8790648021267467e-106;0.08137136344958289;1.8042739164621207e-118
1.7261804194048294e-106;0.07559226280297782;1.0535173080737226e-118
1.2494235717656589e-106;0.08137136344958289;7.08849260226279e-119
7.491080101884357e-107;0.07559226280297782;4.1389777774317127e-119
5.4221053327125997e-107;0.08137136344958289;2.784872458327156e-119
3.2508931547373227e-107;0.07559226280297782;1.6260897576895612e-119
2.3530231783192656e-107;0.08137136344958289;1.0940992738954737e-119
1.4107853820518577e-107;0.07559226280297782;6.388456382830909e-120
1.02113805209641e-107;0.08137136344958289;4.298413083727573e-120
6.1223648378318525e-108;0.07559226280297782;2.509847612183572e-120
4.431417977718578e-108;0.08137136344958289;1.6887274746629202e-120
2.656913778976346e-108;0.07559226280297782;9.860496274676206e-121
1.9230960253544002e-108;0.08137136344958289;6.634542628016406e-121
1.1530170148132284e-108;0.07559226280297782;3.873915942582419e-121
8.345631897801446e-109;0.08137136344958289;2.606528083624207e-121
5.003731197333091e-109;0.07559226280297782;1.5219543025167888e-121
3.6217417567989387e-109;0.08137136344958289;1.0240327075497203e-121
2.1714619622694936e-109;0.07559226280297782;5.979337015261221e-122
1.5717220114149245e-109;0.08137136344958289;4.0231409464560307e-122
9.423461947948804e-110;0.07559226280297782;2.3491159414543994e-122
6.820779191472631e-110;0.08137136344958289;1.5805806743985513e-122
4.089486098647959e-110;0.07559226280297782;9.229026048056125e-123
2.9600036419254756e-110;0.08137136344958289;6.209663796350121e-123
1.7747083442805434e-110;0.07559226280297782;3.625828776376368e-123
1.2845484825496048e-110;0.08137136344958289;2.4396049558415845e-123
7.701676032840115e-111;0.07559226280297782;1.4244877246140178e-123
5.574536398026608e-111;0.08137136344958289;9.584532328569986e-124
3.342285165108085e-111;0.07559226280297782;5.596417819828648e-124
2.4191734664030907e-111;0.08137136344958289;3.7654973497835455e-124
1.450446640090904e-111;0.07559226280297782;2.19867759285761e-124
1.049845196565671e-111;0.08137136344958289;1.4793596395894699e-124
6.2944822234609025e-112;0.07559226280297782;8.637995433804388e-125
4.555997955742981e-112;0.08137136344958289;5.811994379366899e-125
2.73160731090267e-112;0.07559226280297782;3.3936292140699403e-125
1.9771598175270405e-112;0.08137136344958289;2.2833716536410477e-125
1.1854316584079982e-112;0.07559226280297782;1.3332629463450263e-125
8.580251751684675e-113;0.08137136344958289;8.970734946270538e-126
5.1444005554794154e-113;0.07559226280297782;5.2380209267611155e-126
3.7235593941197046e-113;0.08137136344958289;3.524353354738202e-126
2.2325080393718037e-113;0.07559226280297782;2.057873377821092e-126
1.615907663643413e-113;0.08137136344958289;1.3846208413746898e-126
9.688382722358279e-114;0.07559226280297782;8.084814662554934e-127
7.012531024871215e-114;0.08137136344958289;5.439791874987966e-127
4.204453382452449e-114;0.07559226280297782;3.1762998069916242e-127
3.043217906641055e-114;0.08137136344958289;2.137143596206896e-127
1.8246005295002316e-114;0.07559226280297782;1.247880240300616e-127
1.320660856180789e-114;0.08137136344958289;8.396245400139015e-128
7.918192424601534e-115;0.07559226280297782;4.902575917755088e-128
5.731252741520789e-115;0.08137136344958289;3.298652320062954e-128
3.4362464692581487e-115;0.07559226280297782;1.9260863224793104e-128
2.4871834304365164e-115;0.08137136344958289;1.2959491546634131e-128
1.4912228908207268e-115;0.07559226280297782;7.567059814834278e-129
1.0793593819065256e-115;0.08137136344958289;5.091425371682578e-129
6.471438326680368e-116;0.07559226280297782;2.972888264300257e-129
4.684080237319563e-116;0.08137136344958289;2.0002800435597156e-129
2.8084006940758683e-116;0.07559226280297782;1.1679654777788661e-129
2.0327434992868582e-116;0.08137136344958289;7.858546400221514e-130
1.2187575713993796e-116;0.07559226280297782;4.588612944739442e-130
8.82146744834054e-117;0.08137136344958289;3.087405272240363e-130
5.289024536194585e-117;0.07559226280297782;1.8027389642262114e-130
3.828239419751322e-117;0.08137136344958289;1.21295603914598e-130
2.2952702982881708e-117;0.07559226280297782;7.082462199966455e-131
1.6613355023709616e-117;0.08137136344958289;4.765368402163438e-131
9.960751186067236e-118;0.07559226280297782;2.7825032802508046e-131
7.209673556983181e-118;0.08137136344958289;1.8721812889712439e-131
4.322652729168148e-118;0.07559226280297782;1.0931684894334005e-131
3.128771565049956e-118;0.08137136344958289;7.355281864845448e-132
1.8758953283685352e-118;0.07559226280297782;4.294756289316532e-132
1.3577884530962544e-118;0.08137136344958289;2.8896865720227445e-132
8.140795718447845e-119;0.07559226280297782;1.6872908213979056e-132
5.892374834760702e-119;0.08137136344958289;1.1352778367935456e-132
3.532849297467776e-119;0.07559226280297782;6.6288984151570654e-133
2.5571053512899344e-119;0.08137136344958289;4.460192254734575e-133
1.5331454799111785e-119;0.07559226280297782;2.604310628683799e-133
1.1097032963723813e-119;0.08137136344958289;1.7522860311781075e-133
6.653369177838573e-120;0.07559226280297782;1.0231615309064446e-133
4.815763282332225e-120;0.08137136344958289;6.884246596775117e-134
2.8873529613886943e-120;0.07559226280297782;4.0197183346592405e-134
2.0898897991267072e-120;0.08137136344958289;2.704629858479573e-134
1.253020372206126e-120;0.07559226280297782;1.5792360249980011e-134
9.069464415989043e-121;0.08137136344958289;1.0625741783866244e-134
5.437714315358419e-121;0.07559226280297782;6.204381041197785e-135
3.935862303709182e-121;0.08137136344958289;4.1745597129831283e-135
2.359796985853768e-121;0.07559226280297782;2.4375295076252587e-135
1.7080404490533075e-121;0.08137136344958289;1.640068914880116e-135
1.0240776715165624e-121;0.07559226280297782;9.576378467233518e-136
7.412358335942912e-122;0.08137136344958289;6.443376620510458e-136
4.444175001432827e-122;0.07559226280297782;3.762293923450321e-136
3.216730384276029e-122;0.08137136344958289;2.5314242527897427e-136
1.9286321724124247e-122;0.07559226280297782;1.4781011020881661e-136
1.395959814159246e-122;0.08137136344958289;9.945264920901764e-137
8.369657034804088e-123;0.07559226280297782;5.807049934021719e-137
6.05802653611611e-123;0.08137136344958289;3.9072191963839118e-137
3.6321679106193796e-123;0.07559226280297782;2.281429117979926e-137
2.628992979600228e-123;0.08137136344958289;1.535038228746021e-137
1.5762466342495665e-123;0.07559226280297782;8.963103261559109e-138
1.1409002660490842e-123;0.08137136344958289;6.030740138389183e-138
6.840414631490442e-124;0.07559226280297782;3.521355077141538e-138
4.951148318656996e-124;0.08137136344958289;2.3693108051445123e-138
2.9685248053192702e-124;0.07559226280297782;1.3834429011312695e-138
2.148642646760971e-124;0.08137136344958289;9.308366075401718e-139
1.288246399454845e-124;0.07559226280297782;5.4351640739511186e-139
9.324433295773828e-125;0.08137136344958289;3.656999276142022e-139
5.5905841943264e-125;0.07559226280297782;2.1353254613264227e-139
4.0465107782535785e-125;0.08137136344958289;1.4367337508399563e-139
2.426137705261843e-125;0.07559226280297782;8.389102451647345e-140
1.756058406889325e-125;0.08137136344958289;5.644529065863769e-140
1.0528674571911023e-125;0.07559226280297782;3.295846053393603e-140
7.62074117034127e-126;0.08137136344958289;2.217579169192225e-140
4.569113616295817e-126;0.07559226280297782;1.294846650196424e-140
3.307161980347201e-126;0.08137136344958289;8.712254493250163e-141
1.982851601693163e-126;0.07559226280297782;5.087093936922643e-141
1.4352042825992201e-126;0.08137136344958289;3.4228035422431484e-141
8.604952304785485e-127;0.07559226280297782;1.9985783427828622e-141
6.228335185973862e-127;0.08137136344958289;1.3447247320276187e-141
3.734278657283565e-127;0.07559226280297782;7.851860889081579e-142
2.7029015770901745e-127;0.08137136344958289;5.283051108862894e-142
1.6205594867142183e-127;0.07559226280297782;3.0847787200397594e-142
1.1729742727862259e-127;0.08137136344958289;2.0755644894530163e-142
7.032718473906948e-128;0.07559226280297782;1.2119241395173505e-142
5.090339419978344e-128;0.08137136344958289;8.154318141369605e-143
3.051978624586838e-128;0.07559226280297782;4.761314354262471e-143
2.2090472068953773e-128;0.08137136344958289;3.2036057992200876e-143
1.3244627322271232e-128;0.07559226280297782;1.870588565810249e-143
9.586570088312533e-129;0.08137136344958289;1.2586080085259916e-143
5.7477516877956795e-129;0.07559226280297782;7.349024496581593e-144
4.160269901487962e-129;0.08137136344958289;4.9447223485217986e-144
2.4943434541949004e-129;0.07559226280297782;2.887228225302587e-144
1.8054262884206588e-129;0.08137136344958289;1.9426444880646927e-144
1.0824666070205678e-129;0.07559226280297782;1.1343120204404627e-144
7.834982248999248e-130;0.08137136344958289;7.632112262352431e-145
4.6975646170299466e-130;0.07559226280297782;4.456397829724316e-145
3.4001358701735197e-130;0.08137136344958289;2.998445569584342e-145
2.0385952959703993e-130;0.07559226280297782;1.750795306661744e-145
1.4755520265687018e-130;0.08137136344958289;1.1780062353261058e-145
8.846862405439796e-131;0.07559226280297782;6.878389952941916e-146
6.403431704627401e-131;0.08137136344958289;4.628060300789621e-146
3.8392600324101056e-131;0.07559226280297782;2.7023289452918934e-146
2.778887959049426e-131;0.08137136344958289;1.81823673809465e-146
1.666118101644521e-131;0.07559226280297782;1.061670213309011e-146
1.205949972632561e-131;0.08137136344958289;7.143348662058284e-147
7.230428533607117e-132;0.07559226280297782;4.1710082845071644e-147
5.2334435857930495e-132;0.08137136344958289;2.806423885219821e-147
3.137778572119146e-132;0.07559226280297782;1.638673656973338e-147
2.271149913946177e-132;0.08137136344958289;1.1025662327481754e-147
1.3616972108758623e-132;0.07559226280297782;6.437895038550994e-148
9.856076304367169e-133;0.08137136344958289;4.3316774205022875e-148
5.909337614141536e-133;0.07559226280297782;2.5292706910265364e-148
4.277227122745118e-133;0.08137136344958289;1.701796111469968e-148
2.564466664027818e-133;0.07559226280297782;9.936804173069774e-149
1.8561820439072863e-133;0.08137136344958289;6.685885683238354e-149
1.1128978745725854e-133;0.07559226280297782;3.9038952028444965e-149
8.055246264109031e-134;0.08137136344958289;2.6266993482973622e-149
4.829626746962246e-134;0.07559226280297782;1.5337323237279863e-149
3.4957235249865025e-134;0.08137136344958289;1.0319574388839903e-149
2.0959061067423959e-134;0.07559226280297782;6.025609599187165e-150
1.5170340623342458e-134;0.08137136344958289;4.0542750214572597e-150
9.09557329879182e-135;0.07559226280297782;2.367295158360102e-150
6.583450692918357e-135;0.08137136344958289;1.592812390343171e-150
3.9471927376688997e-135;0.07559226280297782;9.300447157331842e-151
2.857010538009786e-135;0.08137136344958289;6.257718821252575e-151
1.7129575010269723e-135;0.07559226280297782;3.6538881525125125e-151
1.2398527147896985e-135;0.08137136344958289;2.4584844444499798e-151
7.433696794997247e-136;0.07559226280297782;1.4355114765150132e-151
5.3805708236632376e-136;0.08137136344958289;9.658704611455641e-152
3.2259906043683117e-136;0.07559226280297782;5.639727088497014e-152
2.334998507735384e-136;0.08137136344958289;3.7946375858491923e-152
1.399978458426819e-136;0.07559226280297782;2.2156926052547936e-152
1.0133159119750145e-136;0.08137136344958289;1.4908080314270358e-152
6.07546618829323e-137;0.07559226280297782;8.704842705942154e-153
4.397472349811538e-137;0.08137136344958289;5.856971940760395e-153
2.6365612401330866e-137;0.07559226280297782;3.4198916562471883e-153
1.9083646905007625e-137;0.08137136344958289;2.3010420920537962e-153
1.1441846530833852e-137;0.07559226280297782;1.343580732651876e-153
8.281702537836678e-138;0.08137136344958289;9.040157205731619e-154
4.965401525380324e-138;0.07559226280297782;5.278556652096679e-154
3.593998425280698e-138;0.08137136344958289;3.5516274381316545e-154
2.1548280901869857e-138;0.07559226280297782;2.0737987418440824e-154
1.559682278119379e-138;0.08137136344958289;1.3953360735023615e-154
9.351276174796808e-139;0.07559226280297782;8.147381007961444e-155
6.768530535707363e-139;0.08137136344958289;5.481889054898149e-155
4.058159743487213e-139;0.07559226280297782;3.2008803915978815e-155
2.9373293686482777e-139;0.08137136344958289;2.153682412494534e-155
1.761113691417424e-139;0.07559226280297782;1.257537271339587e-155
1.2747085610986303e-139;0.08137136344958289;8.461221829624284e-156
7.642679515204944e-140;0.07559226280297782;4.94051571861071e-156
5.531834233781868e-140;0.08137136344958289;3.324179759966922e-156
3.316682532013122e-140;0.07559226280297782;1.9409918196570182e-156
2.4006420701895067e-140;0.08137136344958289;1.3059781789297938e-156
1.4393359025818033e-140;0.07559226280297782;7.625619385813615e-157
1.0418031534585223e-140;0.08137136344958289;5.130826630921279e-157
6.24626511722099e-141;0.07559226280297782;2.995894698184342e-157
4.5210980180416593e-141;0.08137136344958289;2.0157597072673763e-157
2.710682603319159e-141;0.07559226280297782;1.1770040685883779e-157
1.9620143422376426e-141;0.08137136344958289;7.919361712506474e-158
1.1763509934407374e-141;0.07559226280297782;4.624123065183772e-158
8.514525152484175e-142;0.08137136344958289;3.1112979244204486e-158
5.1049933255726176e-142;0.07559226280297782;1.816689907249797e-158
3.695036117299934e-142;0.08137136344958289;1.222342800584014e-158
2.2154065410285977e-142;0.07559226280297782;7.137271591996667e-159
1.6035294586178456e-142;0.08137136344958289;4.802246388596441e-159
9.6141675983127e-143;0.07559226280297782;2.8040363726707496e-159
6.9588135082538005e-143;0.08137136344958289;1.8866696286646589e-159
4.172246352831034e-143;0.07559226280297782;1.1016282451794622e-159
3.019906193952634e-143;0.08137136344958289;7.412202539582675e-160
1.8106236916201594e-143;0.07559226280297782;4.32799232707985e-160
1.3105443060740895e-143;0.08137136344958289;2.9120491289554385e-160
7.857537344197626e-144;0.07559226280297782;1.7003483403069965e-160
5.687350095915457e-144;0.08137136344958289;1.1440634661782415e-160
3.409924072086674e-144;0.07559226280297782;6.680197791236542e-161
2.4681310630699817e-144;0.08137136344958289;4.494708559787509e-161
1.479799798340445e-144;0.07559226280297782;2.624464733031393e-161
1.0710912537045819e-144;0.08137136344958289;1.7658465316538284e-161
6.421865698107423e-145;0.07559226280297782;1.0310795204239819e-161
4.6481991614151394e-145;0.08137136344958289;6.937522048150926e-162
2.7868877324337215e-145;0.07559226280297782;4.050825922929375e-162
2.0171722408760747e-145;0.08137136344958289;2.725560308092237e-162
1.2094216226724421e-145;0.07559226280297782;1.5914573350394113e-162
8.753893084310543e-146;0.08137136344958289;1.0707971724612901e-162
5.248509455062619e-146;0.07559226280297782;6.25239518418798e-163
3.798914271111459e-146;0.08137136344958289;4.2068655797004294e-163
2.2776880273573933e-146;0.07559226280297782;2.4563929348623695e-163
1.6486093101959516e-146;0.08137136344958289;1.6527609953422815e-163
9.884449660204171e-147;0.07559226280297782;9.650487649438931e-164
7.154445885586098e-147;0.08137136344958289;6.493240290124334e-164
4.289540266779477e-147;0.07559226280297782;3.791409369006002e-164
3.1048044926845644e-147;0.08137136344958289;2.55101430782267e-164
1.8615255611451473e-147;0.07559226280297782;1.489539754420828e-164
1.3473874975021238e-147;0.08137136344958289;1.0022228822508825e-164
8.078435448278082e-148;0.07559226280297782;5.8519892315973995e-165
5.8472379587911325e-148;0.08137136344958289;3.937456182143413e-165
3.5057869015695626e-148;0.07559226280297782;2.2990845235982035e-165
2.5375173667643367e-148;0.08137136344958289;1.5469175031685645e-165
1.521401251257934e-148;0.07559226280297782;9.032466461333386e-166
1.1012027271696409e-148;0.08137136344958289;6.077410518144812e-166
6.602402919278748e-149;0.07559226280297782;3.5486059576194505e-166
4.778873485591679e-149;0.08137136344958289;2.3876463050164635e-166
2.865235208164691e-149;0.07559226280297782;1.394149017475933e-166
2.0738807875993443e-149;0.08137136344958289;9.380401177176045e-167
1.2434219629545712e-149;0.07559226280297782;5.4772254404740734e-167
8.999990341115211e-150;0.08137136344958289;3.685299872929007e-167
5.396060238098713e-150;0.07559226280297782;2.151850207525911e-167
3.905712740312801e-150;0.08137136344958289;1.4478522716551031e-167
2.3417204264272538e-150;0.07559226280297782;8.454023603652399e-168
1.694956486803466e-150;0.08137136344958289;5.688210655353699e-168
1.0162330132694729e-150;0.07559226280297782;3.3213517763062596e-168
7.355578054946916e-151;0.08137136344958289;2.2347404561303864e-168
4.410131651942675e-151;0.07559226280297782;1.304867142458277e-168
3.192089528177389e-151;0.08137136344958289;8.779676437555046e-169
1.913858429465261e-151;0.07559226280297782;5.126461676278126e-169
1.3852664576167355e-151;0.08137136344958289;3.449291757201802e-169
8.3055436370516e-152;0.07559226280297782;2.0140448374565944e-169
6.011620731996525e-152;0.08137136344958289;1.3551312182084806e-169
3.604344712489633e-152;0.07559226280297782;7.91262446387884e-170
2.6088543201678656e-152;0.08137136344958289;5.3239353114418734e-170
1.564172241356591e-152;0.07559226280297782;3.1086510459935683e-170
1.1321607212566324e-152;0.08137136344958289;2.0916267605353784e-170
6.788015563973445e-153;0.07559226280297782;1.2213029153439276e-170
4.913221443019727e-153;0.08137136344958289;8.217422356701903e-171
2.9457852580725715e-153;0.07559226280297782;4.798160967439327e-171
2.1321835756106365e-153;0.08137136344958289;3.2283976980262064e-171
1.278378151154108e-153;0.07559226280297782;1.8850645798200708e-171
9.25300610368907e-154;0.08137136344958289;1.2683480590626543e-171
5.547759100463029e-154;0.07559226280297782;7.405896747121064e-172
4.015513623417111e-154;0.08137136344958289;4.9829883099952e-172
2.4075529614601624e-154;0.07559226280297782;2.909571757708883e-172
1.7426066166129332e-154;0.08137136344958289;1.9576781247175183e-172
1.0448022629086073e-154;0.07559226280297782;1.1430901756155384e-172
7.56236463139933e-155;0.08137136344958289;7.691175257846827e-173
4.534113209775008e-155;0.07559226280297782;4.4908847706772964e-173
3.2818283985055286e-155;0.08137136344958289;3.0216497850202398e-173
1.9676625260960553e-155;0.07559226280297782;1.7643442707957063e-173
1.4242103048718525e-155;0.08137136344958289;1.1871225290306213e-173
8.539036493962686e-156;0.07559226280297782;6.931620081225451e-174
6.180624780463393e-156;0.08137136344958289;4.663875694391961e-174
3.7056732685707977e-156;0.07559226280297782;2.723241588716638e-174
2.6821967616864865e-156;0.08137136344958289;1.8323076144887978e-174
1.6081456477096791e-156;0.07559226280297782;1.069886211825506e-174
1.1639890341089594e-156;0.08137136344958289;7.198629239091112e-175
6.978846317028377e-157;0.07559226280297782;4.2032866676135246e-175
5.051346310156624e-157;0.08137136344958289;2.8281420931798613e-175
3.028599802888818e-157;0.07559226280297782;1.651354939885806e-175
2.19212542364419e-157;0.08137136344958289;1.1110987152639666e-175
1.3143170589209737e-157;0.07559226280297782;6.487716287582011e-176
9.513134871242331e-158;0.08137136344958289;4.365199181605351e-176
5.703722656664565e-158;0.07559226280297782;2.5488440801871148e-176
4.1284013269642215e-158;0.08137136344958289;1.7149658831673726e-176
2.47523623948525e-158;0.07559226280297782;1.0013702599079293e-176
1.7915963294078873e-158;0.08137136344958289;6.737626069439588e-177
1.0741746767967717e-158;0.07559226280297782;3.934106465054777e-177
7.774964576683064e-159;0.08137136344958289;2.6470267133099202e-177
4.661580247836883e-159;0.07559226280297782;1.545601492080349e-177
3.3740900880643583e-159;0.08137136344958289;1.0399434977190894e-177
2.0229792115211341e-159;0.07559226280297782;6.072240274991472e-178
1.464248976325364e-159;0.08137136344958289;4.0856500352272537e-178
8.779093510501464e-160;0.07559226280297782;2.3856150596490077e-178
6.354380021607122e-160;0.08137136344958289;1.6051387644582822e-178
3.809850463474408e-160;0.07559226280297782;9.37242097659275e-179
2.757601071392351e-160;0.08137136344958289;6.306145731895399e-179
1.6533552737163082e-160;0.07559226280297782;3.68216467309692e-179
1.1967121329046621e-160;0.08137136344958289;2.4775100366679915e-179
7.175041874563819e-161;0.07559226280297782;1.4466205384568572e-179
5.1933542668596805e-161;0.08137136344958289;9.733450894966479e-180
3.1137425041157665e-161;0.07559226280297782;5.68337151669295e-180
2.2537524104185115e-161;0.08137136344958289;3.824003330866005e-180
1.3512663133448992e-161;0.07559226280297782;2.232839292549566e-180
9.780576610920593e-162;0.08137136344958289;1.5023450194870153e-180
5.86407079958346e-162;0.07559226280297782;8.77220729229091e-181
4.2444626304059476e-162;0.08137136344958289;5.902297572178893e-181
2.5448222902416375e-162;0.07559226280297782;3.446357336853145e-181
1.841963284741031e-162;0.08137136344958289;2.318849277541067e-181
1.1043728342043062e-162;0.07559226280297782;1.3539783657095588e-181
7.993541321412151e-163;0.08137136344958289;9.110116706582342e-182
4.792630753059939e-163;0.07559226280297782;5.319406073206174e-182
3.4689455206001624e-163;0.08137136344958289;3.579112588790525e-182
2.0798510089869373e-163;0.07559226280297782;2.0898473482502063e-182
1.5054132506524686e-163;0.08137136344958289;1.4061342281140275e-182
9.025899224183102e-164;0.07559226280297782;8.210431538564635e-183
6.533020025197604e-164;0.08137136344958289;5.524312014286131e-183
3.916956380677985e-164;0.07559226280297782;3.225651199160506e-183
2.8351252143645312e-164;0.08137136344958289;2.170349218517946e-183
1.6998358730869318e-164;0.07559226280297782;1.2672690357107099e-183
1.2303551726649428e-164;0.08137136344958289;8.526701095340192e-184
7.376753056752399e-165;0.07559226280297782;4.978749126034199e-184
5.339354478009114e-165;0.08137136344958289;3.3499047503020365e-184
3.2012788129647263e-165;0.07559226280297782;1.9560126667250843e-184
2.3171119100581576e-165;0.08137136344958289;1.3160848152902677e-184
1.3892543181930206e-165;0.07559226280297782;7.684632134570994e-185
1.005553691152438e-165;0.08137136344958289;5.1705328065863726e-185
6.028926792635553e-166;0.07559226280297782;3.0190791730686286e-185
4.363786752815553e-166;0.08137136344958289;2.0313591641956272e-185
2.616364606174908e-166;0.07559226280297782;1.186112606776801e-185
1.8937462008840342e-166;0.08137136344958289;7.980647659183599e-186
1.1354199491701471e-166;0.07559226280297782;4.659907989510912e-186
8.218262890707996e-167;0.08137136344958289;3.1353754758210292e-186
4.927365467071881e-167;0.07559226280297782;1.830748813109439e-186
3.566467613730883e-167;0.08137136344958289;1.2318022038057947e-186
2.1383216371913724e-167;0.07559226280297782;7.192505140114128e-187
1.5477347718059516e-167;0.08137136344958289;4.839409764482802e-187
9.279643360406108e-168;0.07559226280297782;2.8257361042722043e-187
6.716682116037236e-168;0.08137136344958289;1.9012700899716668e-187
4.0270733550372047e-168;0.07559226280297782;1.1101534688455896e-187
2.9148287852481347e-168;0.08137136344958289;7.469563709092537e-188
1.74762317655933e-168;0.07559226280297782;4.3614855701726054e-188
1.2649440155914058e-168;0.08137136344958289;2.934584744086708e-188
7.58413492375805e-169;0.07559226280297782;1.7135069080678345e-188
5.489459177425749e-169;0.08137136344958289;1.1529170853370607e-188
3.2912760206698924e-169;0.07559226280297782;6.7318941602734455e-189
2.3822526285113856e-169;0.08137136344958289;4.529491977836125e-189
1.4283102757445353e-169;0.07559226280297782;2.6447748049189484e-189
1.0338227141550093e-169;0.08137136344958289;1.779511973429018e-189
6.1984173645278344e-170;0.07559226280297782;1.0390587852691264e-189
4.486465421472488e-170;0.08137136344958289;6.991209784833407e-190
2.6899181835580344e-170;0.07559226280297782;4.0821742449941423e-190
1.946984884591184e-170;0.08137136344958289;2.7466527331854487e-190
1.1673398883470215e-170;0.07559226280297782;1.6037732227226457e-190
8.449302033364156e-171;0.08137136344958289;1.079083802217051e-190
5.065887963639007e-171;0.07559226280297782;6.300780896543733e-191
3.6667313349996494e-171;0.08137136344958289;4.23942145338761e-191
2.1984360438914035e-171;0.07559226280297782;2.475402341414202e-191
1.5912460733416407e-171;0.08137136344958289;1.665551296620052e-191
9.5405209782987e-172;0.07559226280297782;9.725170343949251e-192
6.905507479525883e-172;0.08137136344958289;6.5434898421247135e-192
4.140286036078743e-172;0.07559226280297782;3.820750131665344e-192
2.9967730540661437e-172;0.08137136344958289;2.5707559653599084e-192
1.7967539193656714e-172;0.07559226280297782;1.5010669276043375e-192
1.3005052509469582e-172;0.08137136344958289;1.0099788328375627e-192
7.797346894934454e-173;0.07559226280297782;5.897276303084045e-193
5.643783754147727e-173;0.08137136344958289;3.967927164323872e-193
3.383803310216703e-173;0.07559226280297782;2.3168765599559975e-193
2.449224640991537e-173;0.08137136344958289;1.558888708305389e-193
1.4684642092391804e-173;0.07559226280297782;9.10236644544929e-194
1.0628864611673965e-173;0.08137136344958289;6.1244420682206e-194
6.372672806677875e-174;0.07559226280297782;3.576067725801274e-194
4.612592942375416e-174;0.08137136344958289;2.4061236987061608e-194
2.7655395647683064e-174;0.07559226280297782;1.4049379857598385e-194
2.001720261699776e-174;0.08137136344958289;9.452993740468958e-195
1.200157189348302e-174;0.07559226280297782;5.519612309324044e-195
8.68683635464251e-175;0.08137136344958289;3.713819480910151e-195
5.208304728285787e-175;0.07559226280297782;2.1685028345763157e-195
3.7698137595040454e-175;0.08137136344958289;1.4590568359038716e-195
2.2602404404554722e-175;0.07559226280297782;8.5194471641095915e-196
1.635980603427738e-175;0.08137136344958289;5.732230285668324e-196
9.808732620665543e-176;0.07559226280297782;3.347054881587733e-196
7.099641270193399e-176;0.08137136344958289;2.252034549947991e-196
4.256681453072327e-176;0.07559226280297782;1.314965180787194e-196
3.0810210133191036e-176;0.08137136344958289;8.84762014331415e-197
1.847265869471784e-176;0.07559226280297782;5.166134072658073e-197
1.337066215495603e-176;0.08137136344958289;3.475984957787892e-197
8.016552871374465e-177;0.07559226280297782;2.029631023439081e-197
5.802446841132845e-177;0.08137136344958289;1.3656182375661745e-197
3.4789318095244397e-177;0.07559226280297782;7.97385827268488e-198
2.518079430471052e-177;0.08137136344958289;5.365135906572439e-198
1.5097469859568094e-177;0.07559226280297782;3.1327081138683327e-198
1.092767274180402e-177;0.08137136344958289;2.1078133334901363e-198
6.551827073371849e-178;0.07559226280297782;1.23075427115562e-198
4.7422662727373865e-178;0.08137136344958289;8.28101491967083e-199
2.843286881752798e-178;0.07559226280297782;4.835292727279815e-199
2.0579944085907786e-178;0.08137136344958289;3.2533814550960884e-199
1.2338970796106564e-178;0.07559226280297782;1.8996526200581303e-199
8.931048452802585e-179;0.08137136344958289;1.278163485398464e-199
5.3547252401528e-179;0.07559226280297782;7.463209117690485e-200
3.875794129145668e-179;0.08137136344958289;5.021550402111394e-200
2.3237823373872444e-179;0.07559226280297782;2.932088201087728e-200
1.681972750557203e-179;0.08137136344958289;1.9728281028998475e-200
1.0084484468149568e-179;0.07559226280297782;1.1519362627237047e-200
7.2992327232833736e-180;0.08137136344958289;7.75069532699489e-201
4.376349081932216e-180;0.07559226280297782;4.525638597384604e-201
3.1676374264089866e-180;0.08137136344958289;3.0450335720379842e-201
1.899197856610244e-180;0.07559226280297782;1.777998086952295e-201
1.3746550145168541e-180;0.08137136344958289;1.1963093714371864e-201
8.241921361904768e-181;0.07559226280297782;6.985262144071664e-202
5.965570406454545e-181;0.08137136344958289;4.699968254309244e-202
3.5767346461239575e-181;0.07559226280297782;2.744316069824306e-202
2.5888699272576575e-181;0.08137136344958289;1.8464873818531697e-202
1.5521903409458038e-181;0.07559226280297782;1.0781657918862299e-202
1.1234881232828072e-181;0.08137136344958289;7.254337618593295e-203
6.736017884738405e-182;0.07559226280297782;4.235814845001006e-203
4.875585095519173e-182;0.08137136344958289;2.850028372883971e-203
2.9232199007157722e-182;0.07559226280297782;1.6641343600543588e-203
2.1158505845339432e-182;0.08137136344958289;1.1196972285139884e-203
1.2685854957869645e-182;0.07559226280297782;6.537923090717313e-204
9.182126059469208e-183;0.08137136344958289;4.3989803591788455e-204
5.505262056155974e-183;0.07559226280297782;2.5685689428790137e-204
3.984753913545124e-183;0.08137136344958289;1.7282375724125957e-204
2.3891105808481036e-183;0.07559226280297782;1.0091196122649337e-204
