# ["m", "w0", "wp"] [calculated @ 2025-10-14T10:32:23.100]
0.7282418804809967;0.9922067686298109;0.8070424572707712
0.0;0.0;0.0
0.0;0.0;0.0
0.012389456932368086;0.033059498381399696;0.007348814989376858
0.011332703861437367;0.05670467514911871;0.006061173469450062
0.00865315844152707;0.07397376183291983;0.0041296001350964485
0.0050839790136655676;0.07504231856703203;0.0022760984749564226
0.002979931898122674;0.07540519811557118;0.0012517881545149139
0.001746611035548722;0.0755284769006038;0.0006885565367477301
0.001131584839307079;0.08134730829094719;0.0004079075457068876
0.0006093251014587448;0.07558459264877579;0.0002100230095299283
0.0003946468014562679;0.08136846729432015;0.00012437944935783554
0.00021248404276562555;0.07559133846877256;6.40334676492599e-5
0.00013761700660681067;0.0813710140113368;3.792052073260613e-5
7.409442728050731e-5;0.07559215118541772;1.9522178200443094e-5
4.79877325090141e-5;0.08137132121279134;1.1560974389797751e-5
2.5837079765755016e-5;0.07559224930306362;5.951798420849504e-6
1.6733551529202673e-5;0.08137135833732753;3.524637186842531e-6
9.009514059306866e-6;0.07559226116816747;1.8145471470991583e-6
5.835070514981021e-6;0.08137136283014475;1.074569508669714e-6
3.1416614009908427e-6;0.07559226260481684;5.532079116339341e-7
2.034717561882444e-6;0.08137136337446552;3.27608119956513e-7
1.0955126823785975e-6;0.07559226277894046;1.686586178759433e-7
7.095159644851676e-7;0.08137136344046791;9.987914538931462e-8
3.82010632082727e-7;0.07559226280006032;5.141960075236716e-8
2.474116888705755e-7;0.0813713634484762;3.045053886380059e-8
1.332089770117662e-7;0.07559226280262368;1.5676491303164343e-8
8.627366684646983e-8;0.08137136344944845;9.283572823903174e-9
4.6450622285568346e-8;0.07559226280293477;4.77935216067558e-9
3.0084049909654396e-8;0.08137136344956651;2.830318531677235e-9
1.619755935294619e-8;0.0755922628029726;1.457099464644683e-9
1.0490455456647437e-8;0.0813713634495809;8.628900903189628e-10
5.648168229155565e-9;0.07559226280297718;4.4423151480213793e-10
3.6580731658115025e-9;0.08137136344958265;2.630726187463407e-10
1.969543907853257e-9;0.07559226280297772;1.3543456952515912e-10
1.275588018262165e-9;0.08137136344958287;8.020396051782386e-11
6.867896010897721e-10;0.07559226280297782;4.129045781632178e-11
4.4480378565064446e-10;0.08137136344958287;2.445208974399181e-11
2.3948689556257576e-10;0.07559226280297782;1.258838059339483e-11
1.5510525725922782e-10;0.08137136344958289;7.454802593146934e-12
8.351025271090738e-11;0.07559226280297782;3.837867980761788e-12
5.408596240759739e-11;0.08137136344958289;2.272774322548982e-12
2.9120433882021656e-11;0.07559226280297782;1.1700655639127632e-12
1.886003982874157e-11;0.08137136344958289;6.929094441732076e-13
1.015443783187677e-11;0.07559226280297782;3.567223861574328e-13
6.576588203444086e-12;0.08137136344958289;2.112499657625319e-13
3.540902175400308e-12;0.07559226280297782;1.0875532509504847e-13
2.293288497289783e-12;0.08137136344958289;6.44045890988257e-14
1.234729920389629e-12;0.07559226280297782;3.315665401304477e-14
7.996809240766307e-13;0.08137136344958289;1.9635274647340506e-14
4.30556366932963e-13;0.07559226280297782;1.0108596561869054e-14
2.7885265246296085e-13;0.08137136344958289;5.986281658980757e-15
1.501371126148903e-13;0.07559226280297782;3.0818466908762556e-15
9.723728482758916e-14;0.08137136344958289;1.8250607004116024e-15
5.2353546052300895e-14;0.07559226280297782;9.395744471484573e-16
3.39071171714874e-14;0.08137136344958289;5.564132711981367e-16
1.825593776590693e-14;0.07559226280297782;2.864516733904518e-16
1.1823577724527063e-14;0.08137136344958289;1.6963585282154667e-16
6.365934857205697e-15;0.07559226280297782;8.733162277584281e-17
4.1229394259883725e-15;0.08137136344958289;5.1717534523446365e-17
2.2198326443611938e-15;0.07559226280297782;2.6625127535094764e-17
1.4376891585959692e-15;0.08137136344958289;1.5767323550391218e-17
7.740665086124665e-16;0.07559226280297782;8.117304977598034e-18
5.013292467300514e-16;0.08137136344958289;4.807044539797497e-18
2.6992078041447143e-16;0.07559226280297782;2.4747539711307264e-18
1.748159622156207e-16;0.08137136344958289;1.4655421469437371e-18
9.412269732500863e-17;0.07559226280297782;7.54487756038403e-19
6.09591817048512e-17;0.08137136344958289;4.468054678267963e-19
3.282104526421342e-17;0.07559226280297782;2.3002358240555567e-19
2.1256765040378116e-17;0.08137136344958289;1.3621930047951445e-19
1.1444859134411196e-17;0.07559226280297782;7.012817376985011e-20
7.41233801611025e-18;0.08137136344958289;4.1529701758979717e-20
3.990878399882514e-18;0.07559226280297782;2.1380245907236663e-20
2.584718547752071e-18;0.08137136344958289;1.2661319813848103e-20
1.391638832387271e-18;0.07559226280297782;6.518277754588207e-21
9.013040091497925e-19;0.08137136344958289;3.860105241277822e-21
4.852712725762886e-19;0.07559226280297782;1.9872523950521273e-21
3.1428911964747163e-19;0.08137136344958289;1.1768451230055372e-21
1.6921646802845011e-19;0.07559226280297782;6.0586127660187445e-22
1.0959415438744176e-19;0.08137136344958289;3.587892963984187e-22
5.900661067366591e-20;0.07559226280297782;1.847112563052288e-22
3.821601807078356e-20;0.08137136344958289;1.0938547196534262e-22
2.057589396445861e-20;0.07559226280297782;5.631363073279199e-23
1.3326112559100204e-20;0.08137136344958289;3.3348769311651846e-23
7.174914939244068e-21;0.07559226280297782;1.7168553068952765e-23
4.646880677334974e-21;0.08137136344958289;1.0167167491439275e-23
2.5019279587224587e-21;0.07559226280297782;5.234242769394127e-24
1.6203900375014656e-21;0.08137136344958289;3.0997034353187442e-24
8.724345255160087e-22;0.07559226280297782;1.595783713334549e-24
5.650379374793508e-22;0.08137136344958289;9.450185014672834e-25
3.0422218939549342e-22;0.07559226280297782;4.865127148159699e-25
1.97031494517955e-22;0.08137136344958289;2.8811142315736956e-25
1.060837665334798e-22;0.07559226280297782;1.4832500150224548e-25
6.87058465581306e-23;0.08137136344958289;8.783763706729769e-26
3.6991928643639406e-23;0.07559226280297782;4.5220413363632265e-26
2.3958064992697037e-23;0.08137136344958289;2.677939805723024e-26
1.2899266584244494e-23;0.07559226280297782;1.3786521247713013e-26
8.354294531669222e-24;0.08137136344958289;8.164338024691476e-27
4.4980373965988634e-24;0.07559226280297782;4.203149727651573e-27
2.9131833953682443e-24;0.08137136344958289;2.489093116991338e-27
1.5684876569582778e-24;0.07559226280297782;1.2814304142162105e-27
1.0158413092665516e-24;0.08137136344958289;7.588593865560586e-28
5.469393233348133e-25;0.07559226280297782;3.9067461615168314e-28
3.5422883682952543e-25;0.08137136344958289;2.3135637820585375e-28
1.9072041917758047e-25;0.07559226280297782;1.191064719644719e-28
1.2352132926371652e-25;0.08137136344958289;7.053450834870309e-29
6.650514369581206e-26;0.07559226280297782;3.63124479485393e-29
4.307249212016653e-26;0.08137136344958289;2.150412669222621e-29
2.3190669132718335e-26;0.07559226280297782;1.1070715589734667e-29
1.5019588831341773e-26;0.08137136344958289;6.556045765700983e-30
8.086699839084481e-27;0.07559226280297782;3.375171617250452e-30
5.237404142606972e-27;0.08137136344958289;1.998766873778869e-30
2.8198718162550783e-27;0.07559226280297782;1.0290015449819776e-30
1.8263084603059783e-27;0.08137136344958289;6.093717399925128e-31
9.833031048930282e-28;0.07559226280297782;3.137156564613069e-31
6.36842699430288e-28;0.08137136344958289;1.857815047732199e-31
3.428826056981331e-28;0.07559226280297782;9.564369809636434e-32
2.2207016647653693e-28;0.08137136344958289;5.663992149722276e-32
1.1956484293124616e-28;0.07559226280297782;2.915926188936236e-32
7.743695402810388e-29;0.08137136344958289;1.7268030588554034e-32
4.1692845970026385e-29;0.07559226280297782;8.889896259299295e-33
2.700264490405667e-29;0.08137136344958289;5.2645708631827466e-33
1.4538499465766214e-29;0.07559226280297782;2.710296844994381e-33
9.415954449214934e-30;0.08137136344958289;1.6050299558679197e-33
5.069645926019073e-30;0.07559226280297782;8.262986174110295e-34
3.2833894051753014e-30;0.08137136344958289;4.893316523193221e-34
1.7678103490474082e-30;0.07559226280297782;2.519168357504375e-34
1.144933956951785e-30;0.08137136344958289;1.4918442181478027e-34
6.164441217008509e-31;0.07559226280297782;7.680285407393421e-35
3.992440749534811e-31;0.08137136344958289;4.548242813789373e-35
2.1495708257636294e-31;0.07559226280297782;2.341518134875903e-35
1.3921836313583375e-31;0.08137136344958289;1.3866402699116875e-35
7.495658685535245e-32;0.07559226280297782;7.138676344859273e-36
4.854612466441531e-32;0.08137136344958289;4.227503492802317e-36
2.61377287301434e-32;0.07559226280297782;2.1763956980565566e-36
1.6928271291578987e-32;0.08137136344958289;1.2888552402126621e-36
9.114353945823764e-33;0.07559226280297782;6.635261224484718e-37
5.902971059013346e-33;0.08137136344958289;3.929382513939686e-37
3.1782198333840236e-33;0.07559226280297782;2.022917595199464e-37
2.058394901839914e-33;0.08137136344958289;1.19796595142115e-37
1.108260812489505e-33;0.07559226280297782;6.167346632664619e-38
7.177723775980583e-34;0.08137136344958289;3.652284845451447e-38
3.864559699736456e-34;0.07559226280297782;1.880262674945448e-38
2.5029074138410318e-34;0.08137136344958289;1.1134861200762828e-38
1.347590883348001e-34;0.07559226280297782;5.7324290936855154e-39
8.727760663100434e-35;0.08137136344958289;3.394727936257891e-39
4.699115371426389e-35;0.07559226280297782;1.7476676930304747e-39
3.0434128634212974e-35;0.08137136344958289;1.0349637551315194e-39
1.6386045310068618e-35;0.07559226280297782;5.328181675420859e-40
1.061252962217216e-35;0.08137136344958289;3.155333783881055e-40
5.713894205200569e-36;0.07559226280297782;1.6244232287124854e-40
3.700641024920673e-36;0.08137136344958289;9.619787396744122e-41
1.9924628774316472e-36;0.07559226280297782;4.952441539584462e-41
1.2904316390989648e-36;0.08137136344958289;2.932821561740845e-41
6.9478155796618325e-37;0.07559226280297782;1.5098698891693098e-41
4.499798288928426e-37;0.08137136344958289;8.941405831820388e-42
2.422737300441758e-37;0.07559226280297782;4.6031983699325376e-42
1.5691016887327236e-37;0.08137136344958289;2.7260007663697154e-42
8.448203553551303e-38;0.07559226280297782;1.4033947815601159e-42
5.47153439220094e-38;0.08137136344958289;8.310863322860012e-43
2.945929930959624e-38;0.07559226280297782;4.2785836165019084e-43
1.9079508243482122e-38;0.08137136344958289;2.533764847881634e-43
1.0272601865133392e-38;0.07559226280297782;1.3044282338750015e-43
6.653117913906982e-39;0.08137136344958289;7.72478628869011e-44
3.582106552180188e-39;0.07559226280297782;3.9768604983379916e-44
2.3199747819219266e-39;0.08137136344958289;2.3550852896165103e-44
1.2490980882578607e-39;0.07559226280297782;1.2124407470282236e-44
8.089865621505253e-40;0.08137136344958289;7.180039051033201e-45
4.355666173971907e-40;0.07559226280297782;3.696414711224342e-45
2.82097574008091e-40;0.08137136344958289;2.189006105284468e-45
1.5188421147568566e-40;0.07559226280297782;1.1269401618879856e-45
9.83688048534526e-41;0.08137136344958289;6.673707057739684e-46
5.296276797667063e-41;0.07559226280297782;3.435745790697455e-46
3.430168374301259e-41;0.08137136344958289;2.0346387241682237e-46
1.8468376432923076e-41;0.07559226280297782;1.0474690260855742e-46
1.1961165019322266e-41;0.08137136344958289;6.20308128910739e-47
6.4400132602282e-42;0.07559226280297782;3.1934590841365275e-47
4.1709167891387376e-42;0.08137136344958289;1.8911572370178094e-47
2.2456641460903327e-42;0.07559226280297782;9.736021465154939e-48
1.454419099963652e-42;0.08137136344958289;5.76564376385834e-48
7.830740797041352e-43;0.07559226280297782;2.968258288976579e-48
5.071630591738271e-43;0.08137136344958289;1.757793977201985e-48
2.730617645439365e-43;0.07559226280297782;9.049443144318227e-49
1.768502411698134e-43;0.08137136344958289;5.3590540672250494e-49
9.521797386528216e-44;0.07559226280297782;2.7589385171222366e-49
6.166854473346317e-44;0.08137136344958289;1.6338354134741244e-49
3.320297355491058e-44;0.07559226280297782;8.41128190969379e-50
2.1504123400609099e-44;0.08137136344958289;4.981136829068051e-50
1.1578039398820447e-44;0.07559226280297782;2.5643798484548653e-50
7.498593087079883e-45;0.08137136344958289;1.518618332377767e-50
4.037319009965988e-45;0.07559226280297782;7.818123417766628e-51
2.614796113196112e-45;0.08137136344958289;4.629870085028977e-51
1.4078329004385106e-45;0.07559226280297782;2.383541338942434e-51
9.117922034422643e-46;0.08137136344958289;1.4115262898666256e-51
4.909182233716553e-46;0.07559226280297782;7.266794102452823e-52
3.1794640433433535e-46;0.08137136344958289;4.3033744584480324e-52
1.711855874112014e-46;0.07559226280297782;2.2154554512938742e-52
1.1086946745924197e-46;0.08137136344958289;1.311986313154167e-52
5.969325224077653e-47;0.07559226280297782;6.754344195621311e-53
3.866072598125772e-47;0.08137136344958289;3.999903105166069e-53
2.0815329239848212e-47;0.07559226280297782;2.0592228783602748e-53
1.3481184384216158e-47;0.08137136344958289;1.2194658351467982e-53
7.258407191747999e-48;0.07559226280297782;6.278031944998194e-54
4.700954981790575e-48;0.08137136344958289;3.7178323674131475e-54
2.5310421158442045e-48;0.07559226280297782;1.9140077315867016e-54
1.639246012145286e-48;0.08137136344958289;1.1334698450589198e-54
8.82586774610856e-49;0.07559226280297782;5.835308945014803e-55
5.7161310813291425e-49;0.08137136344958289;3.455653086779211e-55
3.077623283475782e-49;0.07559226280297782;1.779033068771454e-55
1.9932428870866306e-49;0.08137136344958289;1.0535382399649065e-55
1.0731823031416356e-49;0.07559226280297782;5.423806502115461e-56
6.950535511508272e-50;0.08137136344958289;3.2119625297887063e-56
3.742239220635424e-50;0.07559226280297782;1.6535767372050505e-56
2.423685753989997e-50;0.08137136344958289;9.792433631180149e-57
1.304937133557426e-50;0.07559226280297782;5.041322961575471e-57
8.45151085749843e-51;0.08137136344958289;2.985456882878894e-57
4.5503796581126317e-51;0.07559226280297782;1.536967509948501e-57
2.94708320403441e-51;0.08137136344958289;9.10187715865559e-58
1.5867396597503659e-51;0.07559226280297782;4.68581192802426e-58
1.0276623384794988e-51;0.08137136344958289;2.7749242766276154e-58
5.533038860473874e-52;0.07559226280297782;1.4285814945789021e-58
3.583508875770519e-52;0.08137136344958289;8.460018309184349e-59
1.9293977334839264e-52;0.07559226280297782;4.355371316649917e-59
1.24958708535783e-52;0.08137136344958289;2.5792383019084048e-59
6.72790433583559e-53;0.07559226280297782;1.3278387951881112e-59
4.357371330794694e-53;0.08137136344958289;7.863422955963711e-60
2.3460531733092005e-53;0.07559226280297782;4.048233176506309e-60
1.5194367112872709e-53;0.08137136344958289;2.3973519832822758e-60
8.180802248744491e-54;0.07559226280297782;1.234200409775247e-60
5.298350184872643e-54;0.08137136344958289;7.30889914472759e-61
2.852685787111203e-54;0.07559226280297782;3.762754231474323e-61
1.847560643559601e-54;0.08137136344958289;2.2282921773823576e-61
9.94745497146712e-55;0.07559226280297782;1.14716534643318e-61
6.442534397549297e-55;0.08137136344958289;6.793480015886128e-62
3.468726238846314e-55;0.07559226280297782;3.497407088268766e-62
2.2465432790145356e-55;0.08137136344958289;2.0711543663210055e-62
1.2095618180301568e-55;0.07559226280297782;1.0662679428998105e-62
7.833806376579407e-56;0.08137136344958289;6.314407930985926e-63
4.2178012644867015e-56;0.07559226280297782;3.250772064451282e-63
2.7316866280295257e-56;0.08137136344958289;1.925097818262677e-63
1.470767946005227e-56;0.07559226280297782;9.910753751329618e-64
9.525524981144105e-57;0.08137136344958289;5.8691197185625585e-64
5.128639818120228e-57;0.07559226280297782;3.0215295927268863e-64
3.3215971859792613e-57;0.08137136344958289;1.78934108927028e-64
1.788381807983379e-57;0.07559226280297782;9.21185341579037e-65
1.1582571971356246e-57;0.08137136344958289;5.455232960446601e-65
6.236174901239527e-58;0.07559226280297782;2.808453160884834e-65
4.038899540195026e-58;0.08137136344958289;1.6631578423585707e-65
2.1745847125733695e-58;0.07559226280297782;8.56223910745682e-66
1.4083840390656769e-58;0.08137136344958289;5.07053324515104e-66
7.582883333207806e-59;0.07559226280297782;2.61040274961058e-66
4.91110408108632e-59;0.08137136344958289;1.5458729613853989e-66
2.644188534600519e-59;0.07559226280297782;7.958435205622813e-67
1.7125260316968136e-59;0.08137136344958289;4.712962320142081e-67
9.220414846545079e-60;0.07559226280297782;2.426318733059301e-67
5.971662096378384e-60;0.08137136344958289;1.4368589389889327e-67
3.215203788607043e-60;0.07559226280297782;7.397211188243618e-68
2.0823478027944933e-60;0.08137136344958289;4.38060707960458e-68
1.1211572987029523e-60;0.07559226280297782;2.2552162095572125e-68
7.2612487140436e-61;0.08137136344958289;1.3355325192454084e-68
3.9095303784133695e-61;0.07559226280297782;6.875564347727121e-69
2.5320329685772216e-61;0.08137136344958289;4.071689328783608e-69
1.3632723791228332e-61;0.07559226280297782;2.0961797320984055e-69
8.82932289808833e-62;0.08137136344958289;1.241351577084582e-69
4.75379751476308e-62;0.07559226280297782;6.390703725596997e-70
3.0788281118832304e-62;0.08137136344958289;3.784556270138431e-70
1.6576724620437373e-62;0.07559226280297782;1.9483584104438785e-70
1.073602432704645e-62;0.08137136344958289;1.1538122177669114e-70
5.780385014053525e-63;0.07559226280297782;5.940035180073663e-71
3.7437042329859305e-63;0.08137136344958289;3.517671660407103e-71
2.0156485479344938e-63;0.07559226280297782;1.8109613586174985e-71
1.3054479905349167e-63;0.08137136344958289;1.0724460809038718e-71
7.028665147585651e-64;0.07559226280297782;5.521147506680364e-72
4.5521610413983006e-64;0.08137136344958289;3.269607591269518e-72
2.4509299405151364e-64;0.07559226280297782;1.6832534634418602e-72
1.5873608368215008e-64;0.08137136344958289;9.968178345970864e-73
8.546512669446164e-65;0.07559226280297782;5.131799537615658e-73
5.535204935325996e-65;0.08137136344958289;3.0390368496331073e-73
2.9802108008706126e-65;0.07559226280297782;1.5645514514743766e-73
1.930153054387248e-65;0.08137136344958289;9.265228462892643e-74
1.0392140936475548e-65;0.07559226280297782;4.769908150870375e-74
6.730538176796537e-66;0.08137136344958289;2.82472581666654e-74
3.6237904114709657e-66;0.07559226280297782;1.454220233300665e-74
2.3469716065442743e-66;0.08137136344958289;8.611850178653187e-75
1.2636334540245817e-66;0.07559226280297782;4.43353712493428e-75
8.184004870390186e-67;0.08137136344958289;2.6255278675892857e-75
4.4063517058701454e-67;0.07559226280297782;1.351669505626151e-75
2.853802556955089e-67;0.08137136344958289;8.004547734208241e-76
1.5365164078227278e-67;0.07559226280297782;4.1208867794621706e-76
9.951349202575821e-68;0.08137136344958289;2.440377236903943e-76
5.357907922700062e-68;0.07559226280297782;1.2563505929860751e-76
3.4700841762951993e-68;0.08137136344958289;7.440071889318285e-77
1.868328718260204e-68;0.07559226280297782;3.830284346473762e-77
1.2100353374653462e-68;0.08137136344958289;2.268283316248747e-77
6.514953690575432e-69;0.07559226280297782;1.1677535121762439e-77
4.2194524499347987e-69;0.08137136344958289;6.915402538192189e-78
2.2717962409670165e-69;0.07559226280297782;3.560175020570869e-78
1.4713437224531168e-69;0.08137136344958289;2.1083253543619815e-78
7.921864690976803e-70;0.07559226280297782;1.0854042436982919e-78
5.130647578776835e-70;0.08137136344958289;6.42773255106502e-79
2.7623929932832496e-70;0.07559226280297782;3.309113640287699e-79
1.7890819239518206e-70;0.08137136344958289;1.959647530801708e-79
9.63259957978335e-71;0.07559226280297782;1.0088621956210016e-79
6.238616239890409e-71;0.08137136344958289;5.974452755258046e-80
3.358934622628061e-71;0.07559226280297782;3.075756956067365e-80
2.1754360193106706e-71;0.08137136344958289;1.821454377063807e-80
1.171276944052443e-71;0.07559226280297782;9.377178462885632e-81
7.585851881470107e-72;0.08137136344958289;5.553137975365251e-81
4.084300034977908e-72;0.07559226280297782;2.8588564434959294e-81
2.645223681909885e-72;0.08137136344958289;1.6930065205999608e-81
1.4242154138204955e-72;0.07559226280297782;8.71590553263621e-82
9.224024455880694e-73;0.08137136344958289;5.1615340578773515e-82
4.9663088597624435e-73;0.07559226280297782;2.6572516233428924e-82
3.2164624770505006e-73;0.08137136344958289;1.57361672896492e-82
1.731776208234718e-73;0.07559226280297782;8.101265167823331e-83
1.1215962095241485e-73;0.08137136344958289;4.797545810821599e-83
6.038788404213886e-74;0.07559226280297782;2.469863852668301e-83
3.911060881930475e-74;0.08137136344958289;1.4626462329281091e-83
2.105755074903163e-74;0.07559226280297782;7.529968868253331e-84
1.3638060731906772e-74;0.08137136344958289;4.459225793890673e-84
7.342871017613766e-75;0.07559226280297782;2.295690553777226e-84
4.755658532100636e-75;0.08137136344958289;1.3595013088771463e-84
2.560495065352823e-75;0.07559226280297782;6.998960036769017e-85
1.6583214078985538e-75;0.08137136344958289;4.144763899085007e-85
8.928571622693079e-76;0.07559226280297782;2.1337998501449298e-85
5.782647920013553e-76;0.08137136344958289;1.2636301022282268e-85
3.113436627950506e-76;0.07559226280297782;6.505397625588394e-86
2.016437634319112e-76;0.08137136344958289;3.8524776661218694e-86
1.0856705916573056e-76;0.07559226280297782;1.9833255806132274e-86
7.031416730432611e-77;0.08137136344958289;1.1745196748476343e-86
3.785786493959945e-77;0.07559226280297782;6.046640935893629e-87
2.4518894309221834e-77;0.08137136344958289;3.580803280795849e-87
1.3201222809186615e-77;0.07559226280297782;1.843462665182787e-87
8.549858459460175e-78;0.08137136344958289;1.0916932606873254e-87
4.603331010236124e-78;0.07559226280297782;5.620235489343773e-88
2.9813774942252966e-78;0.08137136344958289;3.328287208129579e-88
1.6052040554194077e-78;0.07559226280297782;1.7134627976068744e-88
1.0396209253310065e-78;0.08137136344958289;1.0147077149514183e-88
5.597425111957653e-79;0.07559226280297782;5.22389989591982e-89
3.6252090534645415e-79;0.08137136344958289;3.0935784155495304e-89
1.951849534530859e-79;0.07559226280297782;1.592630441740824e-89
1.2641281414316402e-79;0.08137136344958289;9.431511431459011e-90
6.806194865045582e-80;0.07559226280297782;4.855513647841359e-90
4.4080767050722744e-80;0.08137136344958289;2.8754211444787554e-90
2.373353464057214e-80;0.07559226280297782;1.480319110226476e-90
1.537117923487947e-80;0.08137136344958289;8.766406973263335e-91
8.27599969886355e-81;0.07559226280297782;4.513105774248857e-91
5.3600054372673685e-81;0.08137136344958289;2.672648191672493e-91
2.8858816039353467e-81;0.07559226280297782;1.3759279056015338e-91
1.8690601318566319e-81;0.08137136344958289;8.148205277528003e-92
1.0063210409584819e-81;0.07559226280297782;4.194844295950757e-92
6.517504165587035e-82;0.08137136344958289;2.4841746643499484e-92
3.509090726711776e-82;0.07559226280297782;1.2788983053278207e-92
2.272685604087494e-82;0.08137136344958289;7.57359878992933e-93
1.2236371125228819e-82;0.07559226280297782;3.899026423815495e-93
7.924965943710009e-83;0.08137136344958289;2.3089921757103394e-93
4.266882505333178e-83;0.07559226280297782;1.1887111735373373e-93
2.763474415291174e-83;0.08137136344958289;7.039513202865767e-94
1.487882814928751e-83;0.07559226280297782;3.6240694483669403e-94
9.636370551257892e-84;0.08137136344958289;2.1461634497776672e-94
5.188320203786447e-84;0.07559226280297782;1.1048839835082208e-94
3.360249578839191e-84;0.08137136344958289;6.543091007040776e-95
1.8091926505856983e-84;0.07559226280297782;3.368502271839992e-95
1.1717354757196449e-84;0.08137136344958289;1.994817306708535e-95
6.308743328032326e-85;0.07559226280297782;1.026968236009982e-95
4.085898957345413e-85;0.08137136344958289;6.081676202977954e-96
2.199889678200258e-85;0.07559226280297782;3.130957537390522e-96
1.4247729658763697e-85;0.08137136344958289;1.8541440017330132e-96
7.671122986963335e-86;0.07559226280297782;9.545470597054821e-97
4.9682530710720526e-86;0.08137136344958289;5.652800090670952e-97
2.674958133776035e-86;0.07559226280297782;2.910164313348631e-97
1.7324541642348017e-86;0.08137136344958289;1.7233908927905737e-97
9.327709944964761e-87;0.07559226280297782;8.872329807711066e-98
6.041152469970426e-87;0.08137136344958289;5.254168061338545e-98
3.2526181146085668e-87;0.07559226280297782;2.7049412933739064e-98
2.1065794362039776e-87;0.08137136344958289;1.6018584136817068e-98
1.1342038573134196e-87;0.07559226280297782;8.246658498019593e-99
7.345745605820105e-88;0.08137136344958289;4.883647320617249e-99
3.955024366884375e-88;0.07559226280297782;2.514190476131639e-99
2.5614974483307705e-88;0.08137136344958289;1.4888963311904214e-99
1.3791363555843273e-88;0.07559226280297782;7.665109149104495e-100
8.932066981201311e-89;0.08137136344958289;4.5392554775067387e-100
4.8091159771861545e-89;0.07559226280297782;2.3368912906744066e-100
3.114655476571226e-89;0.08137136344958289;1.383900266152228e-100
1.676962280660651e-89;0.07559226280297782;7.12457030708804e-101
1.0860956101373091e-89;0.08137136344958289;4.2191499380161494e-101
5.847649555758923e-90;0.07559226280297782;2.1720951360981715e-101
3.787268554203301e-90;0.08137136344958289;1.2863084598542558e-101
2.0391040228702197e-90;0.07559226280297782;6.622149935930213e-102
1.3206390825798349e-90;0.08137136344958289;3.9216180467637515e-102
7.11045553677316e-91;0.07559226280297782;2.0189203062585624e-102
4.6051331229247767e-91;0.08137136344958289;1.195598768466909e-102
2.479450649568255e-91;0.07559226280297782;6.155159944216221e-103
1.6058324609348278e-91;0.08137136344958289;3.6450679237852395e-103
8.645965777931505e-92;0.07559226280297782;1.8765472723930218e-103
5.5996163927488046e-92;0.08137136344958289;1.1112858694263358e-103
3.0148905865974625e-92;0.07559226280297782;5.721101803105285e-104
1.9526136448685023e-92;0.08137136344958289;3.388019947524596e-104
1.0513071046793556e-92;0.07559226280297782;1.7442142984096054e-104
6.808859355194228e-93;0.08137136344958289;1.0329186648211476e-104
3.665959332861388e-93;0.07559226280297782;5.317653178493053e-105
2.3742825848140552e-93;0.08137136344958289;3.1490988384393345e-105
1.2783379633197115e-93;0.07559226280297782;1.6212133653829657e-105
8.279239588420776e-94;0.08137136344958289;9.600778678907026e-106
4.457627049531097e-94;0.07559226280297782;4.942655505865827e-106
2.8870113692824e-94;0.08137136344958289;2.927026300865066e-106
1.5543963711372408e-94;0.07559226280297782;1.5068863834523676e-106
1.0067149956649173e-94;0.08137136344958289;8.923737597220775e-107
5.4202562299571e-95;0.07559226280297782;4.5941024413684794e-107
3.51046446605621e-95;0.08137136344958289;2.720614183771317e-107
1.890069878180049e-95;0.07559226280297782;1.400621670854389e-107
1.2241161421563958e-95;0.08137136344958289;8.294441041434092e-108
6.590766179391158e-96;0.07559226280297782;4.270129127296041e-108
4.26855290511254e-96;0.08137136344958289;2.5287581238166924e-108
2.2982324269001646e-96;0.07559226280297782;1.3018506812520753e-108
1.488465291508001e-96;0.08137136344958289;7.709522096576735e-109
8.014048965310659e-97;0.07559226280297782;3.969002214576339e-109
5.190351328129054e-97;0.08137136344958289;2.3504316366919385e-109
2.794538100962352e-97;0.07559226280297782;1.2100449618508645e-109
1.8099009135858126e-97;0.08137136344958289;7.165851280477429e-110
9.744691143682752e-98;0.07559226280297782;3.689110588861065e-110
6.311213075781426e-98;0.08137136344958289;2.1846806251378786e-110
3.3980214996198535e-98;0.07559226280297782;1.1247133260263255e-110
2.2007508913291595e-98;0.08137136344958289;6.66051980014698e-111
1.1849067293799347e-98;0.07559226280297782;3.428956750607294e-111
7.674126079298036e-99;0.08137136344958289;2.030618274254617e-111
4.131827763558664e-99;0.07559226280297782;1.0453992253364763e-111
2.6760053267725323e-99;0.08137136344958289;6.190823988911218e-112
1.4407885654129082e-99;0.07559226280297782;3.1871488030303997e-112
9.331361558200998e-100;0.08137136344958289;1.8874203067904091e-112
5.024100250579367e-100;0.07559226280297782;9.716783068581906e-113
3.253891450017775e-100;0.08137136344958289;5.754250841027895e-113
1.751928349086932e-100;0.07559226280297782;2.962393005061692e-113
1.1346478756032677e-100;0.08137136344958289;1.7543205730247074e-113
6.10905990576229e-101;0.07559226280297782;9.031561427787647e-114
3.956572680394656e-101;0.08137136344958289;5.34846456639345e-114
2.1302590914544548e-101;0.07559226280297782;2.7534868494669206e-114
1.3796762600839713e-101;0.08137136344958289;1.6306069516499582e-114
7.428317722738221e-102;0.07559226280297782;8.394661200953003e-115
4.810998650603376e-102;0.08137136344958289;4.971294093403884e-115
2.5902907496699056e-102;0.07559226280297782;2.5593126290916892e-115
1.6776187780964491e-102;0.08137136344958289;1.515617539720732e-115
9.032470632330706e-103;0.07559226280297782;7.802674791312155e-116
5.849938794451461e-103;0.08137136344958289;4.620721453106149e-116
3.1496667211707225e-103;0.07559226280297782;2.378831456811322e-116
2.0399022916075546e-103;0.08137136344958289;1.4087371112853175e-116
1.0983042025004095e-103;0.07559226280297782;7.252434903753632e-117
7.1132391389335e-104;0.08137136344958289;4.294870982492252e-117
3.829840513353403e-104;0.07559226280297782;2.21107770719024e-117
2.4804213052665986e-104;0.08137136344958289;1.3093938257524896e-117
1.3354841331145288e-104;0.07559226280297782;6.740997598893764e-118
8.64935050186279e-105;0.08137136344958289;3.991999289170347e-118
4.65689854076722e-105;0.07559226280297782;2.055153850112137e-118
3.01607085639967e-105;0.08137136344958289;1.2170561683822146e-118
1.6238833155152172e-105;0.07559226280297782;6.265626542166202e-119
1.0517186705365117e-105;0.08137136344958289;3.710485923721297e-119
5.662560606214659e-106;0.07559226280297782;1.910225648739415e-119
3.667394483150409e-106;0.08137136344958289;1.131230106531135e-119
1.9745626002001738e-106;0.07559226280297782;5.823778363656461e-120
1.2788384072501938e-106;0.08137136344958289;3.44882470983486e-120
6.885396436782046e-107;0.07559226280297782;1.7755176961096217e-120
4.459372122012161e-107;0.08137136344958289;1.0514564464378615e-120
2.4009714397935348e-107;0.07559226280297782;5.413089050351756e-121
1.5550048864530786e-107;0.08137136344958289;3.2056156858394603e-121
8.372304932086703e-108;0.07559226280297782;1.6503092664883763e-121
5.422378152648719e-108;0.08137136344958289;9.773083764061801e-122
2.9194637101502095e-108;0.07559226280297782;5.031361298001218e-122
1.8908098030088985e-108;0.08137136344958289;2.979557614510377e-122
1.0180312857715876e-108;0.07559226280297782;1.533930459282361e-122
6.593346333486811e-109;0.08137136344958289;9.083891832414889e-123
3.5499249235621727e-109;0.07559226280297782;4.676552754915341e-123
2.2991321392625266e-109;0.08137136344958289;2.7694410210817064e-123
1.2378761968377617e-109;0.07559226280297782;1.4257586148812786e-123
8.017186306356881e-110;0.08137136344958289;8.443301297227267e-124
4.3165348893066004e-110;0.07559226280297782;4.3467650948053446e-124
2.795632107141668e-110;0.08137136344958289;2.574141722213495e-124
1.5051968442562414e-110;0.07559226280297782;1.3252149832523703e-124
9.748505996778883e-111;0.08137136344958289;7.847884817537278e-125
5.248695071529687e-111;0.07559226280297782;4.040233860199486e-125
3.399351757567221e-111;0.08137136344958289;2.392614811292192e-125
1.830245662487594e-111;0.07559226280297782;1.2317616274637198e-125
1.1853705968374604e-111;0.08137136344958289;7.294456746386347e-126
6.382156211026342e-112;0.07559226280297782;3.7553190220953086e-126
4.1334452920882e-112;0.08137136344958289;2.2238890678840356e-126
2.2254891098379088e-112;0.07559226280297782;1.1448985455691391e-126
1.4413526055285555e-112;0.08137136344958289;6.780056086704744e-127
7.760389458111756e-113;0.07559226280297782;3.490496205339601e-127
5.0260670860709687e-113;0.08137136344958289;2.0670617614304056e-127
2.7060857892024647e-113;0.07559226280297782;1.0641609954560287e-127
1.752614194250023e-113;0.08137136344958289;6.301930649137778e-128
9.43625360305734e-114;0.07559226280297782;3.2443485327891634e-128
6.111451481416386e-114;0.08137136344958289;1.9212938213834422e-128
3.2904678194794135e-114;0.07559226280297782;9.891170083433219e-129
2.131093045591201e-114;0.08137136344958289;5.857522327052637e-129
1.147402234666691e-114;0.07559226280297782;3.0155590446164406e-129
7.431225761633025e-115;0.08137136344958289;1.7858053479407207e-129
4.0010477547426797e-115;0.07559226280297782;9.193650776260475e-130
2.5913047970666397e-115;0.08137136344958289;5.4444534099426386e-130
1.3951849362034529e-115;0.07559226280297782;2.802903652201096e-130
9.036006665238201e-116;0.08137136344958289;1.6598714393602424e-130
4.8650781633427906e-116;0.07559226280297782;8.545320107011717e-131
3.1508997531535613e-116;0.08137136344958289;5.060513862001962e-131
1.69647656889433e-116;0.07559226280297782;2.605244588908893e-131
1.0987341667882079e-116;0.08137136344958289;1.5428183135306154e-131
5.915696834005189e-117;0.07559226280297782;7.942709322813849e-132
3.831339819870625e-117;0.08137136344958289;4.703649497807701e-132
2.062832441869042e-117;0.07559226280297782;2.42152432271764e-132
1.3360069486358124e-117;0.08137136344958289;1.434019703045717e-132
7.193197695268625e-118;0.07559226280297782;7.382594285139687e-133
4.658721624080448e-118;0.08137136344958289;4.371950991845354e-133
2.508303245237722e-118;0.07559226280297782;2.2507598981210994e-133
1.6245190335900796e-118;0.08137136344958289;1.3328935044965815e-133
8.746576191293093e-119;0.07559226280297782;6.861978219752932e-134
5.664777386258493e-119;0.08137136344958289;4.0636436630761434e-134
3.049973930199369e-119;0.07559226280297782;2.092037677038362e-134
1.975335602252042e-119;0.08137136344958289;1.238898664053114e-134
1.0635408383175037e-119;0.07559226280297782;6.378075683116416e-135
6.888091932773409e-120;0.08137136344958289;3.7770779798903615e-135
3.70861896086817e-120;0.07559226280297782;1.9445084505911098e-135
2.4019113724395024e-120;0.08137136344958289;1.1515322826727175e-135
1.2932135844138509e-120;0.07559226280297782;5.928297659479543e-136
8.375582523230532e-121;0.08137136344958289;3.510720734645603e-136
4.509499068410681e-121;0.07559226280297782;1.807382895595388e-136
2.92060662222505e-121;0.08137136344958289;1.0703269254478695e-136
1.572484398021064e-121;0.07559226280297782;5.510237708910096e-137
1.0184298248063518e-121;0.08137136344958289;3.2631468405712747e-137
5.483330065064517e-122;0.07559226280297782;1.6799273514587913e-137
3.551314648683883e-122;0.08137136344958289;9.948481206968329e-138
1.9120640332125993e-122;0.07559226280297782;5.121659092158412e-138
1.2383608007900579e-122;0.08137136344958289;3.033031707150358e-138
6.667460874548367e-123;0.07559226280297782;1.5614598948883386e-138
4.318224727008403e-123;0.08137136344958289;9.246920354170103e-139
2.324976242502771e-123;0.07559226280297782;4.760482803468264e-139
1.5057860989341948e-123;0.08137136344958289;2.8191441531846356e-139
8.107305959359596e-124;0.07559226280297782;1.4513466914075105e-139
5.250749831434245e-124;0.08137136344958289;8.594833146638876e-140
2.827057271256801e-124;0.07559226280297782;4.42477644730677e-140
1.830962167323843e-124;0.08137136344958289;2.620339819626258e-140
9.858087082231257e-125;0.07559226280297782;1.3489986041621385e-140
6.38465469846147e-125;0.08137136344958289;7.988730732956789e-141
3.4375632184363853e-125;0.07559226280297782;4.112743899500407e-141
2.2263603446360062e-125;0.08137136344958289;2.4355550469324634e-141
1.198695120278049e-125;0.07559226280297782;1.2538680418712138e-141
7.763427496497484e-126;0.08137136344958289;7.425370293389097e-142
4.17990855752752e-126;0.07559226280297782;3.822715697461567e-142
2.7071451680579977e-126;0.08137136344958289;2.2638011841854386e-142
1.4575545736132715e-126;0.07559226280297782;1.1654460290582948e-142
9.439947708980535e-127;0.08137136344958289;6.9017376898793325e-143
5.082564141828055e-127;0.07559226280297782;3.553140108090415e-143
3.2917559722965513e-127;0.08137136344958289;2.104159299529686e-143
1.7723149941314261e-127;0.07559226280297782;1.0832594828884399e-143
1.1478514198592119e-127;0.08137136344958289;6.415031339556249e-144
6.180149134907544e-128;0.07559226280297782;3.302574825562922e-144
4.00261408549549e-128;0.08137136344958289;1.955775263626058e-144
2.1550482536213425e-128;0.07559226280297782;1.0068686820409037e-144
1.3957311234037544e-128;0.08137136344958289;5.962647225471171e-145
7.514758744581458e-129;0.07559226280297782;3.0696792545858115e-145
4.866982744844738e-129;0.08137136344958289;1.817855179817675e-145
2.6204331570937513e-129;0.07559226280297782;9.35864914075431e-146
1.6971407057865054e-129;0.08137136344958289;5.542164964369197e-146
9.137578682412834e-130;0.07559226280297782;2.8532073378317487e-146
5.918012711856041e-130;0.08137136344958289;1.6896611365577591e-146
3.1863184127118945e-130;0.07559226280297782;8.698682887048358e-147
2.0636399998112755e-130;0.08137136344958289;5.151334856952617e-147
1.1110848267416478e-130;0.07559226280297782;2.6520008891793305e-147
7.196013689341117e-131;0.08137136344958289;1.5705072593736525e-147
3.874407175662076e-131;0.07559226280297782;8.08525705274266e-148
2.5092851961543874e-131;0.08137136344958289;4.7880658513518795e-148
1.3510247464041932e-131;0.07559226280297782;2.4649833970890698e-148
8.75000030220354e-132;0.08137136344958289;1.4597560412439722e-148
4.711089419982301e-132;0.07559226280297782;7.515089635726087e-149
3.051167934434004e-132;0.08137136344958289;4.450414355405388e-149
1.642779940348273e-132;0.07559226280297782;2.2911542649614426e-149
1.063957193438473e-132;0.08137136344958289;1.3568149317553025e-149
5.728454061949879e-133;0.07559226280297782;6.985130078683131e-150
3.7100708115545295e-133;0.08137136344958289;4.136573837890333e-150
1.9975399707469776e-133;0.07559226280297782;2.129583457661458e-150
1.2937198518546282e-133;0.08137136344958289;1.2611331667895238e-150
6.965519652563367e-134;0.07559226280297782;6.49254294774751e-151
4.511264447757194e-134;0.08137136344958289;3.844865163068646e-151
2.4289107973195176e-134;0.07559226280297782;1.9794065255669884e-151
1.573099994440282e-134;0.08137136344958289;1.1721988217796272e-151
8.469730839341222e-135;0.07559226280297782;6.0346927621271746e-152
5.4854766799102264e-135;0.08137136344958289;3.5737276068347126e-152
2.9534366008852294e-135;0.07559226280297782;1.839819979518283e-152
1.9128125683164406e-135;0.08137136344958289;1.089536072768175e-152
1.0298777990596644e-135;0.07559226280297782;5.609129893534951e-153
6.670071053094377e-136;0.08137136344958289;3.321710506398976e-153
3.591234295254791e-136;0.07559226280297782;1.7100769919231557e-153
2.3258864245379304e-136;0.08137136344958289;1.0127026506142198e-153
1.2522809769459824e-136;0.07559226280297782;5.213577459982776e-154
8.110479808667331e-137;0.08137136344958289;3.0874654988308064e-154
4.366765062621813e-137;0.07559226280297782;1.5894834010176504e-154
2.8281640080456003e-137;0.08137136344958289;9.412874747280454e-155
1.5227123515553504e-137;0.07559226280297782;4.845919143817575e-155
9.861946327585805e-138;0.08137136344958289;2.8697393069345324e-155
5.309772502821808e-138;0.07559226280297782;1.477393996903835e-155
3.438908956181551e-138;0.08137136344958289;8.749084536734604e-156
1.8515436617378543e-138;0.07559226280297782;4.504187868821887e-156
1.1991643856168378e-138;0.08137136344958289;2.6673670338611945e-156
6.456423376895618e-139;0.07559226280297782;1.3732090694939255e-156
4.181544908733241e-139;0.08137136344958289;8.132104408702986e-157
2.2513864340956647e-139;0.07559226280297782;4.186555275798471e-157
1.4581251772882318e-139;0.08137136344958289;2.479265930580146e-157
7.850694695407581e-140;0.07559226280297782;1.2763711998913159e-157
5.084553864772261e-140;0.08137136344958289;7.558633344595466e-158
2.7375756674689925e-140;0.07559226280297782;3.891321940330253e-158
1.773008820261266e-140;0.08137136344958289;2.3044296028648064e-158
9.54606034992324e-141;0.07559226280297782;1.1863622780414524e-158
6.182568540583337e-141;0.08137136344958289;7.025603111648034e-159
3.328757969588019e-141;0.07559226280297782;3.6169082803779874e-159
2.1558919122228756e-141;0.08137136344958289;2.1419226267982573e-159
1.1607541974302372e-141;0.07559226280297782;1.1027007306961725e-159
7.51770062341996e-142;0.08137136344958289;6.530161847007829e-160
4.047606702444242e-142;0.07559226280297782;3.361846105068497e-160
2.621459004644497e-142;0.08137136344958289;1.9908755439900926e-160
1.4114202691613504e-142;0.07559226280297782;1.0249389448603043e-160
9.141155863034977e-143;0.08137136344958289;6.069658799458391e-161
4.92169156404579e-143;0.07559226280297782;3.1247707594573254e-161
3.1875657931042293e-143;0.08137136344958289;1.8504802097275646e-161
1.7162179388278533e-143;0.07559226280297782;9.526608729352484e-162
1.11151979439007e-143;0.08137136344958289;5.641630147149163e-162
5.984535957253908e-144;0.07559226280297782;2.9044138232379216e-162
3.875923929142705e-144;0.08137136344958289;1.719985469172251e-162
2.0868369810961038e-144;0.07559226280297782;8.854798067463896e-163
1.3515536457670143e-144;0.08137136344958289;5.243785815450185e-163
7.276902698515321e-145;0.07559226280297782;2.699596324333413e-163
4.712933717948753e-145;0.08137136344958289;1.5986931384687647e-163
2.537491589584832e-145;0.07559226280297782;8.230363085447263e-164
1.6434230560765493e-145;0.08137136344958289;4.873997224403579e-164
8.848357376727676e-146;0.07559226280297782;2.5092224310617723e-164
5.730696637973285e-146;0.08137136344958289;1.4859542692631585e-164
3.085465527753771e-146;0.07559226280297782;7.649962879130256e-165
1.9983219679831838e-146;0.08137136344958289;4.530285900217362e-165
1.0759169321071874e-146;0.07559226280297782;2.332273589125668e-165
6.96824651520282e-147;0.08137136344958289;1.381165676645299e-165
3.7517750056915253e-147;0.07559226280297782;7.110492142873719e-166
2.4298616676692037e-147;0.08137136344958289;4.2108128898698064e-166
1.3082623084817635e-147;0.07559226280297782;2.1678030720582302e-166
8.473046570793299e-148;0.08137136344958289;1.2837667119385858e-166
4.561974705832774e-148;0.07559226280297782;6.609064555306339e-167
2.954592812672244e-148;0.08137136344958289;3.913868922189426e-167
1.5907829096452288e-148;0.07559226280297782;2.014930915968059e-167
1.0302809757691612e-148;0.08137136344958289;1.1932362630705957e-167
5.5471378707641985e-149;0.07559226280297782;6.142997336686918e-168
3.592640192175303e-149;0.08137136344958289;3.6378652627697e-168
1.9343141273832767e-149;0.07559226280297782;1.8728392114829625e-168
1.2527712200836779e-149;0.08137136344958289;1.109089966475773e-168
6.745048042007771e-150;0.07559226280297782;5.709796895272344e-169
4.368474564439123e-150;0.08137136344958289;3.3813252137895465e-169
2.3520312675655754e-150;0.07559226280297782;1.7407677277029446e-169
1.52330846320663e-150;0.08137136344958289;1.0308776156130415e-169
8.201648156029182e-151;0.07559226280297782;5.307145485894791e-170
5.311851173327983e-151;0.08137136344958289;3.1428762132614284e-170
2.8599548570168643e-151;0.07559226280297782;1.6180098447493635e-170
1.8522685043179297e-151;0.08137136344958289;9.5818075223318e-171
9.972802574030873e-152;0.07559226280297782;4.932888809368057e-171
6.458950938451565e-152;0.08137136344958289;2.921242491435577e-171
3.4775650719304496e-152;0.07559226280297782;1.5039087731482825e-171
2.252267807182002e-152;0.08137136344958289;8.906104275085688e-172
1.2126439623904649e-152;0.07559226280297782;4.5850244863762174e-172
7.853768086500642e-153;0.08137136344958289;2.7152382450701686e-172
4.2285488527343335e-153;0.07559226280297782;1.3978540398205845e-172
2.738647373986621e-153;0.08137136344958289;8.278051210466862e-173
1.4745156826339237e-153;0.07559226280297782;4.2616913441766025e-173
9.549797443007549e-154;0.08137136344958289;2.52376129304783e-173
5.1417083591867915e-154;0.07559226280297782;1.299278221877939e-173
3.3300611122386514e-154;0.08137136344958289;7.694288066535448e-174
1.7929388722205185e-154;0.07559226280297782;3.9611594587980517e-174
1.1612086096510702e-154;0.08137136344958289;2.3457871793942223e-174
6.25206560729128e-155;0.07559226280297782;1.2076539107494819e-174
4.049191260100618e-155;0.08137136344958289;7.151691544982712e-175
2.180125879554638e-155;0.07559226280297782;3.6818208994571893e-175
1.4119728121721423e-155;0.08137136344958289;2.1803636921481257e-175
7.602205653697709e-156;0.07559226280297782;1.1224908903964782e-175
4.923618308570013e-156;0.08137136344958289;6.647358600599838e-176
2.650926322333258e-156;0.07559226280297782;3.422181125673002e-176
1.7168898040743794e-156;0.08137136344958289;2.0266057687575393e-176
9.243909842166945e-157;0.07559226280297782;1.0433335145175155e-176
5.986878784254665e-157;0.08137136344958289;6.178590909163083e-177
3.223396608582491e-157;0.07559226280297782;3.180850991051495e-177
2.087653936338821e-157;0.08137136344958289;1.8836907607441067e-177
1.1240141751301889e-157;0.07559226280297782;9.697582687116342e-178
7.279751461434583e-158;0.08137136344958289;5.742880430634197e-178
3.919492446352081e-158;0.07559226280297782;2.9565393109587514e-178
2.53848496715876e-158;0.08137136344958289;1.7508540323005602e-178
1.3667462009748817e-158;0.07559226280297782;9.013715045562256e-179
8.851821332951302e-159;0.08137136344958289;5.337895990435241e-179
4.765910901596045e-159;0.07559226280297782;2.7480459543170513e-179
3.0866734262441415e-159;0.08137136344958289;1.6273848692723764e-179
1.6618964593243776e-159;0.07559226280297782;8.378073334763673e-180
1.07633813222314e-159;0.08137136344958289;4.961470807003727e-180
5.795114299325187e-160;0.07559226280297782;2.55425542256342e-180
3.753243751112543e-160;0.08137136344958289;1.5126226766355778e-180
2.0207847218048805e-160;0.07559226280297782;7.787256691372328e-181
1.3087744671992121e-160;0.08137136344958289;4.611590898897051e-181
7.046575237274506e-161;0.07559226280297782;2.3741308814160823e-181
4.563760628349399e-161;0.08137136344958289;1.4059534441260884e-181
2.4571752764550418e-161;0.07559226280297782;7.238104078857833e-182
1.5914056695684164e-161;0.08137136344958289;4.2863843094207983e-182
8.568290461562113e-162;0.07559226280297782;2.2067086135171176e-182
5.549309465098894e-162;0.08137136344958289;1.3068064611107497e-182
2.987804823578268e-162;0.07559226280297782;6.727677375066207e-183
1.935071372957194e-162;0.08137136344958289;3.984111091129763e-183
1.0418621665365519e-162;0.07559226280297782;2.051092862271402e-183
6.747688594389288e-163;0.08137136344958289;1.2146512631236518e-183
3.633024371251409e-163;0.07559226280297782;6.253245652433327e-184
2.352952041105856e-163;0.08137136344958289;3.7031539966158735e-184
1.2668533809979417e-163;0.07559226280297782;1.9064510392948888e-184
8.204858938433695e-164;0.08137136344958289;1.128994793730856e-184
4.417579748833596e-164;0.07559226280297782;5.8122705667483955e-185
2.861074472557288e-164;0.08137136344958289;3.4420098257760837e-185
1.5404316813625354e-164;0.07559226280297782;1.7720092698307252e-185
9.976706728222716e-165;0.08137136344958289;1.0493787665387084e-185
5.371560673176186e-165;0.07559226280297782;5.402392776292704e-186
3.478926469606999e-165;0.08137136344958289;3.199281383265689e-186
1.8730894991780171e-165;0.07559226280297782;1.6470482522999276e-186
1.2131186884239782e-165;0.08137136344958289;9.753772132317014e-187
6.531554766664133e-166;0.07559226280297782;5.021419318692758e-187
4.2302042456498376e-166;0.08137136344958289;2.973670003107158e-187
2.2775851174572448e-166;0.07559226280297782;1.5308994098340033e-187
1.4750929262462933e-166;0.08137136344958289;9.065942045212354e-188
7.942050786649203e-167;0.07559226280297782;4.6673118779497366e-188
5.1437212359177495e-167;0.08137136344958289;2.7639686004589686e-188
2.7694319836500886e-167;0.07559226280297782;1.422941313199196e-188
1.7936407721891317e-167;0.08137136344958289;8.426617318116975e-189
9.657144883733438e-168;0.07559226280297782;4.3381758788711866e-189
6.25451316683808e-168;0.08137136344958289;2.5690552133695603e-189
3.3674936902585585e-168;0.07559226280297782;1.3225963559739025e-189
2.180979355548794e-168;0.08137136344958289;7.832377382501309e-190
1.1742615328296866e-168;0.07559226280297782;4.0322503505565953e-190
7.605181766264847e-169;0.08137136344958289;2.3878869999627906e-190
4.0947074421322896e-169;0.07559226280297782;1.2293276641905847e-190
2.651964107352741e-169;0.08137136344958289;7.280042886251147e-191
1.4278445276368735e-169;0.07559226280297782;3.747898504703884e-191
9.247528649326859e-170;0.08137136344958289;2.2194946589382863e-191
4.978963757276174e-170;0.07559226280297782;1.1426362239078287e-191
3.2246585043523025e-170;0.08137136344958289;6.766658683232431e-192
1.736189032940299e-170;0.07559226280297782;3.483598978327985e-192
1.1244542043617847e-170;0.08137136344958289;2.0629772435346994e-192
6.05417613995895e-171;0.07559226280297782;1.0620582113443216e-192
3.921026849820986e-171;0.08137136344958289;6.289478022421826e-193
2.1111208536765696e-171;0.07559226280297782;3.2379376940375773e-193
1.3672812549750092e-171;0.08137136344958289;1.917497341209126e-193
7.361581750838037e-172;0.07559226280297782;9.871625112901077e-194
4.7677766610840334e-172;0.08137136344958289;5.845947852009955e-194
2.5670195896124735e-172;0.07559226280297782;3.009600294320183e-194
1.662547058790266e-172;0.08137136344958289;1.7822765932426174e-194
8.951322958145564e-173;0.07559226280297782;9.175484105180188e-195
5.7973829715079545e-173;0.08137136344958289;5.433695159850536e-195
3.1213701299848696e-173;0.07559226280297782;2.797365109356854e-195
2.02157581889959e-173;0.08137136344958289;1.6565915303003669e-195
1.0884370426491882e-173;0.07559226280297782;8.528434538543018e-196
7.049333831565977e-174;0.08137136344958289;5.050514277172668e-196
3.7954332439794766e-174;0.07559226280297782;2.6000966207423594e-196
2.4581372117870993e-174;0.08137136344958289;1.5397697016656816e-196
1.323486149868893e-174;0.07559226280297782;7.92701451437861e-197
8.571644777149329e-175;0.08137136344958289;4.694355077627607e-197
4.615060985918514e-175;0.07559226280297782;2.4167393861397443e-197
2.9889744898420666e-175;0.08137136344958289;1.4311860774380154e-197
1.609294355355145e-175;0.07559226280297782;7.368006265063531e-198
1.0422700348879615e-175;0.08137136344958289;4.363312008531664e-198
5.611688188043498e-176;0.07559226280297782;2.24631239236469e-198
3.634446628156904e-176;0.08137136344958289;1.3302597044458177e-198
1.956823138976169e-176;0.07559226280297782;6.848418937992942e-199
1.267349328942479e-176;0.08137136344958289;4.055613895619107e-199
6.823538067191819e-177;0.07559226280297782;2.0879038066868315e-199
4.419309143591607e-177;0.08137136344958289;1.2364505979823687e-199
2.3794011235362303e-177;0.07559226280297782;6.365472593671304e-200
1.5410347297796077e-177;0.08137136344958289;3.7696144667577476e-200
8.297088183484623e-178;0.07559226280297782;1.9406660982661836e-200
5.373663532524214e-178;0.08137136344958289;1.1492568527345195e-200
2.893235261745557e-178;0.07559226280297782;5.9165833322479865e-201
1.8738227765256435e-178;0.08137136344958289;3.503783543926362e-201
1.0088852974312129e-178;0.07559226280297782;1.8038115036228755e-201
6.534111740667388e-179;0.08137136344958289;1.0682119574469985e-201
3.5180324145461085e-179;0.07559226280297782;5.499349468920561e-202
2.2784767468079236e-179;0.08137136344958289;3.256698856328458e-202
1.2267551228380317e-179;0.07559226280297782;1.6766078118792017e-202
7.945159941838055e-180;0.08137136344958289;9.928822989549218e-203
4.277755159920889e-180;0.07559226280297782;5.111538684240286e-203
2.7705161612829767e-180;0.08137136344958289;3.0270384308403496e-203
1.4916741628024009e-180;0.07559226280297782;1.5583744472238768e-203
9.660925464207102e-181;0.08137136344958289;9.228648422304515e-204
5.201540819398811e-181;0.07559226280297782;4.7510760805701906e-204
3.3688119971747163e-181;0.08137136344958289;2.813573519080167e-204
1.813802743961329e-181;0.07559226280297782;1.4484788276384921e-204
1.1747212329041303e-181;0.08137136344958289;8.577849740311528e-205
6.324818949285657e-182;0.07559226280297782;4.4160330807945685e-205
4.096310438793042e-182;0.08137136344958289;2.615162023255677e-205
2.205495326017428e-182;0.07559226280297782;1.3463329804043984e-205
1.4284035004187445e-182;0.08137136344958289;7.972944986129277e-206
7.690670155284178e-183;0.07559226280297782;4.1046171098846134e-206
4.980912922726872e-183;0.08137136344958289;2.43074238561735e-206
2.681774327048001e-183;0.07559226280297782;1.251390396281981e-206
1.7368687164736377e-183;0.08137136344958289;7.410697747840855e-207
9.351478344539656e-184;0.07559226280297782;3.815162004113921e-207
6.056546229708495e-184;0.08137136344958289;2.2593279088234414e-207
3.2609062718806817e-184;0.07559226280297782;1.1631431055312907e-207
2.111947315573232e-184;0.08137136344958289;6.888099843332228e-208
1.1370939783226573e-184;0.07559226280297782;3.5461190966101306e-208
7.364463663924935e-185;0.08137136344958289;2.100001476829507e-208
3.965102360307756e-185;0.07559226280297782;1.0811189601299453e-208
2.5680245268121166e-185;0.08137136344958289;6.402355225665091e-209
1.3826506012203078e-185;0.07559226280297782;3.2960489315482217e-209
8.954827223349864e-186;0.08137136344958289;1.9519106480575633e-209
4.821370323732324e-186;0.07559226280297782;1.0048791076473568e-209
3.122592084414104e-186;0.08137136344958289;5.950865023433158e-210
1.6812354312832543e-186;0.07559226280297782;3.063613562653727e-210
1.088863144139823e-186;0.08137136344958289;1.8142630945920123e-210
5.862550241139929e-187;0.07559226280297782;9.340156432598058e-211
3.796919080733918e-187;0.08137136344958289;5.531213636063329e-211
2.0442999647976938e-187;0.07559226280297782;2.847569394810893e-211
1.3240042684179654e-187;0.08137136344958289;1.6863223630006616e-211
7.128574040602569e-188;0.07559226280297782;8.68149427344029e-212
4.616867690659735e-188;0.08137136344958289;5.141155809667908e-212
2.485768660539102e-188;0.07559226280297782;2.6467605304762663e-212
1.6099243621417738e-188;0.08137136344958289;1.5674039341000974e-212
8.66799699143765e-189;0.07559226280297782;8.069280569727248e-213
5.6138850525457215e-189;0.08137136344958289;4.7786046242997485e-213
3.022572978584305e-189;0.07559226280297782;2.460112585299166e-213
1.9575891963811978e-189;0.08137136344958289;1.4568715605839944e-213
1.0539859923685501e-189;0.07559226280297782;7.500239804590076e-214
6.826209346859744e-190;0.08137136344958289;4.441620328338971e-214
3.675300745358443e-190;0.07559226280297782;2.286626939860824e-214
2.3803326118316787e-190;0.08137136344958289;1.354133862919663e-214
1.2815953595813016e-190;0.07559226280297782;6.971327448620219e-215
8.300336328764866e-191;0.08137136344958289;4.1283999602718434e-215
4.4689857497366395e-191;0.07559226280297782;2.1253753967773914e-215
2.8943679059036334e-191;0.08137136344958289;1.2586411652999036e-215
1.5583572054969012e-191;0.07559226280297782;6.479713670774015e-216
1.009280255993142e-191;0.08137136344958289;3.837267702335662e-216
5.4340678532421394e-192;0.07559226280297782;1.9754952145808288e-216
3.519409654383785e-192;0.08137136344958289;1.1698825547216105e-216
1.8948860588239738e-192;0.07559226280297782;6.022768197974372e-217
1.2272353731106744e-192;0.08137136344958289;3.5666659144185156e-217
6.607560437036475e-193;0.07559226280297782;1.8361844918074454e-217
4.279429816128637e-193;0.08137136344958289;1.0873831474563734e-217
2.304088666744764e-193;0.07559226280297782;5.598046242404168e-218
1.4922581236190643e-193;0.08137136344958289;3.315146800243265e-218
8.034469960297017e-194;0.07559226280297782;1.7066978765977826e-218
5.2035771193499454e-194;0.08137136344958289;1.0107015482878897e-218
2.8016590018697374e-194;0.07559226280297782;5.2032754211984036e-219
1.8145128117214648e-194;0.08137136344958289;3.0813646612469226e-219
9.769522073697042e-195;0.07559226280297782;1.5863425788528158e-219
6.3272949903212866e-195;0.08137136344958289;9.394274889224593e-220
3.4066801664570097e-195;0.07559226280297782;4.836343598551646e-220
2.206358733646149e-195;0.08137136344958289;2.8640686967119026e-220
1.1879260488880526e-195;0.07559226280297782;1.4744746636105782e-220
7.69368089994717e-196;0.08137136344958289;8.731796329372764e-221
4.14235627847158e-196;0.07559226280297782;4.495287585192687e-221
2.6828241884488257e-196;0.08137136344958289;2.662096311627585e-221
1.4444599100974816e-196;0.07559226280297782;1.3704956058115398e-221
9.35513926263241e-197;0.08137136344958289;8.116035355224845e-222
5.0369024091975866e-197;0.07559226280297782;4.1782826347654624e-222
3.262182851938901e-197;0.08137136344958289;2.474366896477426e-222
1.7563925244604582e-197;0.07559226280297782;1.2738490880198688e-222
1.1375391280374948e-197;0.08137136344958289;7.54369747100952e-223
6.12462670379995e-198;0.07559226280297782;3.883632680918758e-223
3.966654619152366e-198;0.08137136344958289;2.299876045671732e-223
2.1356873101257566e-198;0.07559226280297782;1.184018023967449e-223
1.3831918814773412e-198;0.08137136344958289;7.011720506796504e-224
7.447246186942735e-199;0.07559226280297782;3.6097612628703455e-224
4.823257794482911e-199;0.08137136344958289;2.1376901836929702e-224
2.5968911977880997e-199;0.07559226280297782;1.100521791995754e-224
1.6818936015726769e-199;0.08137136344958289;6.517258235019235e-225
9.055486717994227e-200;0.07559226280297782;3.355203090894955e-225
5.864845313154934e-200;0.08137136344958289;1.986941570202141e-225
3.1576925428995606e-200;0.07559226280297782;1.0229136635937247e-225
2.045100267643125e-200;0.08137136344958289;6.057665142350606e-226
1.1011028458216381e-200;0.07559226280297782;3.118596206608868e-226
7.131364735797426e-201;0.08137136344958289;1.846823657381953e-226
3.8395995196010894e-201;0.07559226280297782;9.507784132735943e-227
2.4867417896132927e-201;0.08137136344958289;5.630482275456625e-227
1.3388871463609834e-201;0.07559226280297782;2.8986746961064055e-227
8.671390340151587e-202;0.08137136344958289;1.7165867746773554e-227
4.668765014526575e-202;0.07559226280297782;8.837300969968195e-228
3.0237562558904496e-202;0.08137136344958289;5.2334240848990724e-228
1.6280212129985183e-202;0.07559226280297782;2.6942619169617236e-228
1.054398606957047e-202;0.08137136344958289;1.5955341178455497e-228
5.67698965727862e-203;0.07559226280297782;8.214099872640604e-229
3.6767395526249755e-203;0.08137136344958289;4.8643661967980306e-229
1.979594080932759e-203;0.07559226280297782;2.504264202858237e-229
1.2820970787177446e-203;0.08137136344958289;1.4830180208557568e-229
6.902941456374925e-204;0.07559226280297782;7.634846538213727e-230
4.470735268923309e-204;0.08137136344958289;4.521334046829444e-230
2.407089474004038e-204;0.07559226280297782;2.3276650121638136e-230
1.5589672714007471e-204;0.08137136344958289;1.3784364906923437e-230
8.39363881684115e-205;0.07559226280297782;7.096441797138168e-231
5.436195182910047e-205;0.08137136344958289;4.2024923157461597e-231
2.926902940188097e-205;0.07559226280297782;2.16351948914484e-231
1.8956278690919173e-205;0.08137136344958289;1.2812299865215408e-231
1.0206253816989631e-205;0.07559226280297782;6.596005031418995e-232
6.610147165750545e-206;0.08137136344958289;3.9061351098997256e-232
3.558970663035411e-206;0.07559226280297782;2.0109494087202164e-232
2.304990671708749e-206;0.08137136344958289;1.1908784259893529e-232
1.2410304904687042e-206;0.07559226280297782;6.130858762492798e-233
8.037615295757303e-207;0.08137136344958289;3.6306768342257604e-233
4.3275340655924696e-207;0.07559226280297782;1.8691384777081838e-233
2.802755795740376e-207;0.08137136344958289;1.1068984026335372e-233
1.509032310865333e-207;0.07559226280297782;5.698514325958382e-234
9.773346647609245e-208;0.08137136344958289;3.374643708860848e-234
5.2620695313320465e-208;0.07559226280297782;1.7373279674264304e-234
3.4080138141005216e-208;0.08137136344958289;1.0288405995219784e-234
1.834909402085302e-208;0.07559226280297782;5.2966585565167094e-235
1.1883910983492168e-208;0.08137136344958289;3.1366658840024904e-235
6.398418899281892e-209;0.07559226280297782;1.6148126542785137e-235
4.1439779287056626e-209;0.08137136344958289;9.56287385279738e-236
2.2311599888343955e-209;0.07559226280297782;4.923141411880794e-236
1.4450253874716774e-209;0.08137136344958289;2.915470110824317e-236
7.7801640907478e-210;0.07559226280297782;1.500937046607717e-236
5.0388742564801017e-210;0.08137136344958289;8.888505796428009e-237
2.7129813003945178e-210;0.07559226280297782;4.575964469439959e-237
1.7570801172595688e-210;0.08137136344958289;2.7098729292339265e-237
9.46029858810199e-211;0.07559226280297782;1.3950918776308702e-237
6.127024373546387e-211;0.08137136344958289;8.261693765836233e-238
3.298852423458647e-211;0.07559226280297782;4.2532702341323604e-238
2.1365233893023324e-211;0.08137136344958289;2.5187743360258963e-238
1.1503259871147852e-211;0.07559226280297782;1.296710845688322e-238
7.450161635955433e-212;0.08137136344958289;7.679084138965946e-239
4.011243022639534e-212;0.07559226280297782;3.953332200319809e-239
2.597907829129219e-212;0.08137136344958289;2.3411518995527917e-239
1.3987400760223603e-212;0.07559226280297782;1.2052675843695404e-239
9.059031761242268e-213;0.08137136344958289;7.137559789151762e-240
4.877475109906499e-213;0.07559226280297782;3.6745456144931814e-240
3.1589287168322464e-213;0.08137136344958289;2.1760552894260094e-240
1.700799444841035e-213;0.07559226280297782;1.1202728463035842e-240
1.1015339057227263e-213;0.08137136344958289;6.63422340760758e-241
5.930770914025282e-214;0.07559226280297782;3.4154188893862206e-241
3.8411026465754816e-214;0.08137136344958289;2.0226011919788057e-241
2.0680888473558866e-214;0.07559226280297782;1.0412718855469883e-241
1.3394112940943835e-214;0.08137136344958289;6.166382002003367e-242
7.2115270384891e-215;0.07559226280297782;3.1745656235608176e-242
4.670592743328654e-215;0.08137136344958289;1.87996858428775e-242
2.5146947769362404e-215;0.07559226280297782;9.67842024564038e-243
1.6286585509780781e-215;0.08137136344958289;5.731532488192668e-243
8.768863775175275e-216;0.07559226280297782;2.95069718376628e-243
5.679212086009441e-216;0.08137136344958289;1.747394341467349e-243
3.057745719791212e-216;0.07559226280297782;8.995903927821425e-244
1.9803690527094298e-216;0.08137136344958289;5.327348298002832e-244
1.066250899389139e-216;0.07559226280297782;2.742615810386151e-244
6.905643820893097e-217;0.08137136344958289;1.624169153735582e-244
3.718069076475651e-217;0.07559226280297782;8.361518246228873e-245
2.4080318017389247e-217;0.08137136344958289;4.951666931435828e-245
1.2965088859821245e-217;0.07559226280297782;2.549208209084689e-245
8.396924759777269e-218;0.08137136344958289;1.5096337314054669e-245
4.5209899462759904e-218;0.07559226280297782;7.77186905762677e-246
2.92804876457379e-218;0.08137136344958289;4.602478386680105e-246
1.576491323377662e-218;0.07559226280297782;2.3694395943665947e-246
1.0210249362707753e-218;0.08137136344958289;1.403175277498358e-246
5.4973024099119263e-219;0.07559226280297782;7.223801571698786e-247
3.560363929384516e-219;0.08137136344958289;4.2779144060311746e-247
1.916936258252013e-219;0.07559226280297782;2.2023481531812423e-247
1.2415163292643274e-219;0.08137136344958289;1.3042242091063677e-247
6.684450561743982e-220;0.07559226280297782;6.714383472025812e-248
4.329228209253394e-220;0.08137136344958289;3.9762384801832285e-248
2.3309006295881366e-220;0.07559226280297782;2.047039898950217e-248
1.509623067052305e-220;0.08137136344958289;1.212251109962367e-248
8.127964587110143e-221;0.07559226280297782;6.240889227361674e-249
5.264129527072059e-221;0.08137136344958289;3.6958365574120906e-249
2.834261035872215e-221;0.07559226280297782;1.9026838884856651e-249
1.8356277326830053e-221;0.08137136344958289;1.1267638979128432e-249
9.883206962051416e-222;0.07559226280297782;5.800785509268473e-250
6.400923753236561e-222;0.08137136344958289;3.4352084079409193e-250
3.446322643485174e-222;0.07559226280297782;1.7685077762087015e-250
2.2320334436690244e-222;0.08137136344958289;1.0473051921389109e-250
1.201749574667751e-222;0.07559226280297782;5.391717638091166e-251
7.783209870509572e-223;0.08137136344958289;3.1929595972856152e-251
4.190559589492289e-223;0.07559226280297782;1.6437936818815973e-251
2.7140433787057713e-223;0.08137136344958289;9.73449866039251e-252
1.4612686405935122e-223;0.07559226280297782;5.011496984753956e-252
9.464002107159423e-224;0.08137136344958289;2.9677940256350525e-252
5.095515275182418e-224;0.07559226280297782;1.5278743497450073e-252
3.3001438586817685e-224;0.08137136344958289;9.048027726822803e-253
1.776831117724638e-224;0.07559226280297782;4.6580892609742566e-253
1.1507763168983358e-224;0.08137136344958289;2.7585069933495965e-253
6.195897078929995e-225;0.07559226280297782;1.4201295785104937e-253
4.0128133446372866e-225;0.08137136344958289;8.409966306580533e-254
2.160539638784205e-225;0.07559226280297782;4.3296036352437365e-254
1.399287654989312e-225;0.08137136344958289;2.5639787554765964e-254
7.53390747343388e-226;0.07559226280297782;1.3199829031078274e-254
4.879384544566869e-226;0.08137136344958289;7.816900590185923e-255
2.627110412572811e-226;0.07559226280297782;4.0242826163436546e-255
1.7014652740533122e-226;0.08137136344958289;2.3831685307973974e-255
9.160862599103237e-227;0.07559226280297782;1.2268985104334184e-255
5.933092693079162e-227;0.08137136344958289;7.26565750793046e-256
3.1944376284307627e-227;0.07559226280297782;3.7404926502686685e-256
2.068898463076501e-227;0.08137136344958289;2.2151089333528158e-256
1.1139160370043402e-227;0.07559226280297782;1.1403783725983423e-256
7.214350208135547e-228;0.08137136344958289;6.753287753054384e-257
3.8842797444287267e-228;0.07559226280297782;3.4767153802498126e-257
2.51567923001066e-228;0.08137136344958289;2.0589007966539706e-257
1.3544673594568693e-228;0.07559226280297782;1.0599595823379405e-257
8.772296611232272e-229;0.08137136344958289;6.27705000211949e-258
4.7230939802042576e-229;0.07559226280297782;3.231539523115333e-258
3.058942766527158e-229;0.08137136344958289;1.9137083628867218e-258
1.6469659892569765e-229;0.07559226280297782;9.852118763267166e-259
1.066668315445208e-229;0.08137136344958289;5.834396248151549e-259
5.743051019391122e-230;0.07559226280297782;3.003653318525632e-259
3.719524626694629e-230;0.08137136344958289;1.778754811370382e-259
2.0026300012551814e-230;0.07559226280297782;9.157353331475855e-260
