# ["m", "w0", "wp"] [calculated @ 2025-10-14T10:30:47.784]
0.24026285493370125;0.8652478905717335;0.6841291063054715
0.0;0.0;0.0
0.0;0.0;0.0
0.0;0.0;0.0
0.0015509801557482598;0.007673985973065872;0.0026484530266685964
0.004888731657173388;0.03196992119127327;0.007626058086384367
0.004951271641051686;0.04274445381272643;0.007355009918762379
0.005458677869785739;0.059270017472615;0.007524991269007478
0.004216011471955464;0.059796484512033225;0.0057108783746714995
0.003482950866927648;0.0631130709967755;0.004565761691209359
0.003398174441536859;0.07524807387566987;0.004150096630721153
0.002681915749264465;0.07538134599082345;0.00319892657699435
0.00211894647999956;0.07546260979769591;0.002468855885823286
0.0016756640114170753;0.0755123590256965;0.0019073634536495101
0.001326081661338439;0.07554291544392243;0.0014747868646469338
0.0010500382478329316;0.07556173402491473;0.0011410603842486175
0.0008318362863767885;0.07557334922438828;0.00088330450333892
0.0006592120309453633;0.07558053129762764;0.0006840464187168538
0.0005225554240919907;0.075584978829906;0.0005299013606537055
0.00041431660527795696;0.07558773639573024;0.00041058984517079294
0.0003285517425780577;0.07558944792605357;0.00031820074566466915
0.0002879171333128272;0.08136943945478958;0.00026549082001311807
0.00020784077959804605;0.07559116128647629;0.00019170455102637793
0.00018212400962912986;0.08137060972882863;0.0001599375898969315
0.0001314650880374837;0.07559183114430652;0.0001154811324248384
0.00011519447199660605;0.08137106776406;9.634124941873963e-5
8.315027018865116e-5;0.07559209340422271;6.956009648394685e-5
7.285783635453894e-5;0.08137124729011737;5.8029907688001336e-5
5.258985363857703e-5;0.07559219623205687;4.18979386056277e-5
4.607970411962556e-5;0.08137131775518605;3.495255566420866e-5
3.326072946968387e-5;0.0755922366067798;2.5235717273580237e-5
2.9143163905453546e-5;0.08137134545146321;2.105226524002614e-5
2.1035688277940204e-5;0.07559225248151613;1.5199637403243005e-5
1.8431473482323634e-5;0.08137135635191033;1.2679865004590832e-5
1.330389785170169e-5;0.07559225873141523;9.154775350734692e-6
1.1656852783723452e-5;0.08137136064739679;7.63709287263426e-6
8.413941310180783e-6;0.07559226119505524;5.513918812481337e-6
6.672117958843438e-6;0.07559226179755864;4.2731280998508744e-6
5.8468685886178435e-6;0.08137136275665627;3.5652494583895066e-6
4.2206934505378946e-6;0.07559226240513796;2.574364292290116e-6
3.6984414135909997e-6;0.08137136317523544;2.1477639970421862e-6
2.6696907891526205e-6;0.07559226264543877;1.5507650996819178e-6
2.339276905399382e-6;0.08137136334088223;1.2937391169722649e-6
1.6885475854627982e-6;0.07559226274054777;9.341019024393993e-7
1.4795366723998885e-6;0.0813713634064825;7.792660975257813e-7
1.0679509617070464e-6;0.07559226277821975;5.626346141761756e-7
9.357481587482525e-7;0.08137136343248132;4.693671364885024e-7
6.754310755581604e-7;0.0755922627931525;3.3888267580992405e-7
5.918149863427788e-7;0.08137136344279279;2.8270438228469606e-7
4.271751512288214e-7;0.07559226279907613;2.0411124576093092e-7
3.7429093938869534e-7;0.0813713634468852;1.7027400057626805e-7
2.7016442625845733e-7;0.07559226280142746;1.229366589439324e-7
2.3671761571801177e-7;0.08137136344851052;1.0255616967951263e-7
1.708632836274442e-7;0.07559226280236143;7.40447195053046e-8
1.3549179287376382e-7;0.07559226280259128;5.738252331580737e-8
1.1873331958959535e-7;0.08137136344931527;4.7876639130189824e-8
8.571031479926617e-8;0.075592262802824;3.45703470421809e-8
7.510485733834483e-8;0.08137136344947624;2.884166293026941e-8
5.4213849623739405e-8;0.07559226280291656;2.082474822759761e-8
4.7504080737619325e-8;0.0813713634495404;1.737322531158057e-8
3.4289613529640276e-8;0.0755922628029534;1.254376763257699e-8
3.0045194602488074e-8;0.081371363449566;1.0464525173990279e-8
2.1687055898383862e-8;0.0755922628029681;7.555447506916528e-9
1.9002391848967246e-8;0.08137136344957614;6.302987190252357e-9
1.371609001430647e-8;0.07559226280297407;4.550751428322538e-9
1.2018084337509482e-8;0.08137136344958014;3.796350372337642e-9
8.674716111487182e-9;0.07559226280297632;2.740947268101483e-9
7.600787719759156e-9;0.08137136344958185;2.286557289796415e-9
5.4862734786101605e-9;0.07559226280297723;1.6508786593255538e-9
4.807063592102439e-9;0.08137136344958246;1.3771953248622779e-9
3.469748829670245e-9;0.0755922628029776;9.943238117493594e-10
2.751454144150439e-9;0.07559226280297769;7.70572293356206e-10
2.41113706844939e-9;0.08137136344958275;6.429206923178802e-10
1.7405334736004955e-9;0.07559226280297776;4.64234579950075e-10
1.525166703000385e-9;0.08137136344958286;3.8730583931039147e-10
1.10092956995996e-9;0.0755922628029778;2.796491523612056e-10
9.646731885425312e-10;0.08137136344958287;2.3329971048198973e-10
6.963248273577707e-10;0.07559226280297782;1.6844640558314492e-10
6.101327134194927e-10;0.08137136344958287;1.4052489677472044e-10
4.404026146820118e-10;0.07559226280297782;1.0145978564357033e-10
3.8588469983249723e-10;0.08137136344958289;8.464088045881458e-11
2.7853489814131615e-10;0.07559226280297782;6.111064421041534e-11
2.4405321730418785e-10;0.08137136344958289;5.098002397140886e-11
1.7615888828573377e-10;0.07559226280297782;3.68073396099513e-11
1.5435044762340844e-10;0.08137136344958289;3.0705476053109004e-11
1.1141065879383266e-10;0.07559226280297782;2.216914282746607e-11
9.761783180318285e-11;0.08137136344958289;1.8493933328051363e-11
7.046076074614307e-11;0.07559226280297782;1.335246928961317e-11
5.587423230679615e-11;0.07559226280297782;1.0347778823056604e-11
4.8963357420519104e-11;0.08137136344958289;8.633584651614392e-12
3.5345299811242206e-11;0.07559226280297782;6.23406369105843e-12
3.097181134252503e-11;0.08137136344958289;5.201011244016058e-12
2.2356758035133537e-11;0.07559226280297782;3.755322637016297e-12
1.9589777264333013e-11;0.08137136344958289;3.1329102076128315e-12
1.4140382912659218e-11;0.07559226280297782;2.2620150809317664e-12
1.239006546417494e-11;0.08137136344958289;1.8870657088255166e-12
8.943328404607402e-12;0.07559226280297782;1.3624723213263601e-12
7.836224131883509e-12;0.08137136344958289;1.1366164056660479e-12
5.656254034778572e-12;0.07559226280297782;8.206360849965856e-13
4.956028864926028e-12;0.08137136344958289;6.845950951013187e-13
3.577287547368209e-12;0.07559226280297782;4.942744666976697e-13
3.134419952278194e-12;0.08137136344958289;4.1233441377941636e-13
2.262434590872523e-12;0.07559226280297782;2.97702614867295e-13
1.982341382310606e-12;0.08137136344958289;2.483493544965241e-13
1.430858269191903e-12;0.07559226280297782;1.793062119446687e-13
1.1346472346355669e-12;0.07559226280297782;1.3895714587015712e-13
9.94306960507591e-13;0.08137136344958289;1.1593775846306364e-13
7.177628225473388e-13;0.07559226280297782;8.371532794575012e-14
6.289496721582139e-13;0.08137136344958289;6.984278369931389e-14
4.5400236625525896e-13;0.07559226280297782;5.0429075107274994e-14
3.9781283218452837e-13;0.08137136344958289;4.207088962390285e-14
2.871510838921325e-13;0.07559226280297782;3.037590626320469e-14
2.516070992919983e-13;0.08137136344958289;2.5340826224810214e-14
1.8161364234961703e-13;0.07559226280297782;1.8296222632509043e-14
1.5913149360881617e-13;0.08137136344958289;1.526327286090015e-14
1.1486248193476107e-13;0.07559226280297782;1.1020070115443937e-14
1.0064289412489342e-13;0.08137136344958289;9.193217415898715e-15
7.264456719209452e-14;0.07559226280297782;6.637460110354096e-15
6.365118202450093e-14;0.08137136344958289;5.53711228879067e-15
4.594363172601869e-14;0.07559226280297782;3.997757044040119e-15
4.0255732824965985e-14;0.08137136344958289;3.3350072580446326e-15
2.9056674450211966e-14;0.07559226280297782;2.4078480874663565e-15
2.304146820303781e-14;0.07559226280297782;1.8660128631042103e-15
2.019155515057797e-14;0.08137136344958289;1.5568925747344955e-15
1.4575727810555185e-14;0.07559226280297782;1.1241874450395293e-15
1.2772184543330014e-14;0.08137136344958289;9.378973061212991e-16
9.219500798884294e-15;0.07559226280297782;6.771965719024814e-16
8.07845067941692e-15;0.08137136344958289;5.649570643441106e-16
5.831224337398143e-15;0.07559226280297782;4.079087222225456e-16
5.109426790131122e-15;0.08137136344958289;3.4029417775584637e-16
3.688058136219433e-15;0.07559226280297782;2.45694358247556e-16
3.231509440259752e-15;0.08137136344958289;2.0496580663885015e-16
2.332531331706682e-15;0.07559226280297782;1.479851392957041e-16
2.0437718209265737e-15;0.08137136344958289;1.2345289509191655e-16
1.4752051862336781e-15;0.07559226280297782;8.913241464987385e-17
1.2925750329567143e-15;0.08137136344958289;7.435618147331842e-17
9.329848936591725e-16;0.07559226280297782;5.368465235112775e-17
8.174797942149433e-16;0.08137136344958289;4.478478888643967e-17
5.900586719762441e-16;0.07559226280297782;3.233425294882973e-17
4.679068883661652e-16;0.07559226280297782;2.5058114021167298e-17
4.100332347977345e-16;0.08137136344958289;2.0907032543980365e-17
2.9599170440926535e-16;0.07559226280297782;1.5096368163348546e-17
2.5936685434481477e-16;0.08137136344958289;1.259473506406407e-17
1.872219206294581e-16;0.07559226280297782;9.093864918619443e-18
1.6405042798996434e-16;0.08137136344958289;7.586635020215315e-18
1.1841563267731747e-16;0.07559226280297782;5.477681035208584e-18
1.0375797104759923e-16;0.08137136344958289;4.569706069849933e-18
7.489400377726094e-17;0.07559226280297782;3.2993541282898148e-18
6.562279424183915e-17;0.08137136344958289;2.752422909160835e-18
4.736709778292551e-17;0.07559226280297782;1.9872470159403127e-18
4.150321085590046e-17;0.08137136344958289;1.6578110379744435e-18
2.995723459589374e-17;0.07559226280297782;1.1969318397746573e-18
2.6248534004913413e-17;0.08137136344958289;9.985063395744462e-19
1.8946277842969503e-17;0.07559226280297782;7.209147195070322e-19
1.6600696771696947e-17;0.08137136344958289;6.014011845896036e-19
1.198241859958714e-17;0.07559226280297782;4.342067588072103e-19
9.501862218642926e-18;0.07559226280297782;3.36497722343275e-19
8.326612407260875e-18;0.08137136344958289;2.8075412323781916e-19
6.010752273766906e-18;0.07559226280297782;2.0272449468188996e-19
5.267005413561379e-18;0.08137136344958289;1.6913083159389053e-19
3.801946366599911e-18;0.07559226280297782;1.2211872089926386e-19
3.3313990505952936e-18;0.08137136344958289;1.0187859319323441e-19
2.4046857488295635e-18;0.07559226280297782;7.355809740963011e-20
2.1070302008648944e-18;0.08137136344958289;6.136518027589023e-20
1.5208848653178207e-18;0.07559226280297782;4.4306013949635933e-20
1.332612886862126e-18;0.08137136344958289;3.696144247231451e-20
9.618914532374526e-19;0.07559226280297782;2.6686130250365692e-20
8.428125359749833e-19;0.08137136344958289;2.2262235612892112e-20
6.08346495123597e-19;0.07559226280297782;1.6073230313506118e-20
5.330333016189159e-19;0.08137136344958289;1.3408635172156137e-20
3.8474518348860643e-19;0.07559226280297782;9.680942504808559e-21
3.3711308249579667e-19;0.08137136344958289;8.076031925547245e-21
2.43328947297486e-19;0.07559226280297782;5.830829297099502e-21
1.9295588046872283e-19;0.07559226280297782;4.518724635324226e-21
1.6908988905485105e-19;0.08137136344958289;3.77016095178613e-21
1.2206133603879137e-19;0.07559226280297782;2.7223250187952386e-21
1.0695794609747741e-19;0.08137136344958289;2.2712060277678058e-21
7.72067508222533e-20;0.07559226280297782;1.6398948222266183e-21
6.765126900483414e-20;0.08137136344958289;1.3680963593709243e-21
4.883234941100488e-20;0.07559226280297782;9.87789113631477e-22
4.278780919222195e-20;0.08137136344958289;8.240541716977803e-22
3.0884859359796953e-20;0.07559226280297782;5.949718629090738e-22
2.7061589296037197e-20;0.08137136344958289;4.963438667391163e-22
1.9533288107526393e-20;0.07559226280297782;3.5835985261374985e-22
1.711513292942238e-20;0.08137136344958289;2.9895272931073405e-22
1.2353792435163339e-20;0.07559226280297782;2.1584247667741055e-22
1.0824395015035034e-20;0.08137136344958289;1.8006044634289242e-22
7.813083785879952e-21;0.07559226280297782;1.3000240561809565e-22
6.845810868829034e-21;0.08137136344958289;1.0845055402903094e-22
4.941320994656519e-21;0.07559226280297782;7.830041703014908e-23
3.9183868330999175e-21;0.07559226280297782;6.068056623888794e-23
3.4337362161411436e-21;0.08137136344958289;5.062833428213805e-23
2.4787196472227325e-21;0.07559226280297782;3.6557267140252206e-23
2.172012621049405e-21;0.08137136344958289;3.0499328667376855e-23
1.5678502003331347e-21;0.07559226280297782;2.2021644250467086e-23
1.3738054578440878e-21;0.08137136344958289;1.8371746113277434e-23
9.916465592891433e-22;0.07559226280297782;1.3264716834303524e-23
8.688990858880337e-22;0.08137136344958289;1.1065970552673716e-23
6.2718392392911675e-22;0.07559226280297782;7.989694537989506e-24
5.495441492778867e-22;0.08137136344958289;6.66524944836956e-24
3.9666569757683593e-22;0.07559226280297782;4.81230447279214e-24
3.4755982224793725e-22;0.08137136344958289;4.0145444472154086e-24
2.508704969198384e-22;0.07559226280297782;2.8984823728364805e-24
2.1981277170799047e-22;0.08137136344958289;2.417976469710164e-24
1.586615787926764e-22;0.07559226280297782;1.745762404651952e-24
1.390190084134808e-22;0.08137136344958289;1.4563492043658259e-24
1.0034421898181418e-22;0.07559226280297782;1.0514722683006763e-24
7.957132654632705e-23;0.07559226280297782;8.148606999169077e-25
6.972944667445217e-23;0.08137136344958289;6.798723622050056e-25
5.033576797467956e-23;0.07559226280297782;4.909163202545151e-25
4.410741789766998e-23;0.08137136344958289;4.095661238073167e-25
3.1838592150365975e-23;0.07559226280297782;2.957219017471316e-25
2.789809361694811e-23;0.08137136344958289;2.4670853989109603e-25
2.0137529945024228e-23;0.07559226280297782;1.7812781115534674e-25
1.7644876793418658e-23;0.08137136344958289;1.486015221794813e-25
1.2736327203327421e-23;0.07559226280297782;1.0729115575022586e-25
1.1159683516805863e-23;0.08137136344958289;8.95055891409679e-26
8.055155628073282e-24;0.07559226280297782;6.462295977059625e-26
7.057954532935936e-24;0.08137136344958289;5.391008523597182e-26
5.094468484484825e-24;0.07559226280297782;3.892283018138231e-26
4.4637741452373246e-24;0.08137136344958289;3.247026388537444e-26
3.2219668027212207e-24;0.07559226280297782;2.3443307521933629e-26
2.8230818920612707e-24;0.08137136344958289;1.955686648211339e-26
2.0377065756219326e-24;0.07559226280297782;1.4119898372695358e-26
1.6158680288676768e-24;0.07559226280297782;1.0942514241792617e-26
1.4160073539339787e-24;0.08137136344958289;9.129797285337368e-27
1.0221767275858061e-24;0.07559226280297782;6.592364592452716e-27
8.956965971310775e-25;0.08137136344958289;5.4999377724000876e-27
6.465515327305863e-25;0.07559226280297782;3.9711586554707566e-27
5.665311802454135e-25;0.08137136344958289;3.312973262307859e-27
4.0893613605379986e-25;0.07559226280297782;2.3920237049418288e-27
3.583174181115935e-25;0.08137136344958289;1.9955242325060564e-27
2.5863869343779917e-25;0.07559226280297782;1.4407800007227701e-27
2.266215305156373e-25;0.08137136344958289;1.2019430854806902e-27
1.63577371547012e-25;0.07559226280297782;8.678018926531248e-28
1.4332704472801442e-25;0.08137136344958289;7.239419885276465e-28
1.034542102720917e-25;0.07559226280297782;5.226827402942404e-28
9.064659648693618e-26;0.08137136344958289;4.360332079295342e-28
6.54290103302362e-26;0.07559226280297782;3.1481298148216177e-28
5.732878877671094e-26;0.08137136344958289;2.6262315758654798e-28
4.138004292091194e-26;0.07559226280297782;1.8961178156173064e-28
3.2813698100113383e-26;0.07559226280297782;1.4694366527192222e-28
2.8755094469001807e-26;0.08137136344958289;1.2260124562354154e-28
2.0757511099137634e-26;0.07559226280297782;8.852684078071167e-29
1.8189058266196373e-26;0.08137136344958289;7.38569763023276e-29
1.312962842395861e-26;0.07559226280297782;5.332747075461848e-29
1.1504641951422757e-26;0.08137136344958289;4.448890112037385e-29
8.304333442440485e-27;0.07559226280297782;3.212175217273406e-29
7.276410803278997e-27;0.08137136344958289;2.679728245118028e-29
5.252218530137583e-27;0.07559226280297782;1.9347792424897328e-29
4.6020407313440896e-27;0.08137136344958289;1.6140524794038741e-29
3.321792615523841e-27;0.07559226280297782;1.1653445270313951e-29
2.910565894779303e-27;0.08137136344958289;9.721594771355688e-30
2.100861680785228e-27;0.07559226280297782;7.018946097403082e-30
1.8407753589935612e-27;0.08137136344958289;5.855356121788661e-30
1.328677685064453e-27;0.07559226280297782;4.2275269057901924e-30
1.1641851523495986e-27;0.08137136344958289;3.5266857788188775e-30
8.403113444406967e-28;0.07559226280297782;2.546238418864086e-30
6.663531697943854e-28;0.07559226280297782;1.9732613809245958e-30
5.839344376454229e-28;0.08137136344958289;1.646374498652248e-30
4.21526195424609e-28;0.07559226280297782;1.188799774148668e-30
3.693682008737942e-28;0.08137136344958289;9.918026665494738e-31
2.6662552607860595e-28;0.07559226280297782;7.1611823747383655e-31
2.3362665824165475e-28;0.08137136344958289;5.9742779859310525e-31
1.6863746644821582e-28;0.07559226280297782;4.3135315110584865e-31
1.4776327217669887e-28;0.08137136344958289;3.598524814036081e-31
1.0665766642126496e-28;0.07559226280297782;2.5981556624129157e-31
9.345439881533542e-29;0.08137136344958289;2.167461536024324e-31
6.745618954622644e-29;0.07559226280297782;1.564905398546826e-31
5.910534082334723e-29;0.08137136344958289;1.305483124285461e-31
4.266254403937366e-29;0.07559226280297782;9.425527288411352e-32
3.738092828191529e-29;0.08137136344958289;7.862978023111621e-32
2.698167650523692e-29;0.07559226280297782;5.677016130350607e-32
2.3641299561204718e-29;0.08137136344958289;4.735878091186399e-32
1.706434082113733e-29;0.07559226280297782;3.4192654234350627e-32
1.3531743527971673e-29;0.07559226280297782;2.6498321450216664e-32
1.1858052764731993e-29;0.08137136344958289;2.2108657836441852e-32
8.560001850921696e-30;0.07559226280297782;1.5964027300111712e-32
7.500820868241366e-30;0.08137136344958289;1.3318613604597934e-32
5.414408455533416e-30;0.07559226280297782;9.616532019723057e-33
4.744295013406572e-30;0.08137136344958289;8.02267454451355e-33
3.424548795780953e-30;0.07559226280297782;5.7925090751083995e-33
3.0006530959640212e-30;0.08137136344958289;4.832348526692881e-33
2.165914792226257e-30;0.07559226280297782;3.4889834963505526e-33
1.8977938631553476e-30;0.08137136344958289;2.910617572905701e-33
1.3698439471600919e-30;0.07559226280297782;2.1014634295656873e-33
1.2002618872536895e-30;0.08137136344958289;1.7530932196595445e-33
8.663553058053825e-31;0.07559226280297782;1.2657251306924421e-33
7.591006650489297e-31;0.08137136344958289;1.055895185638172e-33
5.479213470781941e-31;0.07559226280297782;7.623490722228043e-34
4.800877625132095e-31;0.08137136344958289;6.359665334883036e-34
3.4652837854253625e-31;0.07559226280297782;4.591626592891593e-34
2.7479134370037505e-31;0.07559226280297782;3.5583782587890434e-34
2.408034298133845e-31;0.08137136344958289;2.9689038048693974e-34
1.7382936691270918e-31;0.07559226280297782;2.143760229271724e-34
1.5232040431295505e-31;0.08137136344958289;1.7885157434161085e-34
1.099512839393667e-31;0.07559226280297782;1.2913745698277593e-34
9.634317994204505e-32;0.08137136344958289;1.0773403413559963e-34
6.95428762165731e-32;0.07559226280297782;7.778582653028928e-35
6.093475644983935e-32;0.08137136344958289;6.489212521849988e-35
4.3983588283806726e-32;0.07559226280297782;4.6852488532197464e-35
3.853881243350414e-32;0.08137136344958289;3.9085790058571054e-35
2.78176465672617e-32;0.07559226280297782;2.8219907413590745e-35
2.4373915756606713e-32;0.08137136344958289;2.3541750786693702e-35
1.7593219832470127e-32;0.07559226280297782;1.6997034303175032e-35
1.541518218413286e-32;0.08137136344958289;1.4179292372136944e-35
1.1126729005357171e-32;0.07559226280297782;1.0237351710379548e-35
9.749221235416521e-33;0.08137136344958289;8.540199387096309e-36
7.037008835792586e-33;0.07559226280297782;6.165954425196045e-36
5.5802330584059e-33;0.07559226280297782;4.778436949831408e-36
4.8900348953035105e-33;0.08137136344958289;3.9868497978376525e-36
3.5299815733123676e-33;0.07559226280297782;2.878789815509143e-36
3.093195528545121e-33;0.08137136344958289;2.4017428986324596e-36
2.2327988254303603e-33;0.07559226280297782;1.7341472748986453e-36
1.9564568171068448e-33;0.08137136344958289;1.4467272786315286e-36
1.4122186369287065e-33;0.07559226280297782;1.0445619904163938e-36
1.2374121315774238e-33;0.08137136344958289;8.714164328406483e-37
8.931819687749412e-34;0.07559226280297782;6.291676885132353e-37
7.826140091502833e-34;0.08137136344958289;5.248710784692939e-37
5.648975287625602e-34;0.07559226280297782;3.7895647539116184e-37
4.94965120211796e-34;0.08137136344958289;3.161349458703766e-37
3.5726841170076545e-34;0.07559226280297782;2.282479569203621e-37
3.1303864258199483e-34;0.08137136344958289;1.9040936535099978e-37
2.259523178259896e-34;0.07559226280297782;1.3747425406635925e-37
1.979790407477446e-34;0.08137136344958289;1.1468371640769979e-37
1.429016970076069e-34;0.07559226280297782;8.28007095186111e-38
1.1331871145140296e-34;0.07559226280297782;6.416816319939133e-38
9.930274371846525e-35;0.08137136344958289;5.353818228953143e-38
7.168391698844657e-35;0.07559226280297782;3.865838487308153e-38
6.281403086452908e-35;0.08137136344958289;3.2252268241786523e-38
4.5341813357926984e-35;0.07559226280297782;2.328733150939704e-38
3.9730090697716204e-35;0.08137136344958289;1.942765659459301e-38
2.867815636899819e-35;0.07559226280297782;1.4027102371892778e-38
2.512833188453684e-35;0.08137136344958289;1.1701983821116011e-38
1.8137993294157712e-35;0.07559226280297782;8.448899784630491e-39
1.5892671534056148e-35;0.08137136344958289;7.048332619110186e-39
1.1471467121794692e-35;0.07559226280297782;5.088890198545809e-39
1.0051338187622634e-35;0.08137136344958289;4.2452791598216534e-39
7.255108457385001e-36;0.07559226280297782;3.0650717595238245e-39
6.356927253863017e-36;0.08137136344958289;2.556948926775428e-39
4.588450919075671e-36;0.07559226280297782;1.8460995642007907e-39
4.020392975903432e-36;0.08137136344958289;1.5400524288641292e-39
2.9019282885913674e-36;0.07559226280297782;1.1119053148965542e-39
2.3011817303334315e-36;0.07559226280297782;8.616945690847693e-40
2.0165571659797233e-36;0.08137136344958289;7.189478180045094e-40
1.4556971043859259e-36;0.07559226280297782;5.191315854127342e-40
1.275574866521878e-36;0.08137136344958289;4.331058113391066e-40
9.20763668974442e-37;0.07559226280297782;3.127184274820322e-40
8.068054929947123e-37;0.08137136344958289;2.6088803766419038e-40
5.823720429814941e-37;0.07559226280297782;1.8836565254794055e-40
5.102851727293915e-37;0.08137136344958289;1.5714234915593076e-40
3.683312160792244e-37;0.07559226280297782;1.1345768206789851e-40
3.2273509742514335e-37;0.08137136344958289;9.464989546479475e-41
2.3295297151446527e-37;0.07559226280297782;6.83371445919341e-41
2.0411417943698814e-37;0.08137136344958289;5.700855087436526e-41
1.4733068193139297e-37;0.07559226280297782;4.115990792552143e-41
1.2909116835414877e-37;0.08137136344958289;3.433648235781844e-41
9.317842826016224e-38;0.07559226280297782;2.47907044419914e-41
8.16427820826169e-38;0.08137136344958289;2.0680891393671947e-41
5.892993553238598e-38;0.07559226280297782;1.4931435207295133e-41
4.6730476266413665e-38;0.07559226280297782;1.1571431896576861e-41
4.095055837725067e-38;0.08137136344958289;9.654529588213417e-42
2.9561080765984077e-38;0.07559226280297782;6.971258728421299e-42
2.590330882619928e-38;0.08137136344958289;5.816045011453622e-42
1.869809942118373e-38;0.07559226280297782;4.199399782983845e-42
1.6383931979391593e-38;0.08137136344958289;3.503385385925271e-42
1.182632495905758e-38;0.07559226280297782;2.5295045348003446e-42
1.0362445016404005e-38;0.08137136344958289;2.1102163766185647e-42
7.479762647287974e-39;0.07559226280297782;1.523588390009921e-42
6.553834758795482e-39;0.08137136344958289;1.2710243962106804e-42
4.7306143461211677e-39;0.07559226280297782;9.176785406596892e-43
4.1449802473603915e-39;0.08137136344958289;7.65550332603244e-43
2.9918684146305603e-39;0.07559226280297782;5.5272377071543454e-43
2.6214756094483156e-39;0.08137136344958289;4.610940830154196e-43
1.892189683655416e-39;0.07559226280297782;3.32906761177984e-43
1.6579334174893282e-39;0.08137136344958289;2.77717343137665e-43
1.1966999031312637e-39;0.07559226280297782;2.0050966063634147e-43
9.489634752877329e-40;0.07559226280297782;1.553892074303465e-43
8.315897311018655e-40;0.08137136344958289;1.2964771466780313e-43
6.003017340765165e-40;0.07559226280297782;9.36148938422849e-44
5.260227570765983e-40;0.08137136344958289;7.810188339580962e-44
3.797053834170953e-40;0.07559226280297782;5.63924508041281e-44
3.327112041701111e-40;0.08137136344958289;4.704588708706236e-44
2.4015912803986126e-40;0.07559226280297782;3.396794004122949e-44
2.1043187702994653e-40;0.08137136344958289;2.8337448053105607e-44
1.5189277155301109e-40;0.07559226280297782;2.0459800869048566e-44
1.330898014758324e-40;0.08137136344958289;1.7068196513366627e-44
9.606536437908374e-41;0.07559226280297782;1.2323223468232166e-44
8.417279631624837e-41;0.08137136344958289;1.0280340453496308e-44
6.075636447968329e-41;0.07559226280297782;7.4223578747235e-45
5.32347368030585e-41;0.08137136344958289;6.191890921622604e-45
3.84250074377221e-41;0.07559226280297782;4.47050271997485e-45
3.366792687253481e-41;0.08137136344958289;3.7293809638709976e-45
2.4301581958584464e-41;0.07559226280297782;2.6925826921753673e-45
1.9270757530828038e-41;0.07559226280297782;2.0866739744606922e-45
1.6887229583131763e-41;0.08137136344958289;1.7409993687423668e-45
1.2190426148083903e-41;0.07559226280297782;1.2571256770851308e-45
1.0682030732792138e-41;0.08137136344958289;1.048806221059159e-45
7.710739736070775e-42;0.07559226280297782;7.572769138537246e-46
6.756421200940304e-42;0.08137136344958289;6.317647783485478e-46
4.876950953110173e-42;0.07559226280297782;4.561450413591105e-46
4.273274772531746e-42;0.08137136344958289;3.805348925635838e-46
3.084511519683108e-42;0.07559226280297782;2.747483863396952e-46
2.7026765105887357e-42;0.08137136344958289;2.2920357239988923e-46
1.9508151707299935e-42;0.07559226280297782;1.654847857059178e-46
1.7093108330753993e-42;0.08137136344958289;1.3805153670355081e-46
1.2337894964688584e-42;0.07559226280297782;9.9672565826436e-47
1.0810465648724099e-42;0.08137136344958289;8.314900276868295e-47
7.803029523639862e-43;0.07559226280297782;6.003300893795199e-47
6.837001341169068e-43;0.08137136344958289;5.008071234063691e-47
4.9349622586625976e-43;0.07559226280297782;3.6157866564601483e-47
3.913344459325644e-43;0.07559226280297782;2.8021304360171597e-47
3.4293175147261173e-43;0.08137136344958289;2.3379346174576845e-47
2.475529908313507e-43;0.07559226280297782;1.6881554880030397e-47
2.1692175678950626e-43;0.08137136344958289;1.408409684255339e-47
1.5658326132318923e-43;0.07559226280297782;1.0169239252390184e-47
1.372037577104731e-43;0.08137136344958289;8.48377530692901e-48
9.903704595019385e-44;0.07559226280297782;6.125431760181993e-48
8.677809436142382e-44;0.08137136344958289;5.110086278305793e-48
6.263768326682554e-44;0.07559226280297782;3.6895117542645386e-48
5.488369687150298e-44;0.08137136344958289;3.07790442650049e-48
3.9615524855895975e-44;0.07559226280297782;2.222244396584175e-48
3.471125650966296e-44;0.08137136344958289;1.853851715555801e-48
2.505476643695341e-44;0.07559226280297782;1.3384722949370417e-48
2.1952990577297185e-44;0.08137136344958289;1.1165824380534567e-48
1.584574052340244e-44;0.07559226280297782;8.061648516711987e-49
1.38840111884882e-44;0.08137136344958289;6.725185152289458e-49
1.00215091083078e-44;0.07559226280297782;4.855528925082956e-49
7.946893023191221e-45;0.07559226280297782;3.7628949594212916e-49
6.963971537731856e-45;0.08137136344958289;3.139540641795512e-49
5.0270993421488614e-45;0.07559226280297782;2.266972191899466e-49
4.405065829308494e-45;0.08137136344958289;1.891310138016747e-49
3.179762067692372e-45;0.07559226280297782;1.3655959277312447e-49
2.7862192971708617e-45;0.08137136344958289;1.139260147528351e-49
2.01116159765473e-45;0.07559226280297782;8.225654308737085e-50
1.7622170494172785e-45;0.08137136344958289;6.86217802415212e-50
1.2719937468212947e-45;0.07559226280297782;4.954532096150646e-50
1.1145322684685101e-45;0.08137136344958289;4.1332233871743446e-50
8.044789855826517e-46;0.07559226280297782;2.984183794953642e-50
7.048872008327536e-46;0.08137136344958289;2.4894805703244285e-50
5.087912670734373e-46;0.07559226280297782;1.7973933644225238e-50
4.458029940123604e-46;0.08137136344958289;1.4994242858664524e-50
3.2178206166503627e-46;0.07559226280297782;1.082574036463443e-50
2.8194490108013365e-46;0.08137136344958289;9.031044731341672e-51
2.035084354122569e-46;0.07559226280297782;6.520340767394254e-51
1.613788650052236e-46;0.07559226280297782;5.0530761500752005e-51
1.4141851657096414e-46;0.08137136344958289;4.2159927689526885e-51
1.0208613400696208e-46;0.07559226280297782;3.0442473784951527e-51
8.945439704958195e-47;0.08137136344958289;2.5397823361717385e-51
6.4571951827381575e-47;0.07559226280297782;1.833816858422172e-51
5.658021399318209e-47;0.08137136344958289;1.52987748589507e-51
4.0840989682943967e-47;0.07559226280297782;1.1045978709072192e-51
3.578563175544234e-47;0.08137136344958289;9.215008254375e-52
2.583058643884089e-47;0.07559226280297782;6.653289087211529e-52
2.2632990273338136e-47;0.08137136344958289;5.550378829568969e-52
1.63366872103367e-47;0.07559226280297782;4.007368827547678e-52
1.4314260440543704e-47;0.08137136344958289;3.343047050645448e-52
1.0332108028290637e-47;0.07559226280297782;2.4136643834096553e-52
9.05299479679611e-48;0.08137136344958289;2.0135308530963005e-52
6.53448130470636e-48;0.07559226280297782;1.4537554471585261e-52
5.725501525884477e-48;0.08137136344958289;1.2127512788510907e-52
4.132679303719956e-48;0.07559226280297782;8.755965493958444e-53
3.277147181215749e-48;0.07559226280297782;6.785620872708529e-53
2.871809099272367e-48;0.08137136344958289;5.661527291997741e-53
2.0730799308279875e-48;0.07559226280297782;4.0880263704115242e-53
1.8165651687344706e-48;0.08137136344958289;3.410595748137879e-53
1.311273256940139e-48;0.07559226280297782;2.4625763755903594e-53
1.1489837209744818e-48;0.08137136344958289;2.0544255207438256e-53
8.293647015870949e-49;0.07559226280297782;1.4833305784766184e-53
7.267047158348549e-49;0.08137136344958289;1.237455175737611e-53
5.245459715834351e-49;0.07559226280297782;8.9344977121856e-54
4.596118597955966e-49;0.08137136344958289;7.453433377765794e-54
3.317517968664934e-49;0.07559226280297782;5.381372604179809e-54
2.906820434782306e-49;0.08137136344958289;4.4892752793699587e-54
2.0981581881762073e-49;0.07559226280297782;3.241235820191232e-54
1.8384065583136202e-49;0.08137136344958289;2.703908783248709e-54
1.326967876972757e-49;0.07559226280297782;1.9522035712653675e-54
1.1626870213761504e-49;0.08137136344958289;1.6285664705554565e-54
8.39229990285043e-50;0.07559226280297782;1.1758117323372604e-54
6.654956736126939e-50;0.07559226280297782;9.112202005396757e-55
5.831830019603585e-50;0.08137136344958289;7.602691236588088e-55
4.2098375468980843e-50;0.07559226280297782;5.489685142946941e-55
3.688928796233743e-50;0.08137136344958289;4.579984352025046e-55
2.6628241917836494e-50;0.07559226280297782;3.306918233281757e-55
2.3332601591493547e-50;0.08137136344958289;2.7588249772916923e-55
1.684204554244455e-50;0.07559226280297782;1.991919107391239e-55
1.4757312309745755e-50;0.08137136344958289;1.6617405754713146e-55
1.0652041406643241e-50;0.07559226280297782;1.1997862759711442e-55
9.333413707759778e-51;0.08137136344958289;1.0008986921908428e-55
6.736938358868104e-51;0.07559226280297782;7.226480104836928e-56
5.902928115053243e-51;0.08137136344958289;6.028509987638698e-56
4.260764376985694e-51;0.07559226280297782;4.352556102787581e-56
3.733282465650636e-51;0.08137136344958289;3.630996116541664e-56
2.694695515081452e-51;0.07559226280297782;2.621554258737473e-56
2.3610876768873376e-51;0.08137136344958289;2.1869519292777574e-56
1.7042381584263377e-51;0.07559226280297782;1.578961487292164e-56
1.3514330211831135e-51;0.07559226280297782;1.2236496400957e-56
1.1842793236558349e-51;0.08137136344958289;1.0209420719492346e-56
8.548986417612188e-52;0.07559226280297782;7.371929688814278e-57
7.49116844135179e-52;0.08137136344958289;6.1503204172605e-57
5.4074409272208e-52;0.07559226280297782;4.440758999399439e-57
4.738189820179869e-52;0.08137136344958289;3.7047413880318327e-57
3.4201419171923694e-52;0.07559226280297782;2.6748870332499966e-57
2.9967917073055586e-52;0.08137136344958289;2.2315004165882294e-57
2.1631275860593247e-52;0.07559226280297782;1.6111561661103933e-57
1.8953516882471144e-52;0.08137136344958289;1.344076134117982e-57
1.3680811642884107e-52;0.07559226280297782;9.704218337351708e-58
1.1987173309553104e-52;0.08137136344958289;8.095501035115842e-58
8.65240436993478e-53;0.07559226280297782;5.844914001596993e-58
7.581238168079282e-53;0.08137136344958289;4.8759532422170366e-58
5.472162548173858e-53;0.07559226280297782;3.520404753204085e-58
4.794699618605026e-53;0.08137136344958289;2.9367906238057643e-58
3.4608244870394952e-53;0.07559226280297782;2.120338919731728e-58
2.744377286225656e-53;0.07559226280297782;1.643201545377878e-58
2.404935520624206e-53;0.08137136344958289;1.370991773623265e-58
1.7360567469490292e-53;0.07559226280297782;9.899538119530106e-59
1.5212439089092462e-53;0.08137136344958289;8.259076522444113e-59
1.0980979319478248e-53;0.07559226280297782;5.963358964330015e-59
9.621920077802616e-54;0.08137136344958289;4.974983503908182e-59
6.945338500752256e-54;0.07559226280297782;3.592023699205178e-59
6.085634259460962e-54;0.08137136344958289;2.996613420130931e-59
4.3926988029286835e-54;0.07559226280297782;2.163572165796284e-59
3.8489218785560755e-54;0.08137136344958289;1.8049185880653405e-59
2.778184944526036e-54;0.07559226280297782;1.303149696294894e-59
2.4342550197558397e-54;0.08137136344958289;1.0871199872596048e-59
1.7570580007953827e-54;0.07559226280297782;7.848955620396224e-60
1.5395345166073694e-54;0.08137136344958289;6.547767956009606e-60
1.1112410580729938e-54;0.07559226280297782;4.7274434946658145e-60
9.736675455846757e-55;0.08137136344958289;3.9437259926064065e-60
7.027953265142127e-55;0.07559226280297782;2.8473380577757116e-60
5.573052138801333e-55;0.07559226280297782;2.2066049220764497e-60
4.88374215679615e-55;0.08137136344958289;1.8410627742610353e-60
3.5254390186164994e-55;0.07559226280297782;1.3293785903673275e-60
3.089215051712128e-55;0.08137136344958289;1.1090860374063366e-60
2.229925549584933e-55;0.07559226280297782;8.008011725532588e-61
1.9539391518110765e-55;0.08137136344958289;6.680752654993647e-61
1.4104013242126043e-55;0.07559226280297782;4.8236183791189476e-61
1.2358197685091504e-55;0.08137136344958289;4.0240601897076736e-61
8.920325780876923e-56;0.07559226280297782;2.905394656999179e-61
7.816069027763581e-56;0.08137136344958289;2.4237697752751138e-61
5.641705907124108e-56;0.07559226280297782;1.7499597308286812e-61
4.943281746401502e-56;0.08137136344958289;1.4598600649581776e-61
3.5680866105687253e-56;0.07559226280297782;1.0540121602151379e-61
3.126358089902837e-56;0.08137136344958289;8.792796623753562e-62
2.2566155121968643e-56;0.07559226280297782;6.348338774090537e-62
1.977242715364738e-56;0.08137136344958289;5.295908594465763e-62
1.427178040434912e-56;0.07559226280297782;3.8236028871666057e-62
1.131728873347203e-56;0.07559226280297782;2.9631820246446384e-62
9.917495604155452e-57;0.08137136344958289;2.4723066935784165e-62
7.159167058234728e-57;0.07559226280297782;1.7851817076602202e-62
6.273319866613248e-57;0.08137136344958289;1.4893575995172852e-62
4.528346527227528e-57;0.07559226280297782;1.0753713163982286e-62
3.967896405404448e-57;0.08137136344958289;8.971377694447223e-63
2.864125190046838e-57;0.07559226280297782;6.477489074619023e-63
2.5095995505541336e-57;0.08137136344958289;5.403786922132474e-63
1.8114652428235055e-57;0.07559226280297782;3.901565312388195e-63
1.5872220059109993e-57;0.08137136344958289;3.254806040772236e-63
1.1456705071126592e-57;0.07559226280297782;2.3499672126915804e-63
1.003840362903196e-57;0.08137136344958289;1.9604012751453259e-63
7.245772225365732e-58;0.07559226280297782;1.4154005801669983e-63
6.348746845793285e-58;0.08137136344958289;1.1807576717151868e-63
4.582546273729411e-58;0.07559226280297782;8.524989296243352e-64
4.015219335584728e-58;0.08137136344958289;7.111713109256938e-64
2.8981939438927756e-58;0.07559226280297782;5.1345989629940855e-64
2.298220455987349e-58;0.07559226280297782;3.9791661947869364e-64
2.0139621605856245e-58;0.08137136344958289;3.3199847786645864e-64
1.4538238414297392e-58;0.07559226280297782;2.3972657243442445e-64
1.2739333937607564e-58;0.08137136344958289;2.0000126089651676e-64
9.19578784792635e-59;0.07559226280297782;1.444083135449142e-64
8.057672558241367e-59;0.08137136344958289;1.2047387755968576e-64
5.816226178630766e-59;0.07559226280297782;8.698421270936558e-65
5.096285125572419e-59;0.08137136344958289;7.256579604474347e-65
3.678572292720735e-59;0.07559226280297782;5.239292310998105e-65
3.2231978595626322e-59;0.08137136344958289;4.370779135508025e-65
2.326531961211118e-59;0.07559226280297782;3.155698844630185e-65
2.0385151522613075e-59;0.08137136344958289;2.632562703673597e-65
1.4714108953065233e-59;0.07559226280297782;1.900697997571642e-65
1.289250474606472e-59;0.08137136344958289;1.5856032374817985e-65
9.305852165496994e-60;0.07559226280297782;1.144794647659225e-65
8.153772011687249e-60;0.08137136344958289;9.550101261420849e-66
5.885410157976596e-60;0.07559226280297782;6.895095356075677e-66
4.667034118072108e-60;0.07559226280297782;5.343500154241804e-66
4.089786117546881e-60;0.08137136344958289;4.4583056621550753e-66
2.952304010671726e-60;0.07559226280297782;3.219214564240628e-66
2.586997516858566e-60;0.08137136344958289;2.685755548107525e-66
1.8674037783023425e-60;0.07559226280297782;1.9392149207338283e-66
1.6362848326232446e-60;0.08137136344958289;1.6178067258554362e-66
1.1811106259791898e-60;0.07559226280297782;1.1680842952426217e-66
1.0349110110175079e-60;0.08137136344958289;9.744638031599697e-67
7.470137319157568e-61;0.07559226280297782;7.035684839857589e-67
6.545400960419691e-61;0.08137136344958289;5.869385152935162e-67
4.72452675785306e-61;0.07559226280297782;4.237691123611139e-67
4.139646281985244e-61;0.08137136344958289;3.535187656037149e-67
2.9880183305340735e-61;0.07559226280297782;2.5523890046354204e-67
2.6181021651136923e-61;0.08137136344958289;2.1292579222125053e-67
1.8897547204822516e-61;0.07559226280297782;1.5373095962557053e-67
1.6557999068534672e-61;0.08137136344958289;1.282453787184921e-67
1.1951599305700417e-61;0.07559226280297782;9.259211929114997e-68
9.477423022018824e-62;0.07559226280297782;7.175622354198011e-68
8.305196003491674e-62;0.08137136344958289;5.986921839201629e-68
5.995292361457383e-62;0.07559226280297782;4.322984434048836e-68
5.253458450033575e-62;0.08137136344958289;3.606618694230432e-68
3.792167597694454e-62;0.07559226280297782;2.604112198586885e-68
3.322830549541778e-62;0.08137136344958289;2.1725029983586373e-68
2.398500794082532e-62;0.07559226280297782;1.5685845491886003e-68
2.1016108289368535e-62;0.08137136344958289;1.3085775329791568e-68
1.516973084299443e-62;0.07559226280297782;9.44800523190733e-69
1.3291853494366769e-62;0.08137136344958289;7.881817178458666e-69
9.594174272185756e-63;0.07559226280297782;5.690665346501741e-69
8.406447860318682e-63;0.08137136344958289;4.74729500116285e-69
6.067818018805475e-63;0.07559226280297782;3.427524856293356e-69
5.316623171354854e-63;0.08137136344958289;2.859315112464745e-69
3.837556023967021e-63;0.07559226280297782;2.0644058736404742e-69
3.362460132078941e-63;0.08137136344958289;1.7221678296846137e-69
2.4270309482241307e-63;0.07559226280297782;1.2433911515483388e-69
1.92459589679187e-63;0.07559226280297782;9.635923024946963e-70
1.6865498261749506e-63;0.08137136344958289;8.039653587004929e-70
1.2174738905418865e-63;0.07559226280297782;5.805203115262631e-70
1.066828456787345e-63;0.08137136344958289;4.8432175499881615e-70
7.700817175210536e-64;0.07559226280297782;3.496982345960311e-70
6.747726704321503e-64;0.08137136344958289;2.917387597941671e-70
4.8706750516660755e-64;0.07559226280297782;2.106404048041879e-70
4.2677757114229146e-64;0.08137136344958289;1.7572486061205842e-70
3.080542217861781e-64;0.07559226280297782;1.2687436247351174e-70
2.699198572922596e-64;0.08137136344958289;1.0584250379885081e-70
1.948304765383527e-64;0.07559226280297782;7.641819835675084e-71
1.7071112074427346e-64;0.08137136344958289;6.3749967528821225e-71
1.2322017951864297e-64;0.07559226280297782;4.602717931778123e-71
1.0796554207409947e-64;0.08137136344958289;3.839686506308237e-71
7.792988199721174e-65;0.07559226280297782;2.7722272868791875e-71
6.828203150044556e-65;0.08137136344958289;2.312646321635419e-71
4.928611705404328e-65;0.07559226280297782;1.669711815200321e-71
3.908308574327075e-65;0.07559226280297782;1.2939785284043213e-71
3.424904499514385e-65;0.08137136344958289;1.0796204048600136e-71
2.4723442741179103e-65;0.07559226280297782;7.795629089946017e-72
2.166426111553222e-65;0.08137136344958289;6.503808199640693e-72
1.5638176224614113e-65;0.07559226280297782;4.69599026285966e-72
1.3702719713616547e-65;0.08137136344958289;3.917670264692021e-72
9.89096001862988e-66;0.07559226280297782;2.828625346273078e-72
8.666642402211664e-66;0.08137136344958289;2.3597552196106047e-72
6.255707800123067e-66;0.07559226280297782;1.7037568733236628e-72
5.481306981870609e-66;0.08137136344958289;1.4213264982886239e-72
3.9564545641209955e-66;0.07559226280297782;1.0261965314269649e-72
3.466658834979223e-66;0.08137136344958289;8.560787477774744e-73
2.5022524725610645e-66;0.07559226280297782;6.180848643770919e-73
2.192474038438135e-66;0.08137136344958289;5.156197161500271e-73
1.5825349441599528e-66;0.07559226280297782;3.722738938232624e-73
1.3866144556917473e-66;0.08137136344958289;3.105581765485244e-73
1.0008612935250184e-66;0.07559226280297782;2.2422047497666803e-73
7.93666656861338e-67;0.07559226280297782;1.737644050950303e-73
6.955009955085135e-67;0.08137136344958289;1.449789105931269e-73
5.0206302223393056e-67;0.07559226280297782;1.046851104110994e-73
4.399397172956339e-67;0.08137136344958289;8.733764416140461e-74
3.175670192759782e-67;0.07559226280297782;6.3061011944619814e-74
2.782633852519312e-67;0.08137136344958289;5.260919157153035e-74
2.008573535544531e-67;0.07559226280297782;3.798474161221065e-74
1.759949341451464e-67;0.08137136344958289;3.1688428587078282e-74
1.2703568824219366e-67;0.07559226280297782;2.2879228134081497e-74
1.1130980332792642e-67;0.08137136344958289;1.9086557311386416e-74
8.034437422767604e-68;0.07559226280297782;1.3780478259858149e-74
7.03980117156053e-68;0.08137136344958289;1.1496018755851468e-74
5.081365293328957e-68;0.07559226280297782;8.30007194085132e-75
4.452293126936835e-68;0.08137136344958289;6.924098913956804e-75
3.2136797660965998e-68;0.07559226280297782;4.99915186169125e-75
2.8158208045124936e-68;0.08137136344958289;4.170390436222903e-75
2.0324655070273852e-68;0.07559226280297782;3.0109879406184284e-75
1.6117119470841942e-68;0.07559226280297782;2.333428864176271e-75
1.412365322367148e-68;0.08137136344958289;1.9468772933663886e-75
1.0195476452590792e-68;0.07559226280297782;1.4057842177121771e-75
8.933928271174625e-69;0.08137136344958289;1.1728304177367234e-75
6.448885744943566e-69;0.07559226280297782;8.46826974691776e-76
5.65074037783325e-69;0.08137136344958289;7.064726867786971e-76
4.0788433479571435e-69;0.07559226280297782;5.100854368173739e-76
3.573958103642314e-69;0.08137136344958289;4.255341816699364e-76
2.57973463639884e-69;0.07559226280297782;3.0723813251018044e-76
2.2603865023216406e-69;0.08137136344958289;2.5630752008034514e-76
1.6315664354080636e-69;0.07559226280297782;1.850538130414048e-76
1.429584014297793e-69;0.08137136344958289;1.5437650750937843e-76
1.0318812161196884e-69;0.07559226280297782;1.1145911863209288e-76
9.041344955806337e-70;0.08137136344958289;9.298159916815145e-77
6.526072411311511e-70;0.07559226280297782;6.713207600884271e-77
5.718133667638622e-70;0.08137136344958289;5.600289319003652e-77
4.1273611678068475e-70;0.07559226280297782;4.0433632920869364e-77
3.2729299863075275e-70;0.07559226280297782;3.133490004004673e-77
2.8681135134347033e-70;0.08137136344958289;2.6144017636212866e-77
2.0704121891474396e-70;0.07559226280297782;1.88778447957687e-77
1.8142275229235194e-70;0.08137136344958289;1.5749579714177379e-77
1.3095858457264611e-70;0.07559226280297782;1.1371779534641704e-77
1.1475051519539964e-70;0.08137136344958289;9.48700487985454e-78
8.282974341123108e-71;0.07559226280297782;6.84978077538196e-78
7.257695563019045e-71;0.08137136344958289;5.714367920514097e-78
5.238709599107318e-71;0.07559226280297782;4.1258065838213117e-78
4.590204085461699e-71;0.08137136344958289;3.4418750211462185e-78
3.313248822632816e-71;0.07559226280297782;2.4850308585382624e-78
2.9030797946282873e-71;0.08137136344958289;2.0730747380402994e-78
2.095458174555052e-71;0.07559226280297782;1.496750295030426e-78
1.836040805923435e-71;0.08137136344958289;1.248621357277264e-78
1.3252602691465887e-71;0.07559226280297782;9.014960445175161e-79
1.1611908182716629e-71;0.08137136344958289;7.520456642172756e-79
8.381500276693454e-72;0.07559226280297782;5.429708465865945e-79
6.646392808994559e-72;0.07559226280297782;4.2078675531698115e-79
5.824325332598612e-72;0.08137136344958289;3.51079988703724e-79
4.20442011994547e-72;0.07559226280297782;2.535047837662485e-79
3.684181700398254e-72;0.08137136344958289;2.1149627211400404e-79
2.659397538050351e-72;0.07559226280297782;1.5270813713930696e-79
2.330257604696167e-72;0.08137136344958289;1.2739807677600619e-79
1.6820372366118308e-72;0.07559226280297782;9.198360369498454e-80
1.473832187114468e-72;0.08137136344958289;7.673649294835875e-80
1.0638333833471152e-72;0.07559226280297782;5.540419031983029e-80
9.321403009860619e-73;0.08137136344958289;4.621988327723173e-80
6.728268933733087e-73;0.07559226280297782;3.33707166925855e-80
5.895331935506263e-73;0.08137136344958289;2.7838684388165573e-80
4.255281414871963e-73;0.07559226280297782;2.0099400328728383e-80
3.728478293321936e-73;0.08137136344958289;1.6767352979479977e-80
2.691227847754657e-73;0.07559226280297782;1.21059136942775e-80
2.3580493126094374e-73;0.08137136344958289;1.009899040659964e-80
1.702045060562043e-73;0.07559226280297782;7.291388849968932e-81
1.3496939304006207e-73;0.07559226280297782;5.650616189102389e-81
1.1827553345099537e-73;0.08137136344958289;4.714545414683323e-81
8.537985159506547e-74;0.07559226280297782;3.404237935401237e-81
7.481528435682073e-74;0.08137136344958289;2.8401185256934475e-81
5.400482365067887e-74;0.07559226280297782;2.0506707043975549e-81
4.732092483417468e-74;0.08137136344958289;1.7107896719532483e-81
3.4157407095928952e-74;0.07559226280297782;1.2352195823732981e-81
2.9929352876728135e-74;0.08137136344958289;1.0304708118065562e-81
2.1603439666070054e-74;0.07559226280297782;7.440058671274148e-82
1.8929126560502163e-74;0.08137136344958289;6.206726267037712e-82
1.366320649852827e-74;0.07559226280297782;4.481251123102137e-82
1.197174762268291e-74;0.08137136344958289;3.7383714838785976e-82
8.641270028498469e-75;0.07559226280297782;2.699086780980224e-82
7.57148225623508e-75;0.08137136344958289;2.251636369183506e-82
5.465120699041364e-75;0.07559226280297782;1.6256659944828842e-82
4.78852956224201e-75;0.08137136344958289;1.356162425838093e-82
3.4563709270991187e-75;0.07559226280297782;9.791382299007524e-83
2.740845685941107e-75;0.07559226280297782;7.588039051393931e-83
2.401840730774582e-75;0.08137136344958289;6.331018338350465e-83
1.7338227033529505e-75;0.07559226280297782;4.571446640435254e-83
1.5192862970865076e-75;0.08137136344958289;3.813907999115514e-83
1.096684845274795e-75;0.07559226280297782;2.753782749663263e-83
9.609538115652152e-76;0.08137136344958289;2.2973669428368648e-83
6.936400896018141e-76;0.07559226280297782;1.658738465757306e-83
6.077802964620327e-76;0.08137136344958289;1.3837876259211753e-83
4.3870460610770985e-76;0.07559226280297782;9.991026439057875e-84
3.84396889571741e-76;0.08137136344958289;8.33482220689919e-84
2.774609838876438e-76;0.07559226280297782;6.017734594464389e-84
2.431122500126132e-76;0.08137136344958289;5.020144327444471e-84
1.7547969317482337e-76;0.07559226280297782;3.6245207976924163e-84
1.5375533675269515e-76;0.08137136344958289;3.023653372857617e-84
1.1098110581758981e-76;0.07559226280297782;2.183056968981433e-84
9.72414582080604e-77;0.08137136344958289;1.8211488982632965e-84
7.018909347647415e-77;0.07559226280297782;1.3148546771816518e-84
5.565880459958933e-77;0.07559226280297782;1.0189744749700595e-84
4.877457516095622e-77;0.08137136344958289;8.501730214687559e-85
3.520902309504447e-77;0.07559226280297782;6.138855386406383e-85
3.0852396971534e-77;0.08137136344958289;5.121579995386199e-85
2.2270559712128284e-77;0.07559226280297782;3.6979703353058823e-85
1.9514247263714106e-77;0.08137136344958289;3.085063556652005e-85
1.4085863501042986e-77;0.07559226280297782;2.227468975594162e-85
1.2342294545723517e-77;0.08137136344958289;1.858245931581057e-85
8.908846664931684e-78;0.07559226280297782;1.3416642760003732e-85
7.806010923966753e-78;0.08137136344958289;1.1192576928928347e-85
5.634445881220616e-78;0.07559226280297782;8.081031090340895e-86
4.936920487215379e-78;0.08137136344958289;6.741397738842618e-86
3.5634950204282524e-78;0.07559226280297782;4.867257735275141e-86
3.1223349378474223e-78;0.08137136344958289;4.060371312312966e-86
2.2537115878621924e-78;0.07559226280297782;2.931560201168109e-86
1.9746983017481195e-78;0.08137136344958289;2.4455649606985742e-86
1.4253414772192785e-78;0.07559226280297782;1.7656779904117384e-86
1.1302725087171617e-78;0.07559226280297782;1.3683495480295006e-86
9.904733280814018e-79;0.08137136344958289;1.1416712569839679e-86
7.14995428834812e-79;0.07559226280297782;8.243680484395322e-87
6.265247048660257e-79;0.08137136344958289;6.877612584053755e-87
4.5225192271823094e-79;0.07559226280297782;4.965890865019946e-87
3.962790320266399e-79;0.08137136344958289;4.142837163326491e-87
2.8604394922432174e-79;0.07559226280297782;2.9911997217531613e-87
2.506370073859612e-79;0.08137136344958289;2.49538142815728e-87
1.8091341598491954e-79;0.07559226280297782;1.8016797778240547e-87
1.5851794902132287e-79;0.08137136344958289;1.5030168034812153e-87
1.1441962016994693e-79;0.07559226280297782;1.0851768627869919e-87
1.002548571527036e-79;0.08137136344958289;9.052816116226514e-88
7.23644800767114e-80;0.07559226280297782;6.536091026620201e-88
6.3405769646768244e-80;0.08137136344958289;5.452548014216598e-88
4.576649226772526e-80;0.07559226280297782;3.936702218578658e-88
4.010052352962019e-80;0.08137136344958289;3.2840741263386507e-88
2.8944644047334522e-80;0.07559226280297782;2.371074781060175e-88
2.295262992355416e-80;0.07559226280297782;1.8375146106064696e-88
2.0113704945726837e-80;0.08137136344958289;1.5331152907811436e-88
1.4519529890808856e-80;0.07559226280297782;1.1070185507103499e-88
1.2722940333278871e-80;0.08137136344958289;9.235734851148739e-89
9.183954253783347e-81;0.07559226280297782;6.668542429302297e-89
8.047303547084506e-81;0.08137136344958289;5.5632888744972636e-89
5.808741571419302e-81;0.07559226280297782;4.016790300313622e-89
5.089726974078461e-81;0.08137136344958289;3.3509711315198106e-89
3.6738385241456515e-81;0.07559226280297782;2.4194204764077868e-89
3.219050089307018e-81;0.08137136344958289;2.0183551347394655e-89
2.3235380649354594e-81;0.07559226280297782;1.4572507027423688e-89
2.03589189024558e-81;0.08137136344958289;1.2156748913064501e-89
1.4695174110678097e-81;0.07559226280297782;8.777116033665337e-90
1.28759140339719e-81;0.08137136344958289;7.322059378456626e-90
9.293876935152157e-82;0.07559226280297782;5.286476583897874e-90
8.143279335005674e-82;0.08137136344958289;4.410082349317837e-90
5.877836521402299e-82;0.07559226280297782;3.184043550357992e-90
4.661028347982794e-82;0.07559226280297782;2.467541973507086e-90
4.084523178704987e-82;0.08137136344958289;2.058773469550488e-90
2.948504840005032e-82;0.07559226280297782;1.4865812350886333e-90
2.5836684406369664e-82;0.08137136344958289;1.2402384868041981e-90
1.8650007108567955e-82;0.07559226280297782;8.954980957123045e-91
1.6341791804559934e-82;0.08137136344958289;7.470769880864364e-91
1.1795907144700346e-82;0.07559226280297782;5.394024410792952e-91
1.0335792363962342e-82;0.08137136344958289;4.4999162843699035e-91
7.460524377374954e-83;0.07559226280297782;3.2489655008121666e-91
6.536978015072369e-83;0.08137136344958289;2.7103871630002545e-91
4.718447003394319e-83;0.07559226280297782;1.9568972427123686e-91
4.134319180620292e-83;0.08137136344958289;1.632492499990122e-91
2.9841732009160267e-83;0.07559226280297782;1.1786519733991728e-91
2.614733061893918e-83;0.08137136344958289;9.832568810372505e-92
1.8873228907400045e-83;0.07559226280297782;7.099047151752984e-92
1.6536691417245024e-83;0.08137136344958289;5.922164232464468e-92
1.1936219397215997e-83;0.07559226280297782;4.275754358976093e-92
9.465227005818944e-84;0.07559226280297782;3.313586382319793e-92
8.294508466935967e-84;0.08137136344958289;2.764663704296729e-92
5.987577323034651e-84;0.07559226280297782;1.9962843143862268e-92
5.246698040140179e-84;0.08137136344958289;1.6654781984771344e-92
3.7872876490684785e-84;0.07559226280297782;1.2025369080665305e-92
3.318554567018095e-84;0.08137136344958289;1.0032267579826787e-92
2.3954142847569404e-84;0.07559226280297782;7.243469827627934e-93
2.0989063722869767e-84;0.08137136344958289;6.0427994666589405e-93
1.5150209683848204e-84;0.07559226280297782;4.362936053653751e-93
1.3274748880573875e-84;0.08137136344958289;3.6396957338753126e-93
9.581828014708769e-85;0.07559226280297782;2.627857246065292e-93
8.395630027871012e-85;0.08137136344958289;2.1922240737077056e-93
6.060009650783565e-85;0.07559226280297782;1.582775559841406e-93
5.309781477977248e-85;0.08137136344958289;1.320385487383041e-93
3.8326176672715915e-85;0.07559226280297782;9.533092535832912e-94
3.3581331522504547e-85;0.08137136344958289;7.952692584460813e-94
2.4239077248865895e-85;0.07559226280297782;5.741779297034916e-94
1.922119231702534e-85;0.07559226280297782;4.449713452083511e-94
1.6843794905305307e-85;0.08137136344958289;3.712582035324441e-94
1.2159071849872802e-85;0.07559226280297782;2.68074893574644e-94
1.0654556092198936e-85;0.08137136344958289;2.2365195558074594e-94
7.690907383191854e-86;0.07559226280297782;1.6148499055287748e-94
6.739043396210515e-86;0.08137136344958289;1.3472024222167462e-94
4.864407226362041e-86;0.07559226280297782;9.727033314638462e-95
4.262283726777612e-86;0.08137136344958289;8.114689937918836e-95
3.076578023934147e-86;0.07559226280297782;5.858852919033269e-95
2.695725110838484e-86;0.08137136344958289;4.88763569132537e-95
1.945797590550693e-86;0.07559226280297782;3.528868841435057e-95
1.7049144123970162e-86;0.08137136344958289;2.943870424747859e-95
1.2306161370364545e-86;0.07559226280297782;2.12546072069643e-95
1.078266066802584e-86;0.08137136344958289;1.7731051456793205e-95
7.782959797474228e-87;0.07559226280297782;1.2801697376289679e-95
6.819416280867087e-87;0.08137136344958289;1.0679426787294418e-95
4.92226932435176e-87;0.07559226280297782;7.710459191054554e-96
3.903279169754135e-87;0.07559226280297782;5.975383624008989e-96
3.4204971631886685e-87;0.08137136344958289;4.985512468511947e-96
2.4691627393537917e-87;0.07559226280297782;3.5998954681538936e-96
2.163638247395323e-87;0.08137136344958289;3.003353468140798e-96
1.5618052246806123e-87;0.07559226280297782;2.168532375092818e-96
1.3685086376872851e-87;0.08137136344958289;1.8091167844010015e-96
9.878231842590946e-88;0.07559226280297782;1.3062134495709065e-96
8.655489738571935e-88;0.08137136344958289;1.0896968061223556e-96
6.247657646247398e-88;0.07559226280297782;7.867673764807567e-97
5.474253365229022e-88;0.08137136344958289;6.563455958358953e-97
3.951363202909618e-88;0.07559226280297782;4.738809658971028e-97
3.4621977671116525e-88;0.08137136344958289;3.9532332399979937e-97
2.4990324504495007e-88;0.07559226280297782;2.854215967092674e-97
2.1896526545209588e-88;0.08137136344958289;2.381048479914446e-97
1.5804984600048193e-88;0.07559226280297782;1.7191006496380729e-97
1.3848300917011008e-88;0.08137136344958289;1.4341074459237916e-97
9.995733357625209e-89;0.07559226280297782;1.0354138997926728e-97
7.92645327394256e-89;0.07559226280297782;8.024159271954123e-98
6.946059904645733e-89;0.08137136344958289;6.694891678404622e-98
5.01416942731274e-89;0.07559226280297782;4.8341891360395155e-98
4.3937358113112544e-89;0.08137136344958289;4.0331111933142905e-98
3.171583583454022e-89;0.07559226280297782;2.912055569824541e-98
2.7790530217950962e-89;0.08137136344958289;2.4294074042830522e-98
2.0059888038805292e-89;0.07559226280297782;1.7540739510701915e-98
1.757684551684304e-89;0.08137136344958289;1.4633203959211343e-98
1.2687221244205652e-89;0.07559226280297782;1.0565257623783281e-98
1.1116656437347234e-89;0.08137136344958289;8.813863560611666e-99
8.02409831173105e-90;0.07559226280297782;6.363602047285209e-99
7.03074200759446e-90;0.08137136344958289;5.308675585191086e-99
5.074826341412288e-90;0.07559226280297782;3.832839020491268e-99
4.446563696164712e-90;0.08137136344958289;3.197436924436207e-99
3.209544244193915e-90;0.07559226280297782;2.3085274996889393e-99
2.812197267178767e-90;0.08137136344958289;1.925818873444523e-99
2.0298500299940387e-90;0.07559226280297782;1.3904255470642654e-99
1.609637916520132e-90;0.07559226280297782;1.0775397208470597e-99
1.4105478208889794e-90;0.08137136344958289;8.990364555030301e-100
1.0182356409759253e-90;0.07559226280297782;6.491684219649537e-100
8.922431650872808e-91;0.08137136344958289;5.415941237082003e-100
6.440587000144078e-91;0.07559226280297782;3.910510047784356e-100
5.643468725926466e-91;0.08137136344958289;3.2623766397366484e-100
4.0735944908118127e-91;0.07559226280297782;2.355492072780081e-100
3.5693589577744434e-91;0.08137136344958289;1.965048047390856e-100
2.5764149064106504e-91;0.07559226280297782;1.418776019364363e-100
2.2574777252905584e-91;0.08137136344958289;1.1835866860071307e-100
1.62946685510747e-91;0.07559226280297782;8.545485877355468e-101
1.4277443549561184e-91;0.08137136344958289;7.128857509256961e-101
1.030553340388182e-91;0.07559226280297782;5.1470018829599975e-101
9.029710106407553e-92;0.08137136344958289;4.293739909955723e-101
6.517674338896142e-92;0.07559226280297782;3.1000507259083745e-101
5.710775290716789e-92;0.08137136344958289;2.5861230578341258e-101
4.1220498755337865e-92;0.07559226280297782;1.8671597921527568e-101
3.268718218294074e-92;0.07559226280297782;1.4469950192307168e-101
2.8644226832594892e-92;0.08137136344958289;1.2072884628300058e-101
2.0677478804486927e-92;0.07559226280297782;8.717483495520028e-102
1.811892885310696e-92;0.08137136344958289;7.272901260979332e-102
1.3079006059569047e-92;0.07559226280297782;5.251303921629419e-102
1.1460284856291764e-92;0.08137136344958289;4.3809454605001915e-102
8.272315400500443e-93;0.07559226280297782;3.163118009673799e-102
7.2483560017844315e-93;0.08137136344958289;2.638802711503187e-102
5.231968168763988e-93;0.07559226280297782;1.9052307712706578e-102
4.584297184054321e-93;0.08137136344958289;1.5894022339462236e-102
3.3089851703487224e-93;0.07559226280297782;1.147547070628576e-102
2.8993439681148354e-93;0.08137136344958289;9.573123949984242e-103
2.0927616354448227e-93;0.07559226280297782;6.911750856626948e-103
1.8336780979003047e-93;0.08137136344958289;5.765931541432161e-103
1.3235548587545439e-93;0.07559226280297782;4.1629629729340297e-103
1.1596965405552541e-93;0.08137136344958289;3.4728252809669087e-103
8.370714548028959e-94;0.07559226280297782;2.5073515779344243e-103
6.637839902346722e-94;0.07559226280297782;1.943125200092445e-103
5.816830302995642e-94;0.08137136344958289;1.6212306225857228e-103
4.199009664405517e-94;0.07559226280297782;1.1706441028760794e-103
3.6794407133602135e-94;0.08137136344958289;9.766555883175273e-104
2.655975293904378e-94;0.07559226280297782;7.051814863113521e-104
2.3272589140783944e-94;0.08137136344958289;5.883037198741874e-104
1.6798727079906122e-94;0.07559226280297782;4.247654092638872e-104
1.4719355870378194e-94;0.08137136344958289;3.543567171032923e-104
1.0624643899881452e-94;0.07559226280297782;2.5584759273157546e-104
9.309407767920924e-95;0.08137136344958289;2.1343594779656246e-104
6.719610664842647e-95;0.07559226280297782;1.5410057405837663e-104
5.887745531098424e-95;0.08137136344958289;1.2855454333707635e-104
4.2498055085047594e-95;0.07559226280297782;9.281578089613976e-105
3.723680303239543e-95;0.08137136344958289;7.742892498773904e-105
2.6877646427935037e-95;0.07559226280297782;5.590315206517033e-105
2.355014858248807e-95;0.08137136344958289;4.663550481709683e-105
1.6998547848844325e-95;0.07559226280297782;3.367045478267194e-105
1.3479570775660665e-95;0.07559226280297782;2.6093631927231083e-105
1.1812333065086007e-95;0.08137136344958289;2.1771008441913588e-105
8.526998058363339e-96;0.07559226280297782;1.5720220362938438e-105
7.471900835247897e-96;0.08137136344958289;1.31152081399688e-105
5.393532757536547e-96;0.07559226280297782;9.469665745074356e-106
4.726002993009256e-96;0.08137136344958289;7.900150091763328e-106
3.4113451656848083e-96;0.07559226280297782;5.704044311825221e-106
2.989083830671379e-96;0.08137136344958289;4.758547594666251e-106
2.15756392925372e-96;0.07559226280297782;3.435698797940682e-106
1.8904767625204513e-96;0.08137136344958289;2.8661658351084427e-106
1.3645624009341995e-96;0.07559226280297782;2.0693693124164102e-106
1.1956341786348695e-96;0.08137136344958289;1.7263195064586493e-106
8.630150015282814e-97;0.07559226280297782;1.2463946345954334e-106
7.561738898780253e-97;0.08137136344958289;1.0397692691418597e-106
5.458087911708248e-97;0.07559226280297782;7.507062712640368e-107
4.782367445812358e-97;0.08137136344958289;6.262538807998812e-107
3.4519230982197064e-97;0.07559226280297782;4.521502031262429e-107
2.7373186302942867e-97;0.07559226280297782;3.504033744822117e-107
2.3987499234534274e-97;0.08137136344958289;2.9235619039931574e-107
1.731591534634541e-97;0.07559226280297782;2.1110201439720092e-107
1.517331204415377e-97;0.08137136344958289;1.7612010478639762e-107
1.0952735770315115e-97;0.07559226280297782;1.27165234856778e-107
9.597172087222287e-98;0.08137136344958289;1.060886908648736e-107
6.927474792635363e-98;0.07559226280297782;7.659786037580219e-108
6.0699817474768e-98;0.08137136344958289;6.390107515332765e-108
4.381400593453013e-98;0.07559226280297782;4.61369446714136e-108
3.839022286621757e-98;0.08137136344958289;3.848886131483788e-108
2.7710393338494124e-98;0.07559226280297782;2.7788925364733154e-108
2.42799401157744e-98;0.08137136344958289;2.3182214809518314e-108
1.7525387723564455e-98;0.07559226280297782;1.6737451004012328e-108
1.535574767887051e-98;0.08137136344958289;1.3962742388881082e-108
1.1083828984733202e-98;0.07559226280297782;1.008100410971767e-108
9.711632309518745e-99;0.08137136344958289;8.409771155154964e-109
7.009877068312563e-99;0.07559226280297782;6.071786303650266e-109
5.558718009987189e-99;0.07559226280297782;4.70545936996935e-109
4.8711809627812515e-99;0.08137136344958289;3.92596155078649e-109
3.516371438453829e-99;0.07559226280297782;2.834824159820241e-109
3.0812694582773284e-99;0.08137136344958289;2.365062832319298e-109
2.2241900855559523e-99;0.07559226280297782;1.7076629092838698e-109
1.9489135366186275e-99;0.08137136344958289;1.4246324688384076e-109
1.4067737115943494e-99;0.07559226280297782;1.028609157538863e-109
1.232641187130096e-99;0.08137136344958289;8.581079256889566e-110
8.897382320879992e-100;0.07559226280297782;6.195588696217922e-110
7.795965763434824e-100;0.08137136344958289;5.1685510557932406e-110
5.627195197877143e-100;0.07559226280297782;3.731689497342457e-110
4.930567414011854e-100;0.08137136344958289;3.1130684758182266e-110
3.5589093389728186e-100;0.07559226280297782;2.247620924673228e-110
3.118316962982847e-100;0.08137136344958289;1.8750138208946976e-110
2.2508114004408275e-100;0.07559226280297782;1.3537471012334262e-110
1.9721571624086568e-100;0.08137136344958289;1.129322357120474e-110
1.4235072773839296e-100;0.07559226280297782;8.153615471649255e-111
1.128818018209081e-100;0.07559226280297782;6.3188169677733366e-111
9.891987380660826e-101;0.08137136344958289;5.2720532707727935e-111
7.140753373908992e-101;0.07559226280297782;3.806798357679291e-111
6.257184619208265e-101;0.08137136344958289;3.1759702889128538e-111
4.51669942599471e-101;0.07559226280297782;2.2931681092148914e-111
3.957690805890982e-101;0.08137136344958289;1.9130952175229554e-111
2.856758537377623e-101;0.07559226280297782;1.3812876675430614e-111
2.503144753015258e-101;0.08137136344958289;1.1523267963228606e-111
1.806806076627627e-101;0.07559226280297782;8.31986590488007e-112
1.583139602925573e-101;0.08137136344958289;6.940688579436568e-112
1.1427237934953247e-101;0.07559226280297782;5.011171292808912e-112
1.0012584424918425e-101;0.08137136344958289;4.1804441097466415e-112
