# ["m", "w0", "wp"] [calculated @ 2025-10-14T10:29:27.698]
0.6757642925080217;0.7002058355300732;0.8908193595281523
0.0;0.0;0.0
0.0;0.0;0.0
0.0;0.0;0.0
0.0;0.0;0.0
0.0;0.0;0.0
0.0;0.0;0.0
0.0;0.0;0.0
0.0004191781778560178;0.0003676963023017997;0.00034004759448798977
0.00041482157577884323;0.00039003625062358993;0.00033650896077098996
0.002055234135124767;0.0020357964900108516;0.0016416921451453776
0.0036603416277114845;0.003831605472218169;0.0028935328243377984
0.0036127992196947154;0.004030814361176548;0.0028555579824213776
0.005159286046278172;0.006030515746585679;0.00401356884307976
0.008241716946670015;0.010022386136968375;0.006275946431556766
0.008113853663316456;0.010466436867904098;0.006176261167752436
0.007979567743515766;0.01090623501783281;0.006071706065391677
0.007839141392262966;0.01134043222458825;0.005962505746675237
0.009188300144018943;0.013846606216163326;0.006882201884079789
0.010482936480693945;0.016464819088526525;0.0077446055367547395
0.013174354770846964;0.02134428461049431;0.009511059066497332
0.012901226439244275;0.022019702657163295;0.009306108220818867
0.012621187634606403;0.0226770406029097;0.009096379342803867
0.012335119298401778;0.023314892840621528;0.008882535261616637
0.014752755467893477;0.0285772534218697;0.010347188688579145
0.014399790150669889;0.029287631183659697;0.01008818621643337
0.014042774021575654;0.02997183122926304;0.009826780543139622
0.013682799984566799;0.030629108211534757;0.009563765716742018
0.014570614011713464;0.033714928742553205;0.010030607091039602
0.01663169822015037;0.039301277397063884;0.011148312935162734
0.01618316076540243;0.04001020858707737;0.010830053916747845
0.015735558562144935;0.04068611322119674;0.010513288876959972
0.01643356170142173;0.04388551457459272;0.010829572611588775
0.015963448894115075;0.0445338685360213;0.010500763635357213
0.015497402933363677;0.04514885219730977;0.010175673037120121
0.01716716892841448;0.050951028477538476;0.010979757213561534
0.016659370477567142;0.051564317628819814;0.010632036341999503
0.01615850499456763;0.05214402800432562;0.010290086832762134
0.01566530548201483;0.05269123771770358;0.009954360273028486
0.015180419757456907;0.05320709536140224;0.009625247911694024
0.014704412827496047;0.05369280262122577;0.009303082960531225
0.014237770048832463;0.05414959837230842;0.008988143372067462
0.013780900909817937;0.05457874433097009;0.008680654977169727
0.013334143278133256;0.05498151228692528;0.008380794875773772
0.012897767974730804;0.05535917289898865;0.008088694985950001
0.012471983550139756;0.05571298600448861;0.00780444566885326
0.012056941155741128;0.05604419236749008;0.007528099359480931
0.011652739418982695;0.05635400677285378;0.007259674145122657
0.011997633435855958;0.05943523438168821;0.007344103491392429
0.011594854123173116;0.05971993013813126;0.007080544660488332
0.011203326428470984;0.05998595492134714;0.006825056280487227
0.010822992525839948;0.06023439964276868;0.006577551996385435
0.011757832492536271;0.06610070546611933;0.006928509415112151
0.012627013198474745;0.07198870329265435;0.007246653580087238
0.012211776622276054;0.07222950690349551;0.006986299034021655
0.011808548653912287;0.07245473835344628;0.006734355808564352
0.011417159748672636;0.07266532896513918;0.006490657378979748
0.011037422437853547;0.07286216511193333;0.006255028328666122
0.0106691339805446;0.07304608883087736;0.006027286056213802
0.010312078792690223;0.07321789869030683;0.005807242319267731
0.009966030662062253;0.07337835086366631;0.00559470462400854
0.009630754759166549;0.07352816036676213;0.005389477469617046
0.009306009455059836;0.07366800242093223;0.005191363457373923
0.008991547957644518;0.07379851390949049;0.005000164274118699
0.00868711977830046;0.07392029489928763;0.0048156815596948335
0.008392472040763137;0.07403391020328659;0.004637717667776773
0.008107350644014143;0.07413989096371415;0.004466076329144147
0.007831501290657406;0.07423873623862125;0.004300563226063688
0.0075646703918486125;0.07433091457758599;0.004140986485984794
0.007306605859355965;0.07441686557485015;0.0039871571022683265
0.007057057794785802;0.07449700139042523;0.0038388892891643273
0.00681577908542452;0.07457170823164605;0.003696000777747168
0.0065825259155482515;0.07464134778934081;0.0035583130590130796
0.00635705820144721;0.07470625862422994;0.0034256515798544666
0.0061391399578121205;0.0747667575004019;0.003297845897152086
0.00592853960254469;0.0748231406637597;0.003174729794774123
0.005725030206489658;0.07487568506421381;0.0030561413678436965
0.005528389694045492;0.07492464952112311;0.0029419230782336695
0.005338401000098084;0.07497027583209837;0.0028319217848723722
0.005154852188239076;0.0750127898257716;0.0027259887520941525
0.004977536534778294;0.07505240235953523;0.002623979638946077
0.004806252582637631;0.07508931026356837;0.002525754472064391
0.004640804168823584;0.07512369723271338;0.0024311776044615547
0.004481000428813599;0.07515573466795133;0.0023401176623149794
0.0043266557808592605;0.07518558246935735;0.002252447481621274
0.004177589892904185;0.07521338978250934;0.0021680440363728752
0.00403362763453499;0.0752392957003787;0.002086788359726508
0.0038945990161293556;0.07526342992275738;0.00200856545946345
0.003760339117132898;0.07528591337527855;0.0019332642288884567
0.0036306880051862243;0.07530685879006938;0.0018607773541766044
0.0035054906476327864;0.07532637125004146;0.0017910012190533382
0.003384596816764934;0.07534454869877785;0.0017238358075821786
0.0032678609900104873;0.07536148241792023;0.0016591846057350081
0.0031551422461210486;0.07537725747389742;0.0015969545023311281
0.0030463041582970674;0.07539195313576642;0.001537055689852041
0.0029412146850712807;0.07540564326586717;0.0014794015655683517
0.002839746059669937;0.07541839668491802;0.00142390863335255
0.0027417746784803116;0.07543027751310116;0.0013704964064956795
0.00264718098917124;0.07544134548861567;0.001319087311796817
0.002555849378940544;0.07545165626509893;0.001269606595150494
0.002467668063298389;0.07546126168924257;0.001221982228819008
0.0023825289757374952;0.07547021005986171;0.001176144820542502
0.002300327658590101;0.0754785463696008;0.0011320275246101442
0.0022209631553254264;0.07548631253039484;0.0010895659549895224
0.00214433790450138;0.07549354758374259;0.001048698100588717
0.0020703576355481537;0.07550028789677841;0.0010093642427054944
0.001998931266529891;0.07550656734507875;0.0009715068747009208
0.0019299708040026483;0.07551241748307555;0.0009350706239196079
0.0018633912450624845;0.07551786770289869;0.0009000021758659309
0.0017991104816558747;0.07552294538241669;0.0008662502006344449
0.001737049207205814;0.07552767602319757;0.0008337652815831597
0.0016771308255906748;0.07553208337906424;0.0008024998462303141
0.0016192813624983221;0.07553618957587598;0.0007724080993483887
0.001563429379165775;0.0755400152231289;0.0007434459582233763
0.0015095058885037955;0.07554357951792647;0.0007155709900425865
0.0014574442735966694;0.07554690034183595;0.0006887423513703017
0.0014071802085593565;0.07554999435111531;0.0006629207296674602
0.0013586515817276233;0.07555287706075821;0.0006380682868090214
0.0013117984211508836;0.07555556292278115;0.0006141486045507167
0.001266562822352778;0.07555806539914067;0.0005911266318954522
0.0012228888783205364;0.075560397029652;0.0005689686343085888
0.0011807226116808327;0.0755625694952464;0.0005476421447307053
0.0011400119090172417;0.07556459367688788;0.0005271159163361088
0.0012161989965797663;0.08134292369718145;0.00054614342124663
0.0010636111949451498;0.07556819969339061;0.0004885411670852657
0.0011346894950756377;0.08134662960575641;0.0005061747115276038
0.0009923232480574342;0.0755713357724736;0.00045278580754269887
0.0010586351321934674;0.08134985262657055;0.00046912753820853753
0.0009258072120813618;0.07557406313220057;0.0004196444051403542
0.0009876721427725613;0.08135265565708755;0.000434788979072905
0.0008637447258029193;0.07557643502421896;0.00038892638066878403
0.0008339534432167361;0.07557751392123938;0.00037434447252068727
0.0008896811400530419;0.08135620219244354;0.0003878544709059894
0.0007780477743820327;0.07557943587317628;0.00034694219337476166
0.0008300381449609698;0.08135817759675042;0.0003594625007736199
0.0007258863199026469;0.07558110734803385;0.000321544130299144
0.0007743899101527795;0.08135989559479118;0.0003331472586752609
0.0006772189087992189;0.07558256098526778;0.0002980039790500508
0.0006538580252821574;0.07558322221596045;0.0002868296438762282
0.0006975495965824347;0.08136206932902845;0.0002971804629097816
0.0006100204151333944;0.07558440012403972;0.00026583128966858595
0.0006507817067372037;0.08136328010043008;0.0002754238639764959
0.0005691197201883114;0.0755854245388849;0.0002463691985647256
0.0006071472019019337;0.08136433311848375;0.0002552590793544096
0.0005309595305254361;0.07558631546198037;0.00022833114164921188
0.0005126424590693898;0.07558672073857273;0.00021976871375773996
0.0005468971168539358;0.08136566551028833;0.00022769913740500544
0.0004782701965628806;0.0755874426914791;0.00020367874744262523
0.0005102274140449537;0.08136640766811018;0.00021102823913669275
0.0004462011675548413;0.07558807058127968;0.00018876614381340694
0.000476014996992666;0.08136705314363382;0.00019557726278032628
0.0004162812546500199;0.07558861666400635;0.0001749448532508436
0.0004440954241690118;0.08136761453246569;0.00018125704017776985
0.0003883666180180887;0.07558909159905924;0.00016213509838678043
0.00037496762392639756;0.07558930765382178;0.0001560545491101249
0.0004000221671879106;0.08136832488946281;0.00016168549170127836
0.00034982451050411217;0.07558969252974734;0.00014462850556410975
0.00037319860898718787;0.08136872057743452;0.0001498469668163475
0.00032636652057340244;0.07559002727036175;0.0001340386907638148
0.00034817286357110064;0.08136906472851811;0.0001388748881761546
0.00030448083952869817;0.07559031840709902;0.00012422396143848074
0.0002939757728945124;0.07559045085441207;0.00011956510915467027
0.00031361854483098;0.08136950021985248;0.00012387936088007184
0.0002742631612616381;0.07559068679492274;0.00011081062486044247
0.000292588453312243;0.08136974280775204;0.00011480884737150086
0.00025587178276889074;0.0755908920071471;0.0001026968767025965
0.00027296794620031443;0.08136995380564106;0.00010640222139869217
0.0002387131705013509;0.07559107049345744;9.517700946903257e-5
0.00023047710002739266;0.07559115169558231;9.160748804901433e-5
0.000245877015259303;0.0813702208148037;9.491293504151487e-5
0.00021502225939458647;0.07559129634930381;8.489998641788748e-5
0.00022938926684132853;0.08137036955538232;8.796330200241976e-5
0.0002006033069920941;0.07559142216747868;7.868341594841313e-5
0.00021400667526032548;0.08137049893061087;8.152233788306054e-5
0.00018715087560872287;0.0755915316029409;7.292187357220256e-5
0.0001806937654826478;0.0755915813922987;7.018699447786609e-5
0.00019276727330897064;0.08137066265624249;7.271952739667525e-5
0.00016857712655349747;0.07559167008783521;6.504787812077206e-5
0.00017984083428738447;0.08137075386437713;6.739489751391888e-5
0.00015727264082320884;0.07559174723649323;6.0284906115556706e-5
0.0001677808555232504;0.08137083319990374;6.24600020566543e-5
0.0001467259203631602;0.07559181434163835;5.587056886883057e-5
0.00015652930831646606;0.08137090220841976;5.788633575038493e-5
0.00013688621241525286;0.07559187271091206;5.177936553707708e-5
0.00013216321129817698;0.07559189926801776;4.9837367257898305e-5
0.0001409939126625484;0.0813709895431772;5.163558463950523e-5
0.00012330062386595026;0.07559194657750691;4.6188167447221845e-5
0.0001315390225627666;0.08137103819714665;4.785466203793137e-5
0.00011503211138802105;0.0755919877293019;4.2806075614852524e-5
0.00012271792946996003;0.08137108051912416;4.435049688210795e-5
0.00010731788480831078;0.07559202352494421;3.967155434442786e-5
0.00010361510045160468;0.07559203981197259;3.8183669859655805e-5
0.00011053833704359192;0.08137113408244989;3.956141099629152e-5
9.666692044376857e-5;0.07559206882631977;3.538779197819562e-5
0.00010312579458964449;0.08137116392336893;3.666461093391031e-5
9.018448586566647e-5;0.07559209406495189;3.2796560513141546e-5
9.621013940592465e-5;0.08137118988141408;3.397985043643115e-5
8.413660301909882e-5;0.0755921160192475;3.0395006908948673e-5
8.123365290373448e-5;0.07559212600879364;2.9255044654002782e-5
8.666144603923741e-5;0.08137122273554186;3.0310629116367924e-5
7.578633949826821e-5;0.07559214380469399;2.7112945248818977e-5
8.085007453369509e-5;0.08137124103960348;2.8091206083015256e-5
7.070416410039415e-5;0.07559215928519049;2.5127637405849976e-5
7.542825605469855e-5;0.08137125696238076;2.603423903122049e-5
6.59626715308372e-5;0.07559217275155378;2.3287652960413555e-5
6.36867806971746e-5;0.07559217887915497;2.241425433948959e-5
6.794215260409559e-5;0.08137127711596984;2.322301178392271e-5
5.9416127089927146e-5;0.0755921897952618;2.077305326116617e-5
6.338607892810347e-5;0.08137128834448147;2.152256761311693e-5
5.543173738115432e-5;0.07559219929133505;1.925197968279787e-5
5.913541039326841e-5;0.08137129811245719;1.9946590857270278e-5
5.171443918260856e-5;0.07559220755210837;1.7842247232228196e-5
4.993015560867159e-5;0.07559221131112442;1.7173079207124807e-5
5.326635391318902e-5;0.0813713104762882;1.779272505405171e-5
4.658199017904221e-5;0.0755922180077244;1.5915646966827604e-5
4.969442021958358e-5;0.08137131736494525;1.6489902505692766e-5
4.3458252793662166e-5;0.07559222383333553;1.4750251897043945e-5
4.636192121065533e-5;0.08137132335771306;1.5282442244705524e-5
4.054391261733827e-5;0.0755922289012448;1.3670162264027769e-5
4.325281995576284e-5;0.08137132857110758;1.4163368925326269e-5
3.782494371758623e-5;0.07559223331000604;1.2669137989059842e-5
3.651985632463201e-5;0.07559223531625353;1.2193975745272727e-5
3.895998653999752e-5;0.08137133517020118;1.2633953668112056e-5
3.407089691794722e-5;0.07559223889035226;1.1301101587654507e-5
3.634735954421508e-5;0.08137133884706238;1.1708850337456883e-5
3.178609844346372e-5;0.07559224199966762;1.0473583511272859e-5
3.3909869733711954e-5;0.08137134204581714;1.0851464057259869e-5
2.9654465428256243e-5;0.07559224470464271;9.706640897664808e-6
2.8631294535732156e-5;0.07559224593560188;9.342591273323732e-6
3.054434631302275e-5;0.08137134609492017;9.67968946698057e-6
2.671134186945994e-5;0.07559224812855146;8.658507504195912e-6
2.8496079258791258e-5;0.08137134835104405;8.970912623799415e-6
2.4920087429494825e-5;0.07559225003637068;8.024496219005256e-6
2.658511570315151e-5;0.08137135031384686;8.314017175621753e-6
2.3248911282412725e-5;0.07559225169613251;7.436894850573552e-6
2.244675635061316e-5;0.07559225245146464;7.157974102286192e-6
2.3946581690667264e-5;0.08137135279851238;7.416248793287682e-6
2.0941533263381825e-5;0.07559225379709501;6.633855226165749e-6
2.2340760793906707e-5;0.0813713541829794;6.873210797282402e-6
1.9537207170220777e-5;0.07559225496779076;6.148099581744775e-6
2.0842583354164942e-5;0.08137135538747649;6.369921970531873e-6
1.8227020355815558e-5;0.0755922559862935;5.697901135635682e-6
1.75981379071764e-5;0.07559225644981042;5.4842022559546605e-6
1.8773995780037113e-5;0.08137135691226528;5.682084665035399e-6
1.6418055625054555e-5;0.07559225727557442;5.0826413393500274e-6
1.7515045272725548e-5;0.08137135776190414;5.266028471124547e-6
1.5317075095516962e-5;0.07559225799400272;4.710472714186568e-6
1.63404856990972e-5;0.08137135850111184;4.880426434799529e-6
1.4289898459153237e-5;0.0755922586190468;4.365546548974976e-6
1.5244664592661169e-5;0.08137135914424098;4.5230509280117964e-6
1.3331582066765651e-5;0.07559225916284497;4.045870031968886e-6
1.2871596583419926e-5;0.07559225941033239;3.89412729911222e-6
1.3731630960651475e-5;0.08137135995841005;4.034633213614918e-6
1.2008447168209315e-5;0.0755922598512373;3.6089886486987293e-6
1.2810796148993114e-5;0.0813713604120889;3.739202256429806e-6
1.1203157498553639e-5;0.0755922602348397;3.344721514464385e-6
1.1951689721740133e-5;0.08137136080680918;3.465396784516388e-6
1.0451852090904585e-5;0.07559226056858698;3.0997991857938883e-6
1.0091230147533413e-5;0.07559226072048207;2.9835403441560338e-6
1.076549332937109e-5;0.08137136130651892;3.091191869071772e-6
9.414532920680706e-6;0.07559226099108832;2.7650790057474396e-6
1.0043571125329445e-5;0.08137136158497792;2.8648448569399187e-6
8.783196221142725e-6;0.07559226122652987;2.562608312635734e-6
9.370042419486152e-6;0.081371361827254;2.655066161172675e-6
8.19418187117915e-6;0.07559226143137612;2.374958615281926e-6
7.911458422138645e-6;0.07559226152460782;2.2858856696864084e-6
8.440078123785934e-6;0.08137136213397982;2.3683650976343688e-6
7.3809352314083405e-6;0.07559226169070432;2.1185090774205594e-6
7.874098798744515e-6;0.08137136230490365;2.1949467291588567e-6
6.885973774398006e-6;0.07559226183521972;1.963383758396048e-6
7.3460590299986664e-6;0.08137136245362049;2.0342222296280893e-6
6.424192240343069e-6;0.07559226196095775;1.8196136027876101e-6
6.202539677228389e-6;0.07559226201818624;1.7513692152473837e-6
6.6169756493787326e-6;0.08137136264190317;1.8145625100460554e-6
5.786614201083565e-6;0.07559226212014186;1.6231314091062047e-6
6.173252731604391e-6;0.08137136274682641;1.6816956708995982e-6
5.398568560392647e-6;0.07559226220885193;1.5042799996273311e-6
5.75927384505461e-6;0.0813713628381191;1.5585543327936192e-6
5.036535488058423e-6;0.07559226228603684;1.3941284377420414e-6
4.8627615583052266e-6;0.07559226232116764;1.3418420009633447e-6
5.187678003464601e-6;0.08137136295370279;1.3902588238187747e-6
4.5366790115735255e-6;0.07559226238375512;1.2435906886090698e-6
4.839802378259236e-6;0.08137136301811461;1.288460882322258e-6
4.2324539065570555e-6;0.07559226243821249;1.1525308585586836e-6
4.51524571302063e-6;0.08137136307415958;1.1941142351975177e-6
3.948622349751551e-6;0.07559226248559567;1.0681365110106626e-6
4.212446128753923e-6;0.0813713631229248;1.1066738477472887e-6
3.683818320378275e-6;0.07559226252682365;9.899200635688738e-7
3.556714124478926e-6;0.07559226254558885;9.5279259433743e-7
3.7943613626621636e-6;0.08137136318466645;9.871708357454178e-7
3.318206743198043e-6;0.07559226257902052;8.830266268642755e-7
3.539914191283605e-6;0.0813713632190739;9.148866006615332e-7
3.095687243624925e-6;0.07559226260810972;8.183673571896858e-7
3.3025238934869147e-6;0.08137136324901266;8.47893540665599e-7
2.888084754277462e-6;0.07559226263342063;7.584412426661193e-7
2.78843682938244e-6;0.07559226264494116;7.299957275679528e-7
2.9747512463969025e-6;0.08137136328691882;7.563353296818344e-7
2.601450193254392e-6;0.07559226266546613;6.765439113783725e-7
2.7752679147697503e-6;0.0813713633080439;7.009540884609358e-7
2.4269976577384167e-6;0.07559226268332553;6.27004581451946e-7
2.5891567622379754e-6;0.0813713633264253;6.496266750628812e-7
2.2642397125677005e-6;0.07559226269886529;5.810915569565303e-7
2.1861168399108784e-6;0.07559226270593868;5.592977097125291e-7
2.332186629574777e-6;0.08137136334969916;5.794783361809471e-7
2.0395212875550907e-6;0.07559226271854043;5.183449796224584e-7
2.175793734452051e-6;0.08137136336266974;5.370473363084731e-7
1.9027522275694357e-6;0.07559226272950571;4.80389814303638e-7
2.029884378152042e-6;0.08137136337395608;4.977221932080991e-7
1.775151515627348e-6;0.07559226273904711;4.4521296000345684e-7
1.7139038794622985e-6;0.07559226274339008;4.285153144320831e-7
1.828422085206301e-6;0.08137136338824662;4.4397711217096734e-7
1.5989742166932e-6;0.07559226275112774;3.971388203733664e-7
1.7058113508673231e-6;0.0813713633962109;4.1146801092872933e-7
1.4917483750728725e-6;0.07559226275786048;3.6805893309757906e-7
1.5914195575247397e-6;0.08137136340314112;3.813384867429705e-7
1.391710388540232e-6;0.0755922627637191;3.4110767238487016e-7
1.484696203477021e-6;0.08137136340917137;3.534144806610974e-7
1.2983787881988383e-6;0.07559226276881705;3.1612932701852133e-7
1.2535802428194593e-6;0.07559226277113738;3.042727091336321e-7
1.337340018203802e-6;0.08137136341680705;3.152513204397787e-7
1.169517073750194e-6;0.07559226277527158;2.8199302634758147e-7
1.247658799154597e-6;0.08137136342106242;2.921674349728759e-7
1.0910889373867248e-6;0.07559226277886898;2.61344167369752e-7
1.1639893842428374e-6;0.08137136342476547;2.7077328566002214e-7
1.0179183952444285e-6;0.07559226278199936;2.422068405413456e-7
9.8279698860467e-7;0.0755922627834242;2.3312280385979293e-7
1.0484642845520735e-6;0.08137136342945424;2.4153429499716687e-7
9.168926292376545e-7;0.07559226278596291;2.1605304162520786e-7
9.781554105212944e-7;0.08137136343206745;2.2384837545553997e-7
8.554059873380685e-7;0.07559226278817192;2.0023272961672118e-7
9.12559638649836e-7;0.08137136343434143;2.0745704321394247e-7
7.980411708814244e-7;0.07559226279009415;1.8557047567697718e-7
7.705063941682688e-7;0.07559226279096926;1.7861064492120804e-7
8.219892973454807e-7;0.08137136343722084;1.8505528172641712e-7
7.18838103077628e-7;0.07559226279252824;1.6553245674578587e-7
7.668678909617913e-7;0.08137136343882555;1.715050115553039e-7
6.706332124936217e-7;0.07559226279388483;1.5341153790460304e-7
7.154414640812412e-7;0.08137136344022203;1.5894659350519576e-7
6.256597548830735e-7;0.07559226279506526;1.4217786965664336e-7
6.040727459815551e-7;0.07559226279560265;1.3684550564056542e-7
6.444351593405992e-7;0.08137136344199034;1.4178319549376053e-7
5.635652653855305e-7;0.07559226279655999;1.2682547786581586e-7
6.012204527210317e-7;0.081371363442976;1.3140147223821475e-7
5.257730356594346e-7;0.07559226279739312;1.1753886847268163e-7
5.609025532304301e-7;0.08137136344383361;1.2177966372305251e-7
4.905142013586486e-7;0.07559226279811815;1.0893203304002993e-7
4.7359015039367943e-7;0.07559226279844816;1.048465643735134e-7
5.052341501841608e-7;0.08137136344491966;1.0862967547884342e-7
4.4183258109893654e-7;0.07559226279903607;9.716957047157553e-8
4.7135412698084433e-7;0.08137136344552491;1.0067556112084433e-7
4.122037343524747e-7;0.07559226279954777;9.005449241725373e-8
4.397451653357599e-7;0.08137136344605161;9.330366336227531e-8
3.8456103978026447e-7;0.07559226279999304;8.346023052406134e-8
4.102551519501363e-7;0.08137136344651001;8.647139520049717e-8
3.587714589563186e-7;0.07559226280038038;7.734868690103471e-8
3.4639262948163683e-7;0.07559226280055682;7.444768392044534e-8
3.6953737713124413e-7;0.08137136344709034;7.713387230227176e-8
3.2316411076597673e-7;0.07559226280087099;6.899642954702331e-8
3.4475646325607363e-7;0.08137136344741391;7.148584983075705e-8
3.014926710153178e-7;0.0755922628011445;6.394419364769025e-8
3.2163673874072093e-7;0.08137136344769545;6.625126020493404e-8
2.812740167612855e-7;0.07559226280138258;5.9261788979163116e-8
2.7156918642501085e-7;0.07559226280149069;5.70391617743449e-8
2.897145694340585e-7;0.08137136344805192;5.9097240673552924e-8
2.5335833479709626e-7;0.07559226280168381;5.28626348186142e-8
2.7028664973892453e-7;0.08137136344825054;5.476995559631681e-8
2.363681942243808e-7;0.07559226280185168;4.899181505858363e-8
2.521610625622474e-7;0.0813713634484235;5.075942162039271e-8
2.2051700379149877e-7;0.07559226280199782;4.540434138179104e-8
2.1290852404225314e-7;0.07559226280206444;4.370145088290465e-8
2.2713443483723732e-7;0.08137136344864242;4.5278290250119356e-8
1.9863140836566235e-7;0.07559226280218295;4.050155624770204e-8
2.119031442755292e-7;0.08137136344876446;4.1962889092448965e-8
1.8531130652228317e-7;0.07559226280228613;3.753588022540192e-8
1.9769285808445105e-7;0.08137136344887073;3.889016808327937e-8
1.7288412104642544e-7;0.07559226280237592;3.4787291138763005e-8
1.669191407402211e-7;0.07559226280241672;3.34825989696009e-8
1.7807220518729128e-7;0.08137136344900518;3.4690726547318804e-8
1.5572600387367326e-7;0.0755922628024896;3.1030955959322825e-8
1.6613099961040867e-7;0.08137136344908012;3.21505858089836e-8
1.4528315134506448e-7;0.07559226280255298;2.8758761297971e-8
1.5499024650737867e-7;0.0813713634491453;2.9796376409259597e-8
1.3554033260192175e-7;0.07559226280260806;2.6652889632821837e-8
1.4459633185849716e-7;0.08137136344920218;2.7614498025777123e-8
1.2645065681222608e-7;0.0755922628026561;2.470117426571954e-8
1.2208767308987867e-7;0.07559226280267793;2.3774742071268714e-8
1.3024513736501064e-7;0.08137136344927406;2.4632570075013183e-8
1.1390066087872189e-7;0.07559226280271686;2.203389020255663e-8
1.2151097657469833e-7;0.08137136344931409;2.2828880789021474e-8
1.062624512238761e-7;0.07559226280275068;2.042046486547332e-8
1.1336231255934398e-7;0.08137136344934902;2.1157221227037768e-8
9.913628494025209e-8;0.07559226280278017;1.892514505146916e-8
9.571576930134485e-8;0.07559226280279355;1.821535208216485e-8
1.0211118545490503e-7;0.08137136344939319;1.8872594829088656e-8
8.929726522221544e-8;0.07559226280281753;1.6881584106460664e-8
9.526372044688703e-8;0.08137136344941781;1.7490682604739777e-8
8.330900791406403e-8;0.07559226280283839;1.564544354280812e-8
8.887527007687928e-8;0.08137136344943925;1.6209924636128526e-8
7.772218009935919e-8;0.07559226280285644;1.449978934648446e-8
7.504053539344545e-8;0.07559226280286459;1.3955973958972314e-8
8.005451664181146e-8;0.0813713634494663;1.4459533997043877e-8
7.000849897408011e-8;0.07559226280287923;1.2934092792943306e-8
7.468617721161369e-8;0.08137136344948138;1.3400766093280766e-8
6.531376725781379e-8;0.0755922628028922;1.1987009106177967e-8
6.967769623882881e-8;0.08137136344949454;1.2419497839582457e-8
6.093374864983913e-8;0.0755922628029033;1.1109251893598235e-8
5.883136413956629e-8;0.07559226280290827;1.069260072760325e-8
6.276230764092797e-8;0.08137136344951122;1.1078413515176823e-8
5.4886292354840994e-8;0.07559226280291734;9.909672885095925e-9
5.855357588976215e-8;0.08137136344952053;1.0267224128140561e-8
5.120566208767672e-8;0.07559226280292526;9.18405163758104e-9
5.4626967636466535e-8;0.0813713634495287;9.515411663381626e-9
4.7771762219469376e-8;0.07559226280293202;8.511545408711292e-9
4.6123508738628796e-8;0.07559226280293507;8.192322025503861e-9
4.920535555998769e-8;0.08137136344953895;8.487920308254431e-9
4.3030601240783666e-8;0.07559226280294068;7.592470168639307e-9
4.590573974845155e-8;0.08137136344954463;7.866415285879414e-9
4.014501256794585e-8;0.07559226280294551;7.036524334094088e-9
4.28273053276229e-8;0.08137136344954968;7.290402511341187e-9
3.745285762144435e-8;0.07559226280294973;6.521273144629248e-9
3.995523780202274e-8;0.08137136344955394;6.756554394028357e-9
3.494117963040397e-8;0.07559226280295334;6.043739772190129e-9
3.373559068522218e-8;0.07559226280295506;5.817066148956239e-9
3.598968521930855e-8;0.08137136344955931;6.0269549549575594e-9
3.147333758364005e-8;0.07559226280295796;5.391125331900662e-9
3.357624250451276e-8;0.08137136344956238;5.585639407878992e-9
2.9362730257179965e-8;0.07559226280296057;4.99636233990658e-9
3.1324585000175244e-8;0.08137136344956507;5.176627971443397e-9
2.7393611440680473e-8;0.07559226280296275;4.630496589923422e-9
2.6448446456696732e-8;0.07559226280296384;4.456828736180409e-9
2.821564691510801e-8;0.08137136344956847;4.617639394788913e-9
2.467486992941828e-8;0.07559226280296556;4.1304903961927395e-9
2.6323538679470567e-8;0.08137136344957047;4.27952137384908e-9
2.302017990573624e-8;0.07559226280296724;3.828038883699739e-9
2.4558266158936143e-8;0.08137136344957187;3.96615311026296e-9
2.14764135926945e-8;0.07559226280296868;3.547726984225818e-9
2.0735414689223678e-8;0.07559226280296934;3.4146694308310794e-9
2.212089308139237e-8;0.08137136344957392;3.5378778157314527e-9
1.9344949391421944e-8;0.07559226280297028;3.1646415215034095e-9
2.0637499555303688e-8;0.08137136344957517;3.2788246547685224e-9
1.8047688810618167e-8;0.07559226280297145;2.932914586692694e-9
1.9253542860854184e-8;0.08137136344957617;3.0387336213583368e-9
1.6837390418274192e-8;0.07559226280297215;2.7181500206175357e-9
1.6256453882918857e-8;0.07559226280297253;2.616206209184361e-9
1.734266411014864e-8;0.08137136344957734;2.710604821181448e-9
1.5166340954312285e-8;0.07559226280297328;2.424643909175746e-9
1.6179695879054133e-8;0.08137136344957817;2.512127636646527e-9
1.4149299110906936e-8;0.07559226280297397;2.2471030381997896e-9
1.5094684667658466e-8;0.08137136344957878;2.32817843793433e-9
1.3200434391543865e-8;0.07559226280297437;2.0825580298294006e-9
1.408240894272357e-8;0.08137136344957926;2.157694546249691e-9
1.231518004224216e-8;0.07559226280297478;1.930058223353481e-9
1.1890263862022395e-8;0.07559226280297496;1.857670244684758e-9
1.2684729021403924e-8;0.08137136344958;1.9246977460685837e-9
1.1092920993600354e-8;0.0755922628029753;1.7216465306040763e-9
1.1834098701326816e-8;0.08137136344958043;1.7837641490567138e-9
1.0349026659689721e-8;0.07559226280297571;1.5955794535159635e-9
1.1040490609410484e-8;0.08137136344958067;1.6531468654319635e-9
9.655000839474647e-9;0.07559226280297598;1.478740704351226e-9
9.321872748254135e-9;0.07559226280297615;1.4232801119613554e-9
9.944729942875114e-9;0.08137136344958115;1.4746346246808503e-9
8.696766992854546e-9;0.07559226280297633;1.3190644247960265e-9
9.277847171816983e-9;0.08137136344958129;1.3666571243332778e-9
8.113563482836013e-9;0.0755922628029765;1.2224769818402422e-9
8.655668382966565e-9;0.08137136344958149;1.2665834426915223e-9
7.569455669220295e-9;0.07559226280297672;1.132959808320737e-9
7.308287098039787e-9;0.0755922628029768;1.090468089125161e-9
7.796604702273544e-9;0.08137136344958183;1.1298144044727645e-9
6.818211079076583e-9;0.07559226280297696;1.0106220815380786e-9
7.273775732626819e-9;0.08137136344958192;1.0470862038892911e-9
6.3609855668172645e-9;0.07559226280297703;9.36620471809829e-10
6.785993806673161e-9;0.08137136344958201;9.704135387776767e-10
5.934410338939503e-9;0.07559226280297711;8.680357758767818e-10
5.72965660800576e-9;0.07559226280297716;8.354801977284023e-10
6.1124958764141505e-9;0.08137136344958218;8.656261792547334e-10
5.345441369182844e-9;0.07559226280297725;7.743051173706466e-10
5.702602479502713e-9;0.08137136344958223;8.022428465354684e-10
4.986980404653198e-9;0.07559226280297736;7.176077619885606e-10
5.320185426002062e-9;0.08137136344958244;7.434990064939593e-10
4.652548807484531e-9;0.0755922628029774;6.650606173386381e-10
4.492023438287469e-9;0.0755922628029774;6.401176851058454e-10
4.792168169956951e-9;0.08137136344958247;6.632146395305519e-10
4.190801494120666e-9;0.07559226280297748;5.932474838537239e-10
4.4708146569793054e-9;0.08137136344958255;6.14652540164931e-10
3.909770577194917e-9;0.07559226280297754;5.498079364857429e-10
4.1710022630233736e-9;0.08137136344958258;5.696450364673554e-10
3.6475784012158466e-9;0.07559226280297757;5.09548117884567e-10
3.89128818673293e-9;0.08137136344958264;5.279321228382125e-10
3.402963090838665e-9;0.07559226280297761;4.722354297369852e-10
3.285549347889725e-9;0.07559226280297762;4.5452399279230583e-10
3.505078298646099e-9;0.08137136344958269;4.709239263148554e-10
3.06522582450795e-9;0.07559226280297768;4.212425557386379e-10
3.270030238802835e-9;0.08137136344958272;4.364411648308601e-10
2.8596712637422012e-9;0.07559226280297769;3.903972384012201e-10
3.0507386332566713e-9;0.08137136344958273;4.0448252684480784e-10
2.667896437443053e-9;0.07559226280297769;3.618098444714767e-10
2.57584569418287e-9;0.07559226280297769;3.4824008193403923e-10
2.7479554511352234e-9;0.08137136344958273;3.608052308867035e-10
2.403114964278178e-9;0.07559226280297769;3.2274121334653135e-10
2.5636807770107e-9;0.08137136344958273;3.3438594168119277e-10
2.2419627325257968e-9;0.0755922628029777;2.9910877294315677e-10
2.391758784212739e-9;0.08137136344958275;3.0990050680126924e-10
2.0916134930376574e-9;0.0755922628029777;2.7720623985933966e-10
2.0194467274743155e-9;0.07559226280297772;2.668096157034068e-10
2.15438011785627e-9;0.08137136344958278;2.76436662330099e-10
1.884027656406909e-9;0.07559226280297776;2.472733613875762e-10
2.0099106559809103e-9;0.08137136344958283;2.5619520829608344e-10
1.7576859037133322e-9;0.07559226280297776;2.2916707740336747e-10
1.8751254655452426e-9;0.08137136344958283;2.3743538464189105e-10
1.6398135021057343e-9;0.07559226280297776;2.123861700554219e-10
1.5832354011705782e-9;0.07559226280297776;2.044206583995015e-10
1.6890227086130457e-9;0.08137136344958286;2.1179661613100715e-10
1.477068004989349e-9;0.07559226280297779;1.894526901423148e-10
1.5757598477694797e-9;0.08137136344958286;1.9628834442120634e-10
1.3780170888064837e-9;0.07559226280297779;1.755803043910954e-10
1.4700893139029755e-9;0.08137136344958286;1.8191523568781552e-10
1.2856060239170864e-9;0.0755922628029778;1.6272336718562276e-10
1.371502575673788e-9;0.08137136344958287;1.685942561477001e-10
1.1993900487129787e-9;0.0755922628029778;1.5080759742074984e-10
1.1580069559482091e-9;0.0755922628029778;1.4515146901317008e-10
1.2353808638352122e-9;0.08137136344958287;1.5038874958961962e-10
1.08035278454882e-9;0.0755922628029778;1.3452308005323767e-10
1.1525369640667017e-9;0.08137136344958287;1.3937672057184266e-10
1.0079040295700573e-9;0.07559226280297782;1.24672665811971e-10
1.0752465269987392e-9;0.08137136344958287;1.2917077005335963e-10
9.40312028521683e-10;0.07559226280297782;1.1554331891756624e-10
9.078682870424379e-10;0.07559226280297782;1.1120983374663668e-10
9.685290908979577e-10;0.08137136344958287;1.1522248506775471e-10
8.469884931738534e-10;0.07559226280297782;1.0306680614004923e-10
9.03580583728108e-10;0.08137136344958287;1.0678552331913864e-10
7.901896088785233e-10;0.07559226280297782;9.551982126828816e-11
8.429858506172476e-10;0.08137136344958287;9.896613667529998e-11
7.371983010095005e-10;0.07559226280297782;8.852528105023468e-11
7.117627828735776e-10;0.07559226280297782;8.520513557242312e-11
7.593206158173129e-10;0.08137136344958289;8.827951084929786e-11
6.640336958247045e-10;0.07559226280297782;7.896626442223409e-11
7.084016799005679e-10;0.08137136344958289;8.181543581882207e-11
6.195039587408054e-10;0.07559226280297782;7.318405286335503e-11
6.608960173017154e-10;0.08137136344958287;7.582451789033177e-11
5.779592893499585e-10;0.07559226280297782;6.782509887516504e-11
5.580180796822141e-10;0.07559226280297782;6.528132663877275e-11
5.953032519008618e-10;0.08137136344958287;6.763682192423813e-11
5.205989000659844e-10;0.07559226280297782;6.050133255408081e-11
5.553832458919491e-10;0.08137136344958289;6.26842831830684e-11
4.85687959890319e-10;0.07559226280297782;5.607121130603637e-11
5.181391936855231e-10;0.08137136344958287;5.809425720732986e-11
4.5311726841512647e-10;0.07559226280297782;5.1965372145309635e-11
4.37483511562247e-10;0.07559226280297782;5.0016423850840655e-11
4.667149643788156e-10;0.08137136344958289;5.182113427994041e-11
4.081471477375923e-10;0.07559226280297782;4.635416001036199e-11
4.354179630958735e-10;0.08137136344958289;4.8026671790485994e-11
3.80777212098584e-10;0.07559226280297782;4.295995475153196e-11
4.062188770447269e-10;0.08137136344958289;4.4509952234387186e-11
3.5524200387276085e-10;0.07559226280297782;3.9814201715526356e-11
3.789771900832603e-10;0.08137136344958289;4.125065973758415e-11
3.31418627517702e-10;0.07559226280297782;3.689872653208209e-11
3.199835632806599e-10;0.07559226280297782;3.551482048191808e-11
3.413637492003256e-10;0.08137136344958289;3.6796250514660376e-11
2.985259929867243e-10;0.07559226280297782;3.291433232047971e-11
3.184721387670677e-10;0.08137136344958289;3.410189531394586e-11
2.78506789548222e-10;0.07559226280297782;3.050419352622145e-11
2.971150681799257e-10;0.08137136344958289;3.160476576980001e-11
2.598296108577476e-10;0.07559226280297782;2.8270480499926884e-11
2.5086467936158243e-10;0.07559226280297782;2.721018954027949e-11
2.6762665353196123e-10;0.08137136344958289;2.8191983717169736e-11
2.340422278958671e-10;0.07559226280297782;2.5217802439180882e-11
2.4967992359264947e-10;0.08137136344958289;2.6127678359753723e-11
2.1834742015238705e-10;0.07559226280297782;2.337125112002911e-11
2.329362359967786e-10;0.08137136344958289;2.4214477213118822e-11
2.0370472868926468e-10;0.07559226280297782;2.165986834836683e-11
1.9667632145799003e-10;0.07559226280297782;2.0847514663255743e-11
2.098176450200781e-10;0.08137136344958289;2.1599736412026522e-11
1.8348769687556894e-10;0.07559226280297782;1.93210241458823e-11
1.9574759210005996e-10;0.08137136344958289;2.0018144201910177e-11
1.7118312313845706e-10;0.07559226280297782;1.7906266211227496e-11
1.826207019071689e-10;0.08137136344958289;1.855232109924395e-11
1.5970338958854928e-10;0.07559226280297782;1.6595068295525382e-11
1.541931809677267e-10;0.07559226280297782;1.5972672732271174e-11
1.644959328064537e-10;0.08137136344958289;1.654900273656028e-11
1.4385341183411e-10;0.07559226280297782;1.480313115897161e-11
1.5346512792040237e-10;0.08137136344958289;1.53372438536587e-11
1.3420672516153158e-10;0.07559226280297782;1.371919434282394e-11
1.4317374879926241e-10;0.08137136344958289;1.4214182399197296e-11
1.2520670151287315e-10;0.07559226280297782;1.2714600913126215e-11
1.3357226897031946e-10;0.08137136344958289;1.3173330421057432e-11
1.1681002502551024e-10;0.07559226280297782;1.1783546819583303e-11
1.1277967634396252e-10;0.07559226280297782;1.1341597905547974e-11
1.203152133665466e-10;0.08137136344958289;1.1750819602168607e-11
1.0521684412416716e-10;0.07559226280297782;1.0511134977497809e-11
1.1224694732118051e-10;0.08137136344958289;1.0890380461641144e-11
9.816097360796134e-11;0.07559226280297782;9.741460111048418e-12
1.0471953962104379e-10;0.08137136344958289;1.0092925307989496e-11
9.157810814024826e-11;0.07559226280297782;9.028126775046886e-12
8.841837352499034e-11;0.07559226280297782;8.68952430224715e-12
9.432620144471348e-11;0.08137136344958289;9.003058006925645e-12
8.24892179071226e-11;0.07559226280297782;8.05325830042414e-12
8.800078899358946e-11;0.08137136344958289;8.343825080466876e-12
7.695750693196396e-11;0.07559226280297782;7.46356486916414e-12
8.209939578235544e-11;0.08137136344958289;7.732847184167266e-12
7.17966203588601e-11;0.07559226280297782;6.917037415968512e-12
6.931942496009661e-11;0.07559226280297782;6.657613551688816e-12
7.395113894027564e-11;0.08137136344958289;6.897833843209681e-12
6.467103233869118e-11;0.07559226280297782;6.170131279197603e-12
6.899208313929562e-11;0.08137136344958289;6.39275497404367e-12
6.03342282200215e-11;0.07559226280297782;5.718330694942603e-12
6.436545009112249e-11;0.08137136344958289;5.924646847463785e-12
5.628814339846693e-11;0.07559226280297782;5.299601888809303e-12
5.434604524380296e-11;0.07559226280297782;5.100840952632784e-12
5.797729256373016e-11;0.08137136344958289;5.2848906255555076e-12
5.070174678385203e-11;0.07559226280297782;4.7273499279257205e-12
5.408943564352106e-11;0.08137136344958289;4.8979176007844964e-12
4.730172874971998e-11;0.07559226280297782;4.381196670161784e-12
5.046219305054537e-11;0.08137136344958289;4.539269980152369e-12
4.41296303231933e-11;0.07559226280297782;4.0603816130191255e-12
4.2607040127296317e-11;0.07559226280297782;3.908098015444549e-12
4.54539261246379e-11;0.08137136344958289;4.049111400716691e-12
3.9749936721951936e-11;0.07559226280297782;3.6219422900832664e-12
4.240587390258954e-11;0.08137136344958289;3.752626162808754e-12
3.708434609914465e-11;0.07559226280297782;3.3567316689559348e-12
3.956214014307178e-11;0.08137136344958289;3.477842728490151e-12
3.459744176382085e-11;0.07559226280297782;3.1109341838386736e-12
3.6909039811683377e-11;0.08137136344958289;3.2231736906457364e-12
3.227725477276562e-11;0.07559226280297782;2.8831297567873153e-12
3.1163580250345034e-11;0.07559226280297782;2.7749964663238098e-12
3.324582201565193e-11;0.08137136344958289;2.875122660528015e-12
2.9073801928681244e-11;0.07559226280297782;2.5718039579346915e-12
3.101638081722724e-11;0.08137136344958289;2.6645957295299413e-12
2.7124107867812627e-11;0.07559226280297782;2.383484643725481e-12
2.893639028167876e-11;0.08137136344958289;2.4694792804833525e-12
2.5305115195178935e-11;0.07559226280297782;2.208950585249637e-12
2.4432009841718696e-11;0.07559226280297782;2.1261033787490426e-12
2.6064478465597777e-11;0.08137136344958289;2.2028171375279703e-12
2.2793651262032436e-11;0.07559226280297782;1.970425633794271e-12
2.4316625066626387e-11;0.08137136344958289;2.0415199665297444e-12
2.126511524720368e-11;0.07559226280297782;1.826142956421847e-12
2.268593739401297e-11;0.08137136344958289;1.8920295186199136e-12
1.983904608973309e-11;0.07559226280297782;1.6924218484604907e-12
1.9154541140359035e-11;0.07559226280297782;1.6289475418189511e-12
2.0434390290184344e-11;0.08137136344958289;1.6877233617838328e-12
1.7870085287839304e-11;0.07559226280297782;1.5096732294584298e-12
1.906409108229963e-11;0.08137136344958289;1.5641436073409568e-12
1.667172819983336e-11;0.07559226280297782;1.399129287067685e-12
1.778564761548686e-11;0.08137136344958289;1.4496096219523612e-12
1.555370327984288e-11;0.07559226280297782;1.2966771407988608e-12
1.5017057500945398e-11;0.07559226280297782;1.2480454578774923e-12
1.602045477058539e-11;0.08137136344958289;1.2930777487249852e-12
1.4010055072877306e-11;0.07559226280297782;1.1566618132726348e-12
1.4946151547732543e-11;0.08137136344958289;1.1983953999911587e-12
1.3070552770982103e-11;0.07559226280297782;1.0719670071688181e-12
1.3943861880600316e-11;0.08137136344958289;1.1106435396324282e-12
1.2194029751004482e-11;0.07559226280297782;9.934717992619556e-13
1.3008762327037106e-11;0.08137136344958289;1.0293152231124405e-12
1.1376267429504924e-11;0.07559226280297782;9.207226825698665e-13
1.0983746972245952e-11;0.07559226280297782;8.861904321430913e-13
1.1717641895863399e-11;0.08137136344958289;9.181654990772775e-13
1.0247193736870105e-11;0.07559226280297782;8.213011363651429e-13
1.0931863858366704e-11;0.08137136344958289;8.509339731382472e-13
9.560014105474665e-12;0.07559226280297782;7.611615944603081e-13
1.0198760659142375e-11;0.08137136344958289;7.886237825359489e-13
8.918900998985698e-12;0.07559226280297782;7.054243709616617e-13
8.611170682331859e-12;0.07559226280297782;6.789672284854366e-13
9.186541078216882e-12;0.08137136344958289;7.034655903171953e-13
8.033723156528438e-12;0.07559226280297782;6.292517608935483e-13
8.570501627577295e-12;0.08137136344958289;6.519555723420657e-13
7.494983237738166e-12;0.07559226280297782;5.831753013829663e-13
7.995757915614198e-12;0.08137136344958289;6.042160236064527e-13
6.992358349025493e-12;0.07559226280297782;5.404716714395545e-13
6.7511013394039344e-12;0.07559226280297782;5.202012520234511e-13
7.202189479176046e-12;0.08137136344958289;5.389711754262433e-13
6.298388846902576e-12;0.07559226280297782;4.821111936984447e-13
6.7192211296917724e-12;0.08137136344958289;4.995061842442127e-13
5.8760223297085976e-12;0.07559226280297782;4.468091702677266e-13
6.2686278279378645e-12;0.08137136344958289;4.629299498865655e-13
5.4819693110365114e-12;0.07559226280297782;4.1409125302640796e-13
5.2928260591882155e-12;0.07559226280297782;3.9856081001561613e-13
5.646477559606441e-12;0.08137136344958289;4.12941769430814e-13
4.9379034927023414e-12;0.07559226280297782;3.693776053787453e-13
5.267834544657265e-12;0.08137136344958289;3.827051312687622e-13
4.606771687765407e-12;0.07559226280297782;3.4233047254612235e-13
4.9145730693654855e-12;0.08137136344958289;3.5468173522157856e-13
4.297837244809871e-12;0.07559226280297782;3.172631728150861e-13
4.149550372597632e-12;0.07559226280297782;3.053642968130637e-13
4.4268119898260825e-12;0.08137136344958289;3.1638256018943885e-13
3.871293669837339e-12;0.07559226280297782;2.8300514883144805e-13
4.12995855443349e-12;0.08137136344958289;2.932163023751716e-13
3.6116886250133782e-12;0.07559226280297782;2.6228257367907126e-13
3.853003937400228e-12;0.08137136344958289;2.7174574307369654e-13
3.369486050499257e-12;0.07559226280297782;2.430768690358843e-13
3.5946153369304583e-12;0.08137136344958289;2.518468481754386e-13
3.14352027666318e-12;0.07559226280297782;2.2527707527366744e-13
3.0350581888097144e-12;0.07559226280297782;2.168279406629237e-13
3.237850193775383e-12;0.08137136344958289;2.2465143044360566e-13
2.831532189646232e-12;0.07559226280297782;2.0095123102137488e-13
3.02072226073971e-12;0.08137136344958289;2.082016361983285e-13
2.6416491634478012e-12;0.07559226280297782;1.862366576579244e-13
2.8181495057208714e-12;0.08137136344958289;1.9295595990661067e-13
2.464495301083069e-12;0.07559226280297782;1.7259921309389792e-13
2.3794625310539017e-12;0.07559226280297782;1.661258393821836e-13
2.5384505942057374e-12;0.08137136344958289;1.7211996821744796e-13
2.2199008380925044e-12;0.07559226280297782;1.5396175728145647e-13
2.3682250704125148e-12;0.08137136344958289;1.5951680498941207e-13
2.0710348954944905e-12;0.07559226280297782;1.4268804353527615e-13
2.209410456225123e-12;0.08137136344958289;1.4783617535170776e-13
1.9321483221476367e-12;0.07559226280297782;1.322395716852073e-13
1.8654835700495335e-12;0.07559226280297782;1.2727992457894472e-13
1.9901296027394173e-12;0.08137136344958289;1.318724493473248e-13
1.7403888850987756e-12;0.07559226280297782;1.1796027180209642e-13
1.8566745311911543e-12;0.08137136344958289;1.2221638528070066e-13
1.6236794613466577e-12;0.07559226280297782;1.093227777828343e-13
1.7321653996436835e-12;0.08137136344958289;1.1326712408736089e-13
1.5147936830936006e-12;0.07559226280297782;1.0131754672702882e-13
1.4625291116724487e-12;0.07559226280297782;9.751764723642449e-14
1.5602511665642786e-12;0.08137136344958289;1.0103630356852831e-13
1.3644559461084409e-12;0.07559226280297782;9.037726788444896e-14
1.4556234964573401e-12;0.08137136344958289;9.363817569981729e-14
1.2729566982086105e-12;0.07559226280297782;8.375952958632983e-14
1.3580093122926273e-12;0.08137136344958289;8.678157051064747e-14
1.1875910775677086e-12;0.07559226280297782;7.762620491766801e-14
1.2669388532954498e-12;0.08137136344958289;8.042687723351609e-14
1.1079482313212526e-12;0.07559226280297782;7.194185852342236e-14
1.0697201965926073e-12;0.07559226280297782;6.924363644012966e-14
1.1411950970936902e-12;0.08137136344958289;7.174204968138443e-14
9.979863999439678e-13;0.07559226280297782;6.41734273262281e-14
1.0646672383517632e-12;0.08137136344958289;6.648882738222326e-14
9.310611573789137e-13;0.07559226280297782;5.947434637896053e-14
9.932694448320756e-13;0.08137136344958289;6.16201399894394e-14
8.686223885284991e-13;0.07559226280297782;5.511924627842222e-14
8.386521665577806e-13;0.07559226280297782;5.3051983206716445e-14
8.946881745389273e-13;0.08137136344958289;5.4966194417454395e-14
7.824138644205216e-13;0.07559226280297782;4.91674007981037e-14
8.346913588882982e-13;0.08137136344958289;5.094139249190338e-14
7.299453422216016e-13;0.07559226280297782;4.5567156996008934e-14
7.787163844005353e-13;0.08137136344958289;4.7211201060620824e-14
6.809941058061367e-13;0.07559226280297782;4.2230453597705785e-14
6.574977983607959e-13;0.07559226280297782;4.064659813997623e-14
7.014298094292327e-13;0.08137136344958289;4.211321039956574e-14
6.134075896458501e-13;0.07559226280297782;3.767038213157066e-14
6.543929467753692e-13;0.08137136344958289;3.902956223275702e-14
5.7227281160075e-13;0.07559226280297782;3.4912012838273105e-14
6.105091285707556e-13;0.08137136344958289;3.6171630819431937e-14
5.338955188911721e-13;0.07559226280297782;3.2355556026775636e-14
5.154746323701541e-13;0.07559226280297782;3.114206476057814e-14
5.499171731086263e-13;0.08137136344958289;3.226573963822046e-14
4.80908300993823e-13;0.07559226280297782;2.8861797293520724e-14
5.130406790111812e-13;0.08137136344958289;2.9903160779180335e-14
4.486589802137424e-13;0.07559226280297782;2.6748434561674342e-14
4.78636123284199e-13;0.08137136344958289;2.7713516457455628e-14
4.1857148694867887e-13;0.07559226280297782;2.4789768651781847e-14
4.0412965189040493e-13;0.07559226280297782;2.3860034574267877e-14
4.3113249094329336e-13;0.08137136344958289;2.4720960844471824e-14
3.77029900272667e-13;0.07559226280297782;2.211297360656377e-14
4.0222158139031897e-13;0.08137136344958289;2.291083530532528e-14
3.517466558309266e-13;0.07559226280297782;2.0493788375140777e-14
3.7524864145200337e-13;0.08137136344958289;2.1233205364272763e-14
3.28158258694762e-13;0.07559226280297782;1.899312578428741e-14
3.5008386797440606e-13;0.08137136344958289;1.9678379455621055e-14
3.061511829107044e-13;0.07559226280297782;1.7602315859834028e-14
2.9558793102274447e-13;0.07559226280297782;1.694213179103831e-14
3.153380858622024e-13;0.08137136344958289;1.7553430291245063e-14
2.757662916143531e-13;0.07559226280297782;1.5701584533462653e-14
2.9419173791741044e-13;0.08137136344958289;1.6268104326395302e-14
2.5727335758848394e-13;0.07559226280297782;1.4551842298166357e-14
2.7446293609134817e-13;0.08137136344958289;1.507686367637531e-14
2.4002013198571127e-13;0.07559226280297782;1.3486262915775331e-14
2.3173868925926607e-13;0.07559226280297782;1.2980457482115865e-14
2.4722272604565675e-13;0.08137136344958289;1.3448816497051945e-14
2.1619878598266968e-13;0.07559226280297782;1.2030001182814897e-14
2.3064425958632496e-13;0.08137136344958289;1.246405202555198e-14
2.0170055456999404e-13;0.07559226280297782;1.1149114967328677e-14
2.151771152011175e-13;0.08137136344958289;1.1551370910197313e-14
1.8817422581168618e-13;0.07559226280297782;1.033271009553217e-14
1.8168166622338065e-13;0.07559226280297782;9.945181649454422e-15
1.9382109177009325e-13;0.08137136344958289;1.0304024516483532e-14
1.6949854589874558e-13;0.07559226280297782;9.216978517010607e-15
1.8082374343954446e-13;0.08137136344958289;9.549535452485189e-15
1.581320761470491e-13;0.07559226280297782;8.542076742030705e-15
1.6869765085810743e-13;0.08137136344958289;8.850273345828511e-15
1.4752756054656061e-13;0.07559226280297782;7.916577652058664e-15
1.4243745170148852e-13;0.07559226280297782;7.61966758702881e-15
1.519547189905533e-13;0.08137136344958289;7.894602353847192e-15
1.32885989325973e-13;0.07559226280297782;7.061744804340759e-15
1.4176490561278464e-13;0.08137136344958289;7.316540057191884e-15
1.2397476861970555e-13;0.07559226280297782;6.544659256866815e-15
1.3225814398228137e-13;0.08137136344958289;6.780790336012625e-15
1.1566090917584007e-13;0.07559226280297782;6.065423995322581e-15
1.2338868353782606e-13;0.08137136344958289;6.284258151721141e-15
1.0790439754467921e-13;0.07559226280297782;5.621270232376787e-15
1.0418132372218458e-13;0.07559226280297782;5.410441157503541e-15
1.1114234939117084e-13;0.08137136344958289;5.605657909885178e-15
9.719508384910561e-14;0.07559226280297782;5.014273805854977e-15
1.0368921010226697e-13;0.08137136344958289;5.1951905861265334e-15
9.067715478404264e-14;0.07559226280297782;4.647105033869417e-15
9.673569397401446e-14;0.08137136344958289;4.814769394993501e-15
8.45961687363454e-14;0.07559226280297782;4.306813650568456e-15
8.167733313138733e-14;0.07559226280297782;4.1452853747359864e-15
8.713474667389896e-14;0.08137136344958289;4.294854745311814e-15
7.620021792012899e-14;0.07559226280297782;3.8417585002997464e-15
8.129158535610002e-14;0.08137136344958289;3.980371637428975e-15
7.109024606595433e-14;0.07559226280297782;3.560448790912317e-15
7.584011593818481e-14;0.08137136344958289;3.688908301839606e-15
6.632282686246046e-14;0.07559226280297782;3.2997311520839463e-15
6.40344935019834e-14;0.07559226280297782;3.175974555859449e-15
6.831308437225607e-14;0.08137136344958289;3.2905702030456505e-15
5.974049557454225e-14;0.07559226280297782;2.9434240658310887e-15
6.373210830895717e-14;0.08137136344958289;3.0496253622675742e-15
5.57343305592352e-14;0.07559226280297782;2.7278953108536537e-15
5.945821099907824e-14;0.08137136344958289;2.8263171921753513e-15
5.1996720324247546e-14;0.07559226280297782;2.5281432489834568e-15
5.020268825117945e-14;0.07559226280297782;2.433325538238547e-15
5.355708830637064e-14;0.08137136344958289;2.521125329211473e-15
4.683623207836282e-14;0.07559226280297782;2.255153888276879e-15
4.9965642635303964e-14;0.08137136344958289;2.3365221720989727e-15
4.369543232650987e-14;0.07559226280297782;2.090023555831066e-15
4.661494198561261e-14;0.08137136344958289;2.1654314788943076e-15
4.0765175530554066e-14;0.07559226280297782;1.936980659797662e-15
3.935866801752311e-14;0.07559226280297782;1.8643346842665447e-15
4.198850666668381e-14;0.08137136344958289;1.931604272713342e-15
3.671939093827248e-14;0.07559226280297782;1.7278258142780778e-15
3.9172838759472825e-14;0.08137136344958289;1.790167770808736e-15
3.425702565590955e-14;0.07559226280297782;1.601308680457594e-15
3.6545912020682965e-14;0.08137136344958289;1.659083983954484e-15
3.195972357078674e-14;0.07559226280297782;1.4840524665656608e-15
3.409508476658801e-14;0.08137136344958289;1.537595649121067e-15
2.981642825511391e-14;0.07559226280297782;1.3753797329487166e-15
2.8787660575487095e-14;0.07559226280297782;1.3237953962360003e-15
3.071115167292257e-14;0.08137136344958289;1.3715599957728578e-15
2.6857207510762483e-14;0.07559226280297782;1.226863630585319e-15
2.8651683666432946e-14;0.08137136344958289;1.2711293878708056e-15
2.505615864540597e-14;0.07559226280297782;1.1370270328822828e-15
2.6730272164398245e-14;0.08137136344958289;1.1780502578206061e-15
2.3375846459565322e-14;0.07559226280297782;1.0537666086256741e-15
2.2569306891257058e-14;0.07559226280297782;1.0142448463865357e-15
2.40773156715975e-14;0.08137136344958289;1.0508406842306236e-15
2.1055857206911976e-14;0.07559226280297782;9.399797132346575e-16
2.2462719082210277e-14;0.08137136344958289;9.738948376378127e-16
1.9643857185771602e-14;0.07559226280297782;8.711505286284325e-16
2.095635547293575e-14;0.08137136344958289;9.025813173772066e-16
1.8326511921439216e-14;0.07559226280297782;8.073596772716647e-16
1.7694193812078102e-14;0.07559226280297782;7.770796405469131e-16
1.887646692116953e-14;0.08137136344958289;8.051182924240368e-16
1.6507665216535024e-14;0.07559226280297782;7.201805462568048e-16
1.7610639690583388e-14;0.08137136344958289;7.461653128491923e-16
1.5400671192722157e-14;0.07559226280297782;6.674462225217898e-16
1.6429665094856453e-14;0.08137136344958289;6.915275630682561e-16
1.436788479099717e-14;0.07559226280297782;6.1857204152334e-16
1.387215302949656e-14;0.07559226280297782;5.953725892920361e-16
1.4799051023524266e-14;0.08137136344958289;6.168549731542555e-16
1.294192473528142e-14;0.07559226280297782;5.517785705293977e-16
1.3806652965079196e-14;0.08137136344958289;5.716873274005668e-16
1.2074050339606102e-14;0.07559226280297782;5.113754219971531e-16
1.2880778129648509e-14;0.08137136344958289;5.298258294982218e-16
1.1264353668587779e-14;0.07559226280297782;4.739297545468623e-16
1.2016970815597375e-14;0.08137136344958289;4.910286446011145e-16
1.0508937764714193e-14;0.07559226280297782;4.392252253966679e-16
1.0146343171867928e-14;0.07559226280297782;4.2275182274863035e-16
1.082428575065545e-14;0.08137136344958289;4.380053363712584e-16
9.465944951719834e-15;0.07559226280297782;3.917967739554913e-16
1.0098415640436774e-14;0.08137136344958289;4.059329407483858e-16
8.831156078808462e-15;0.07559226280297782;3.631075667181108e-16
9.421204424763336e-15;0.08137136344958289;3.7620823858788773e-16
8.23892160665097e-15;0.07559226280297782;3.365184590338653e-16
7.954652731462296e-15;0.07559226280297782;3.2389723813048046e-16
8.486156734816909e-15;0.08137136344958289;3.3558403449284363e-16
7.421229959128568e-15;0.07559226280297782;3.0018077293186e-16
7.917084296295486e-15;0.08137136344958289;3.1101148981287063e-16
6.923563715519479e-15;0.07559226280297782;2.782002746807163e-16
7.386159198313338e-15;0.08137136344958289;2.882376248362747e-16
6.459259082456919e-15;0.07559226280297782;2.578287645156804e-16
6.236395571632757e-15;0.07559226280297782;2.481588826875574e-16
6.653092631247515e-15;0.08137136344958289;2.571129619052635e-16
5.818198000374327e-15;0.07559226280297782;2.299882491516518e-16
6.20694591761687e-15;0.08137136344958289;2.3828642490845267e-16
5.4280328191674546e-15;0.07559226280297782;2.1314763091572702e-16
5.790705969437744e-15;0.08137136344958289;2.208379520033879e-16
5.064022507799185e-15;0.07559226280297782;1.975397450160145e-16
4.889299587948144e-15;0.07559226280297782;1.901310404613645e-16
5.2159886035961045e-15;0.08137136344958289;1.969913907711124e-16
4.5614364126487355e-15;0.07559226280297782;1.762093679783426e-16
4.866213433154472e-15;0.08137136344958289;1.8256718415235477e-16
4.255550184888779e-15;0.07559226280297782;1.6330669571921648e-16
4.5398847070132344e-15;0.08137136344958289;1.6919879139065044e-16
3.970168986308991e-15;0.07559226280297782;1.5134849094932964e-16
3.833187544807269e-15;0.07559226280297782;1.456722036231956e-16
4.0893106623458886e-15;0.08137136344958289;1.509283999856667e-16
3.576145207323325e-15;0.07559226280297782;1.350059063788489e-16
3.815089412088402e-15;0.08137136344958289;1.3987707584356064e-16
3.336332520397107e-15;0.07559226280297782;1.2512032637261124e-16
3.559249888968177e-15;0.08137136344958289;1.2963467449176457e-16
3.1125955348001304e-15;0.07559226280297782;1.1595836033169606e-16
3.3205609043539437e-15;0.08137136344958289;1.2014202620331676e-16
2.9038574518644206e-15;0.07559226280297782;1.0746707563193973e-16
2.8036645425339966e-15;0.07559226280297782;1.0343646671563439e-16
2.990995630922326e-15;0.08137136344958289;1.0716861552369621e-16
2.6156554198613782e-15;0.07559226280297782;9.586257774463302e-17
2.7904215894458546e-15;0.08137136344958289;9.932133998472045e-17
2.4402491262540833e-15;0.07559226280297782;8.884307890472368e-17
2.603293035329907e-15;0.08137136344958289;9.204848168295218e-17
2.276601521632794e-15;0.07559226280297782;8.233741788880255e-17
2.1980516726831964e-15;0.07559226280297782;7.924933384196627e-17
2.3449184434714583e-15;0.08137136344958289;8.210879699907795e-17
2.0506550057751393e-15;0.07559226280297782;7.344653153940634e-17
2.1876709590400353e-15;0.08137136344958289;7.609653368207744e-17
1.913138642368395e-15;0.07559226280297782;6.806847411238323e-17
2.040964413420874e-15;0.08137136344958289;7.052435947314418e-17
1.7848408184379303e-15;0.07559226280297782;6.308409337508236e-17
1.7232586048304976e-15;0.07559226280297782;6.071812351317356e-17
1.8384015907240317e-15;0.08137136344958289;6.290895986891686e-17
1.6077011720441958e-15;0.07559226280297782;5.627223913449779e-17
1.7151211694455362e-15;0.08137136344958289;5.830259250510878e-17
1.4998897059049852e-15;0.07559226280297782;5.215177449373999e-17
1.600104647314784e-15;0.08137136344958289;5.403340120658758e-17
1.399305408444105e-15;0.07559226280297782;4.8332927102009934e-17
1.3510255018958605e-15;0.07559226280297782;4.652020787412375e-17
1.441297201243817e-15;0.08137136344958289;4.819876174253509e-17
1.2604294606470742e-15;0.07559226280297782;4.311393279297176e-17
1.3446463726276424e-15;0.08137136344958289;4.466952927964157e-17
1.1759061398253769e-15;0.07559226280297782;3.9956980487317125e-17
1.2544743199137784e-15;0.08137136344958289;4.1398626958365797e-17
1.0970488168835164e-15;0.07559226280297782;3.7031114793963266e-17
1.1703470970143675e-15;0.08137136344958289;3.8367158699992667e-17
1.0234779624890431e-15;0.07559226280297782;3.431943148963033e-17
9.881644433299602e-16;0.07559226280297782;3.3032260851673866e-17
1.0541900783424524e-15;0.08137136344958289;3.422411388168855e-17
9.218996504812924e-16;0.07559226280297782;3.061354804811195e-17
9.834967239738725e-16;0.08137136344958289;3.17180957373677e-17
8.600768062696232e-16;0.07559226280297782;2.8371879707260355e-17
9.175423172859358e-16;0.08137136344958289;2.939551766042418e-17
8.023983858192945e-16;0.07559226280297782;2.629430536321912e-17
7.74713101569725e-16;0.07559226280297782;2.5308129931883117e-17
8.264769093481527e-16;0.08137136344958289;2.622129289225088e-17
7.227624225956324e-16;0.07559226280297782;2.3455013226609208e-17
7.710542669339796e-16;0.08137136344958289;2.4301285308650376e-17
6.742941145313431e-16;0.07559226280297782;2.1737538545693983e-17
7.19346839439108e-16;0.08137136344958289;2.2521819891761994e-17
6.290749334437276e-16;0.07559226280297782;2.0145784231451517e-17
6.073699907484393e-16;0.07559226280297782;1.939021549877372e-17
6.479526135689572e-16;0.08137136344958289;2.0089854068000375e-17
5.666412313122009e-16;0.07559226280297782;1.7970429528613376e-17
6.045018538764722e-16;0.08137136344958289;1.861881823196537e-17
5.286425797228283e-16;0.07559226280297782;1.665456602539841e-17
5.63963749682979e-16;0.08137136344958289;1.725545921741143e-17
4.931911820511117e-16;0.07559226280297782;1.5435023658838328e-17
4.761747088344077e-16;0.07559226280297782;1.485613493913737e-17
5.079913410753562e-16;0.08137136344958289;1.5392177290160452e-17
4.4424372378686605e-16;0.07559226280297782;1.3768347040410376e-17
4.739263207290684e-16;0.08137136344958289;1.4265123236291716e-17
4.144530998293808e-16;0.07559226280297782;1.2760180043102041e-17
4.4214477751219554e-16;0.08137136344958289;1.3220566564717465e-17
3.866594850802439e-16;0.07559226280297782;1.1825810235519938e-17
3.733186993808815e-16;0.07559226280297782;1.1382286178292129e-17
3.982628347781748e-16;0.08137136344958289;1.1792985884336947e-17
3.482850400585444e-16;0.07559226280297782;1.0548861237375329e-17
3.715561006849252e-16;0.08137136344958289;1.092947636841108e-17
3.249293969203392e-16;0.07559226280297782;9.776438648365474e-18
3.466395848857305e-16;0.08137136344958289;1.0129173081720741e-17
3.0313938547683214e-16;0.07559226280297782;9.060556573132789e-18
3.2339338045374544e-16;0.08137136344958289;9.38745272106446e-18
2.8281013502354235e-16;0.07559226280297782;8.397079052575905e-18
2.7305222827851683e-16;0.07559226280297782;8.082142207954295e-18
2.9129662604232466e-16;0.08137136344958289;8.373758485711822e-18
2.5474179594838943e-16;0.07559226280297782;7.490346590078291e-18
2.717624813081341e-16;0.08137136344958289;7.760601454494144e-18
2.3765876814783104e-16;0.07559226280297782;6.941868962660048e-18
2.535378085982825e-16;0.08137136344958289;7.192327257592291e-18
2.2172093306935243e-16;0.07559226280297782;6.433540718695864e-18
2.1407086974642637e-16;0.07559226280297782;6.192249274690311e-18
2.2837439943602297e-16;0.08137136344958289;6.415677129565877e-18
1.9971573284274502e-16;0.07559226280297782;5.7388398060271295e-18
2.1305987968381908e-16;0.08137136344958289;5.945901153427285e-18
1.863228504620906e-16;0.07559226280297782;5.318618327974871e-18
1.9877195451423e-16;0.08137136344958289;5.510512109368932e-18
1.73827772618065e-16;0.07559226280297782;4.92915728762242e-18
1.6783020750543007e-16;0.07559226280297782;4.744289170111686e-18
1.7904412000883349e-16;0.08137136344958289;4.915473004437276e-18
1.565759315256343e-16;0.07559226280297782;4.396904239733456e-18
1.6703769298358627e-16;0.08137136344958289;4.555548528297476e-18
1.4607604446115749e-16;0.07559226280297782;4.0749464017786415e-18
1.5583609693662754e-16;0.08137136344958289;4.221969740436647e-18
1.3628001996005925e-16;0.07559226280297782;3.776555817969458e-18
1.3157798237172461e-16;0.07559226280297782;3.634916654838077e-18
1.4036965066281382e-16;0.08137136344958289;3.766072633952367e-18
1.2275472603670094e-16;0.07559226280297782;3.3687629425214437e-18
1.3095671137630436e-16;0.08137136344958289;3.490311487465699e-18
1.145228991752018e-16;0.07559226280297782;3.1220903879747447e-18
1.2217474778956417e-16;0.08137136344958289;3.234735300959287e-18
1.068428905940422e-16;0.07559226280297782;2.8934740849829627e-18
1.1398149737637222e-16;0.08137136344958289;2.9978676048649435e-18
9.967773747960833e-17;0.07559226280297782;2.681593200180457e-18
9.623851179891095e-17;0.07559226280297782;2.581018456357587e-18
1.0266882701321673e-16;0.08137136344958289;2.6741454355112924e-18
8.978490471816148e-17;0.07559226280297782;2.392029200833909e-18
9.578391705270544e-17;0.08137136344958289;2.4783344641853165e-18
8.376390430444775e-17;0.07559226280297782;2.2168735435584193e-18
8.936053884974392e-17;0.08137136344958289;2.296856819956223e-18
7.814653425584943e-17;0.07559226280297782;2.054539583115812e-18
7.545023145635807e-17;0.07559226280297782;1.977483489349961e-18
8.049157033397785e-17;0.08137136344958289;2.0488346591943304e-18
7.039069297047465e-17;0.07559226280297782;1.8326878170351445e-18
7.509389319440255e-17;0.08137136344958289;1.898812381522465e-18
6.567030673415183e-17;0.07559226280297782;1.6984907098594077e-18
7.005804525973359e-17;0.08137136344958289;1.759771547954871e-18
