# ["m", "w0", "wp"] [calculated @ 2025-10-14T10:30:15.913]
0.7989486640527246;0.8786554673368981;0.7134154196136453
0.0;0.0;0.0
0.0;0.0;0.0
0.0;0.0;0.0
0.0;0.0;0.0
0.0;0.0;0.0
0.004859902682538845;0.007577794044770162;0.0025618246072922034
0.009931674645222117;0.018638643323753052;0.004976912716164508
0.01395441311693439;0.030973229136119457;0.006644131341121001
0.015836837878686838;0.04127009025874069;0.007209350074000583
0.014941627382286488;0.04640434596395392;0.006668887405315774
0.014872463908820766;0.05396482123114624;0.0064227598012339395
0.012911880125431511;0.0556633868125764;0.005520829766121429
0.011156134029255622;0.05694416015436627;0.0047226204602176455
0.010239027762533652;0.060766535407470665;0.00422536787348096
0.011019769055608118;0.07301343951076818;0.004269548753138743
0.009533820700005713;0.07367332791879823;0.0036417849211831175
0.008237987568283167;0.07416620167613358;0.0031024840270899956
0.00711212214366571;0.0745333588509217;0.0026407934582574006
0.006136494412530747;0.0748063806284406;0.002246514528251398
0.005292610633111837;0.07500916811625213;0.0019103797660485098
0.004563610077455124;0.07515968095941471;0.001624150511177727
0.003934399544023404;0.07527134836052836;0.0013806096118475512
0.0033916339416997605;0.07535417876341745;0.001173497767886408
0.002923613068958983;0.07541561489444817;0.0009974235759325149
0.0025201382776253957;0.0754611837105887;0.0008477650589678788
0.002172355212729971;0.07549498597147247;0.0007205726434995741
0.001872597616271613;0.0755200627633802;0.0006124787349574045
0.0016142402064092366;0.07553866878829586;0.0005206161754780565
0.0013915644162551916;0.07555247559263915;0.00044254622461339477
0.001199638293687306;0.07556272243992773;0.00037619580897503454
0.0011427272503411066;0.08134714669282414;0.0003442500495590301
0.0008947423890254782;0.07557586163905389;0.00027233858498181544
0.0008522505125555646;0.08135791789742748;0.0002491980056685996
0.000667271252991393;0.07558315719662434;0.00019713261414498385
0.0006355615072935737;0.08136389847598637;0.0001803759865330707
0.0004976000205002563;0.07558720755904134;0.0001426854327717676
0.00047394376317629343;0.08136721884313511;0.00013055407844199298
0.0003710581746080715;0.0755894561546216;0.00010327216766003125
0.000319849483320892;0.07559017883500639;8.77797225803683e-5
0.0003046559327075808;0.08136965453815515;8.032015303695406e-5
0.000238527733429027;0.07559110546759211;6.353798115490687e-5
0.00022719181173362963;0.08137041437644807;5.813699058143261e-5
0.00017787440746231195;0.07559162007660862;4.598880078424723e-5
0.0001694182600558133;0.08137083636200547;4.207881334429609e-5
0.0001326402049815404;0.07559190585837683;3.328561350230118e-5
0.0001263330697042023;0.0813710707135396;3.0455279778924094e-5
9.890721726301133e-5;0.07559206456396751;2.4090798654052392e-5
8.525676107547182e-5;0.07559211558599498;2.047666657727848e-5
8.120654565658497e-5;0.08137124269239521;1.8736467849592785e-5
6.357971902183374e-5;0.07559218101994648;1.4821595164642626e-5
6.0557990877972186e-5;0.08137129636478;1.3561667831416452e-5
4.741233663112876e-5;0.07559221737101926;1.0727827045145285e-5
4.5158303957229703e-5;0.08137132618189763;9.815731174655024e-6
3.5355104307730594e-5;0.07559223756461297;7.764531955515152e-6
3.3673925036402086e-5;0.08137134274603477;7.104296106231043e-6
2.6363583105321106e-5;0.07559224878232873;5.619652063822969e-6
2.272506513098152e-5;0.07559225238962818;4.7765831810192e-6
2.1645482075522832e-5;0.0813713549059009;4.370646944376106e-6
1.694707485729509e-5;0.07559225701662367;3.457425843656168e-6
1.6141636632489276e-5;0.0813713587021375;3.1635229927818883e-6
1.2637682207648494e-5;0.07559225958778878;2.5024742771858504e-6
1.2036873073234576e-5;0.08137136081163499;2.2897101177716763e-6
9.423845695215482e-6;0.0755922610164748;1.8112279733450387e-6
8.975730048730219e-6;0.08137136198379495;1.6572151272793613e-6
7.027170206763523e-6;0.07559226181031287;1.3108930462253648e-6
6.05732916689718e-6;0.07559226206564006;1.1142308516361963e-6
5.769568104399287e-6;0.0813713628445235;1.019538345888955e-6
4.517215306375337e-6;0.07559226239318396;8.065117806933668e-7
4.302527094100912e-6;0.08137136311330917;7.379532360653575e-7
3.36855373940021e-6;0.07559226257523399;5.837507773500385e-7
3.2084090643325285e-6;0.0813713632626977;5.341194058940024e-7
2.5119108552915993e-6;0.07559226267641123;4.2250414538427183e-7
2.3924663702663806e-6;0.0813713633457223;3.8657765726793863e-7
1.873080896739761e-6;0.07559226273264003;3.057912987090053e-7
1.614571338784801e-6;0.07559226275072803;2.5991601850735756e-7
1.5378690984349415e-6;0.08137136340670083;2.3782715104619926e-7
1.2040564790890943e-6;0.07559226277393437;1.8813456181197894e-7
1.1468316855057926e-6;0.08137136342574697;1.7214194833929835e-7
8.978825907871325e-7;0.07559226278683458;1.3617122548020493e-7
8.551962871641268e-7;0.08137136343633422;1.2459374291489095e-7
6.695458087976197e-7;0.07559226279400512;9.855731213643127e-8
6.37708074239963e-7;0.08137136344221911;9.017676000423034e-8
4.99266710024101e-7;0.07559226279799078;7.133177018464486e-8
4.30361402438135e-7;0.07559226279927303;6.063046858460177e-8
4.099165437352092e-7;0.08137136344654203;5.547781053717146e-8
3.2093932531637506e-7;0.07559226280091824;4.3886047248550825e-8
3.0568614855379775e-7;0.08137136344789243;4.015545901374719e-8
2.393291663488856e-7;0.07559226280183282;3.176458800972733e-8
2.2795120064225044e-7;0.08137136344864318;2.9063914943772104e-8
1.7846636307056602e-7;0.07559226280234146;2.2990410848257543e-8
1.6998006599124162e-7;0.08137136344906047;2.10354840000429e-8
1.3307874210403406e-7;0.07559226280262413;1.6639523431374444e-8
1.1471214273995806e-7;0.07559226280271511;1.4143236603089285e-8
1.092625984189822e-7;0.08137136344936717;1.2941278852181916e-8
8.554586332964563e-8;0.07559226280283178;1.0237274503270372e-8
8.148015350062503e-8;0.08137136344946289;9.36704220571191e-9
6.379280614027234e-8;0.07559226280289665;7.409708266231379e-9
6.07600276051296e-8;0.08137136344951619;6.77972372176159e-9
4.756992337595074e-8;0.0755922628029326;5.362960706522405e-9
4.53079144794127e-8;0.08137136344954568;4.906935978307499e-9
3.547192567322578e-8;0.07559226280295277;3.881492633809908e-9
3.0576338016447405e-8;0.07559226280295916;3.299185155381527e-9
2.9123770703044244e-8;0.0813713634495676;3.0188051209052086e-9
2.280211293140218e-8;0.07559226280296741;2.3880434885352637e-9
2.1718404485652815e-8;0.08137136344957423;2.185044871081668e-9
1.7003870360485416e-8;0.07559226280297207;1.7284586413086398e-9
1.61954880971402e-8;0.08137136344957821;1.5815024872645155e-9
1.2679686929089503e-8;0.07559226280297468;1.2510149446760715e-9
1.2076752078845263e-8;0.08137136344958038;1.144638302888965e-9
9.45498500746075e-9;0.07559226280297611;9.054336883071284e-10
8.150073954148952e-9;0.0755922628029765;7.695991376292104e-10
7.76289446201094e-9;0.08137136344958185;7.041950385723804e-10
6.0778667022206205e-9;0.0755922628029771;5.570576135887183e-10
5.789005950763744e-9;0.08137136344958223;5.09704235841808e-10
4.5323544263393466e-9;0.0755922628029774;4.031966128564624e-10
4.3168814280563485e-9;0.08137136344958258;3.689162302493553e-10
3.3797502544983543e-9;0.07559226280297761;2.9182357985185015e-10
3.219038935301331e-9;0.08137136344958272;2.670091581301758e-10
2.5202111191079733e-9;0.07559226280297769;2.1121002700012926e-10
2.1723891666305836e-9;0.0755922628029777;1.7952397479533803e-10
2.069187092765969e-9;0.08137136344958283;1.642671959657809e-10
1.6200456406251364e-9;0.07559226280297776;1.2994452838142432e-10
1.5430502697070566e-9;0.08137136344958286;1.1889843155346086e-10
1.2080918173972098e-9;0.0755922628029778;9.405345591685575e-11
1.1506578346141823e-9;0.08137136344958287;8.605688959786121e-11
9.008670203695901e-10;0.07559226280297782;6.807352871522805e-11
8.580296754890541e-10;0.08137136344958287;6.228508197469607e-11
6.717582396968824e-10;0.07559226280297782;4.926884882045237e-11
5.790468550229262e-10;0.07559226280297782;4.187746055180933e-11
5.515385074301302e-10;0.08137136344958287;3.831852000190953e-11
4.3182057230265893e-10;0.07559226280297782;3.031208988897604e-11
4.1129757943104097e-10;0.08137136344958289;2.7735372853325087e-11
3.220149401356886e-10;0.07559226280297782;2.193979881749549e-11
3.0670600395948254e-10;0.08137136344958289;2.0074444115122466e-11
2.401246622625646e-10;0.07559226280297782;1.587947524363388e-11
2.2870643655439717e-10;0.08137136344958289;1.4529207401640847e-11
1.790560835085154e-10;0.07559226280297782;1.1492917730177844e-11
1.5434401232670638e-10;0.07559226280297782;9.768732584451842e-12
1.4701170630844478e-10;0.08137136344958289;8.938540446299738e-12
1.1510108233258942e-10;0.07559226280297782;7.070884822039359e-12
1.09630711433799e-10;0.08137136344958289;6.46981543207681e-12
8.583256684424266e-11;0.07559226280297782;5.117885009758772e-12
8.175199441147531e-11;0.08137136344958289;4.6827547267254276e-12
6.400484435883681e-11;0.07559226280297782;3.7041966058244775e-12
6.096133457346692e-11;0.08137136344958289;3.3892203562618657e-12
4.772711244434685e-11;0.07559226280297782;2.6809467059823313e-12
4.114014942741809e-11;0.07559226280297782;2.2787469691131212e-12
3.918573499506442e-11;0.08137136344958289;2.0850884978385455e-12
3.0680009253596033e-11;0.07559226280297782;1.6494214800000147e-12
2.922189064693961e-11;0.08137136344958289;1.5092103483345138e-12
2.287853330025329e-11;0.07559226280297782;1.1938462695580762e-12
2.1790863250066438e-11;0.08137136344958289;1.0923436636612053e-12
1.7060388811376088e-11;0.07559226280297782;8.640759397956417e-13
1.6249146149828058e-11;0.08137136344958289;7.90601600332625e-13
1.2721585425313484e-11;0.07559226280297782;6.253829888163108e-13
1.0965840976894374e-11;0.07559226280297782;5.315620736212716e-13
1.0444894938379201e-11;0.08137136344958289;4.863874667165393e-13
8.177707357095e-12;0.07559226280297782;3.847596569818005e-13
7.789048176499325e-12;0.08137136344958289;3.5205268209467503e-13
6.098236429543977e-12;0.07559226280297782;2.7848787392059796e-13
5.80831971869873e-12;0.08137136344958289;2.548104159141476e-13
4.5474193291301076e-12;0.07559226280297782;2.0156252736686743e-13
4.331183896249566e-12;0.08137136344958289;1.8442320791969158e-13
3.390918231692069e-12;0.07559226280297782;1.4588275172651378e-13
2.9229273593838144e-12;0.07559226280297782;1.2399719755744705e-13
2.7840700266952403e-12;0.08137136344958289;1.134593414256399e-13
2.179754805988147e-12;0.07559226280297782;8.975267718761276e-14
2.076158323526618e-12;0.08137136344958289;8.212313883669782e-14
1.6254751588558345e-12;0.07559226280297782;6.496271580219839e-14
1.5481983236493327e-12;0.08137136344958289;5.943948797278824e-14
1.2121073431314311e-12;0.07559226280297782;4.701838179654462e-14
1.1544701346248984e-12;0.08137136344958289;4.3020302014415845e-14
9.038438268191237e-13;0.07559226280297782;3.4029990632749166e-14
7.791016089177382e-13;0.07559226280297782;2.892475924280342e-14
7.420894091583506e-13;0.08137136344958289;2.6466599239577514e-14
5.810101544054624e-13;0.07559226280297782;2.093655848831593e-14
5.533966778320956e-13;0.08137136344958289;1.9156820201636462e-14
4.3326780169705344e-13;0.07559226280297782;1.5153817597101022e-14
4.1266978496969e-13;0.08137136344958289;1.3865417227126322e-14
3.2308527209303746e-13;0.07559226280297782;1.0967952504097434e-14
3.0772216642542595e-13;0.08137136344958289;1.003532259463503e-14
2.40918125257001e-13;0.07559226280297782;7.938157518689922e-15
2.0766828675009268e-13;0.07559226280297782;6.747262952185132e-15
1.978027441496081e-13;0.08137136344958289;6.173849297084928e-15
1.5486732663457886e-13;0.07559226280297782;4.88385968051293e-15
1.4750699865480392e-13;0.08137136344958289;4.468701092484724e-15
1.154868390111438e-13;0.07559226280297782;3.5349228389007327e-15
1.0999647062368373e-13;0.08137136344958289;3.234378381090777e-15
8.611786211422516e-14;0.07559226280297782;2.5584883514850726e-15
8.202285089022632e-14;0.08137136344958289;2.3409342766735045e-15
6.421634064992446e-14;0.07559226280297782;1.8517297131104887e-15
5.535364941888117e-14;0.07559226280297782;1.5739303813654733e-15
5.27240048304831e-14;0.08137136344958289;1.4401704880209038e-15
4.1279638018518974e-14;0.07559226280297782;1.1392553075163227e-15
3.931775437717737e-14;0.08137136344958289;1.0424114881168226e-15
3.078283207878764e-14;0.07559226280297782;8.245895396927887e-16
2.9319383173535704e-14;0.08137136344958289;7.544816964902486e-16
2.2954578297797007e-14;0.07559226280297782;5.96817194662304e-16
2.1863059610919305e-14;0.08137136344958289;5.460684732381749e-16
1.7116762809224545e-14;0.07559226280297782;4.319519891540462e-16
1.475442664808825e-14;0.07559226280297782;3.6714988921292787e-16
1.4053499092319442e-14;0.08137136344958289;3.359477912014595e-16
1.1003021437573441e-14;0.07559226280297782;2.6575346971635337e-16
1.0480084493358442e-14;0.08137136344958289;2.4316276431765744e-16
8.205114616561626e-15;0.07559226280297782;1.9235155616075947e-16
7.815034653407473e-15;0.08137136344958289;1.759975374763759e-16
6.118506101914217e-15;0.07559226280297782;1.39219224366541e-16
5.827563543119505e-15;0.08137136344958289;1.2738109755409435e-16
4.5624457280188695e-15;0.07559226280297782;1.0076120700181474e-16
3.932768805656414e-15;0.07559226280297782;8.564485617980092e-17
3.745937687640054e-15;0.08137136344958289;7.836635964415209e-17
2.9328377516631197e-15;0.07559226280297782;6.199216821754312e-17
2.7934497462470934e-15;0.08137136344958289;5.672244658145827e-17
2.187060167128229e-15;0.07559226280297782;4.486974352263826e-17
2.083084977349978e-15;0.08137136344958289;4.105485042492178e-17
1.6308780075804878e-15;0.07559226280297782;3.247559320771268e-17
1.553327734245132e-15;0.08137136344958289;2.971411976572496e-17
1.2161126057024983e-15;0.07559226280297782;2.3504512286993502e-17
1.048273229969813e-15;0.07559226280297782;1.9978329302463252e-17
9.984736945228819e-16;0.08137136344958289;1.8280478350261815e-17
7.817432081162364e-16;0.07559226280297782;1.4460879567871494e-17
7.445895583907943e-16;0.08137136344958289;1.3231614450571313e-17
5.829573867236698e-16;0.07559226280297782;1.0466740815471836e-17
5.552429663212273e-16;0.08137136344958289;9.576842764853678e-18
4.3470792237627776e-16;0.07559226280297782;7.575564071640562e-18
4.140370211533596e-16;0.08137136344958289;6.931396654648071e-18
3.2415286842013705e-16;0.07559226280297782;5.4828848749249286e-18
2.794155514788604e-16;0.07559226280297782;4.660334076336472e-18
2.6614156501953194e-16;0.08137136344958289;4.264277302554629e-18
2.083724007880481e-16;0.07559226280297782;3.373281559416488e-18
1.9846915492553018e-16;0.08137136344958289;3.086531550030092e-18
1.5538635829206446e-16;0.07559226280297782;2.4415709718285053e-18
1.4799912389623036e-16;0.08137136344958289;2.233984934629198e-18
1.1587070087299186e-16;0.07559226280297782;1.7671477357310268e-18
1.1036090523990755e-16;0.08137136344958289;1.616883150598494e-18
8.640242820631332e-17;0.07559226280297782;1.2789895907908565e-18
7.447776798658107e-17;0.07559226280297782;1.0871136106653853e-18
7.093960814349983e-17;0.08137136344958289;9.947256611489145e-19
5.55413298886238e-17;0.07559226280297782;7.868835658088674e-19
5.2901635556082266e-17;0.08137136344958289;7.199935461329744e-19
4.1417985076008507e-17;0.07559226280297782;5.695439407139716e-19
3.944892957253545e-17;0.08137136344958289;5.211204580350524e-19
3.088514984361605e-17;0.07559226280297782;4.1222159701475845e-19
2.9416522637140137e-17;0.08137136344958289;3.771694584721538e-19
2.303042893413858e-17;0.07559226280297782;2.9834921043709855e-19
1.9851929840356976e-17;0.07559226280297782;2.5359040427912098e-19
1.890883899771153e-17;0.08137136344958289;2.3203911723925018e-19
1.4804452576878286e-17;0.07559226280297782;1.835559040162616e-19
1.4100846277894623e-17;0.08137136344958289;1.6795250528642179e-19
1.1039897624295332e-17;0.07559226280297782;1.3285720716161288e-19
1.051504903170913e-17;0.08137136344958289;1.215614875342647e-19
8.232387252996735e-18;0.07559226280297782;9.615870909350033e-20
7.840927021940247e-18;0.08137136344958289;8.798211568443958e-20
6.138723967617047e-18;0.07559226280297782;6.959575903459845e-20
5.291500121988925e-18;0.07559226280297782;5.915489651820967e-20
5.040120767486065e-18;0.08137136344958289;5.412763944079047e-20
3.946103136898949e-18;0.07559226280297782;4.2817986501717135e-20
3.7585580041665506e-18;0.08137136344958289;3.917819011502066e-20
2.942667040206176e-18;0.07559226280297782;3.099152889355056e-20
2.802769487976785e-18;0.08137136344958289;2.835658248241184e-20
2.19432964471473e-18;0.07559226280297782;2.2430890087977085e-20
2.089986546736506e-18;0.08137136344958289;2.052354056361542e-20
1.636267047320868e-18;0.07559226280297782;1.623456508735449e-20
1.4104408874187956e-18;0.07559226280297782;1.3799030732363573e-20
1.3434361228586633e-18;0.08137136344958289;1.2626325191589853e-20
1.0518274746182653e-18;0.07559226280297782;9.988128564357165e-21
1.0018376196916934e-18;0.08137136344958289;9.13907522886348e-21
7.843631892436585e-19;0.07559226280297782;7.229377191343632e-21
7.47073720630744e-19;0.08137136344958289;6.614724666438252e-21
5.84895054338107e-19;0.07559226280297782;5.232441604947852e-21
5.570825685938728e-19;0.08137136344958289;4.7875152124906595e-21
4.361443622928461e-19;0.07559226280297782;3.787028221712814e-21
3.759507608505888e-19;0.07559226280297782;3.2188924393452248e-21
3.580907481115255e-19;0.08137136344958289;2.94533605179972e-21
2.8036292970063055e-19;0.07559226280297782;2.3299253507431237e-21
2.670382138886482e-19;0.08137136344958289;2.13186713816073e-21
2.0907075256376228e-19;0.07559226280297782;1.6863929093087042e-21
1.9913130439419342e-19;0.08137136344958289;1.5430132470979293e-21
1.5590284049307105e-19;0.07559226280297782;1.2205688245899823e-21
1.4848946693735507e-19;0.08137136344958289;1.1167810855434513e-21
1.1625358163344582e-19;0.07559226280297782;8.833980260561672e-22
1.0020907352083141e-19;0.07559226280297782;7.508692992307814e-22
9.544851571373303e-20;0.08137136344958289;6.870569485893976e-22
7.473029013512686e-20;0.07559226280297782;5.4350042703769135e-22
7.11786084642981e-20;0.08137136344958289;4.9729949485652825e-22
5.572747443658952e-20;0.07559226280297782;3.93383962310329e-22
5.307813043705284e-20;0.08137136344958289;3.5993786601577575e-22
4.15556525799544e-20;0.07559226280297782;2.847214298869972e-22
3.957962972525576e-20;0.08137136344958289;2.6051092010604074e-22
3.09872060974383e-20;0.07559226280297782;2.060697799835704e-22
2.671056814244418e-20;0.07559226280297782;1.7515487552047935e-22
2.5441649079180817e-20;0.08137136344958289;1.602694029825675e-22
1.9919239214839995e-20;0.07559226280297782;1.2678205080516297e-22
1.8972544150652846e-20;0.08137136344958289;1.1600478433094218e-22
1.4854069108177203e-20;0.07559226280297782;9.176446422940126e-23
1.4147890705902203e-20;0.08137136344958289;8.396251142733585e-23
1.1076592677107912e-20;0.07559226280297782;6.641681403269375e-23
1.0549886948205156e-20;0.08137136344958289;6.07692415040059e-23
8.259590184091749e-21;0.07559226280297782;4.806978617787549e-23
7.119659182796875e-21;0.07559226280297782;4.085828312600283e-23
6.78143083764111e-21;0.08137136344958289;3.738595699399499e-23
5.309441328015335e-21;0.07559226280297782;2.957438045443936e-23
5.057101274029803e-21;0.08137136344958289;2.706037333006096e-23
3.959328343895564e-21;0.07559226280297782;2.1405846964005614e-23
3.771097621148009e-21;0.08137136344958289;1.9585889651511442e-23
2.952448047795647e-21;0.07559226280297782;1.5493014305260338e-23
2.8120554788537997e-21;0.08137136344958289;1.41756081145044e-23
2.2015805424544086e-21;0.07559226280297782;1.12132130357537e-23
1.8977337587453277e-21;0.07559226280297782;9.530989617296816e-24
1.807579534745732e-21;0.08137136344958289;8.721001977581917e-24
1.4152230871666709e-21;0.07559226280297782;6.898799741045882e-24
1.3479622496972239e-21;0.08137136344958289;6.312358658184733e-24
1.055352632373642e-21;0.07559226280297782;4.9933303495452466e-24
1.0051800345259518e-21;0.08137136344958289;4.568789891107193e-24
7.869703011601864e-22;0.07559226280297782;3.614047071647315e-24
7.495488866349384e-22;0.08137136344958289;3.3067364417039325e-24
5.86827769524117e-22;0.07559226280297782;2.6157001431195813e-24
5.058378956936126e-22;0.07559226280297782;2.2232887956862804e-24
4.818074315962687e-22;0.08137136344958289;2.034343416839745e-24
3.7722544853852504e-22;0.07559226280297782;1.609279286184019e-24
3.592971799753781e-22;0.08137136344958289;1.4724804918081318e-24
2.813025548576108e-22;0.07559226280297782;1.1647914713029399e-24
2.679291292125212e-22;0.08137136344958289;1.0657591480646584e-24
2.0976567407191183e-22;0.07559226280297782;8.430468066919589e-25
1.9979105593061665e-22;0.08137136344958289;7.713606221735654e-25
1.5641800263220734e-22;0.07559226280297782;6.101629583688651e-25
1.3483028140307161e-22;0.07559226280297782;5.186253754860448e-25
1.284249996634574e-22;0.08137136344958289;4.745501891041561e-25
1.005488394836598e-22;0.07559226280297782;3.753957091307491e-25
9.577008819590916e-23;0.08137136344958289;3.434847283184996e-25
7.498074571666304e-23;0.07559226280297782;2.717102768383087e-25
7.141608051778937e-23;0.08137136344958289;2.4860906033222024e-25
5.591270465222697e-23;0.07559226280297782;1.9665707285587482e-25
5.32539861530229e-23;0.08137136344958289;1.7993487534597507e-25
4.169296822352184e-23;0.07559226280297782;1.4233238345180801e-25
3.5938795685332976e-23;0.07559226280297782;1.209794609768699e-25
3.423147809056499e-23;0.08137136344958289;1.106980660760925e-25
2.680113221597316e-23;0.07559226280297782;8.756835413443805e-26
2.552736370956422e-23;0.08137136344958289;8.012449689106448e-26
1.9985997749194553e-23;0.07559226280297782;6.338170939470199e-26
1.9035841946389705e-23;0.08137136344958289;5.79929011085718e-26
1.4903441925657588e-23;0.07559226280297782;4.587408907459634e-26
1.4194764765502e-23;0.08137136344958289;4.1973311101284673e-26
1.1113193942099804e-23;0.07559226280297782;3.3201798144595907e-26
9.579428462742085e-24;0.07559226280297782;2.822081346200506e-26
9.1243456907577e-24;0.08137136344958289;2.5822478031501516e-26
7.143798891630215e-24;0.07559226280297782;2.0427022630521158e-26
6.804277935166506e-24;0.08137136344958289;1.869059807542081e-26
5.327235708487244e-24;0.07559226280297782;1.4785017087097745e-26
5.073973200162781e-24;0.08137136344958289;1.3527972691318364e-26
3.9724885893639584e-24;0.07559226280297782;1.0701023959439721e-26
3.78359182670309e-24;0.08137136344958289;9.791091590319878e-27
2.962204056391642e-24;0.07559226280297782;7.744965504689494e-27
2.5533813229652398e-24;0.07559226280297782;6.583053900443088e-27
2.4320797385432047e-24;0.08137136344958289;6.023595491081354e-27
1.9041681594944577e-24;0.07559226280297782;4.765000526414221e-27
1.813669392019807e-24;0.08137136344958289;4.359945709136592e-27
1.4199661507980193e-24;0.07559226280297782;3.4488929433014776e-27
1.3524594346010984e-24;0.08137136344958289;3.1556628766413938e-27
1.0588604747376546e-24;0.07559226280297782;2.4962220741711922e-27
1.008510345017201e-24;0.08137136344958289;2.283962642325307e-27
7.895707496350191e-25;0.07559226280297782;1.8066639164419323e-27
6.805997044422282e-25;0.07559226280297782;1.53562542463508e-27
6.482669612818224e-25;0.08137136344958289;1.405120863919887e-27
5.07552974913755e-25;0.07559226280297782;1.1115290968935748e-27
4.834306733046464e-25;0.08137136344958289;1.017042178635076e-27
3.784897045572441e-25;0.07559226280297782;8.0452139245309655e-28
3.604958974128672e-25;0.08137136344958289;7.361197733200128e-28
2.8223756462473927e-25;0.07559226280297782;5.822923738137085e-28
2.688168181431393e-25;0.08137136344958289;5.327787308919639e-28
2.10458819450344e-25;0.07559226280297782;4.2143951512721025e-28
1.8141276178401584e-25;0.07559226280297782;3.582145126636368e-28
1.727945208495895e-25;0.08137136344958289;3.277717843348294e-28
1.3528743302387598e-25;0.07559226280297782;2.592857915528467e-28
1.288576721425047e-25;0.08137136344958289;2.372448792092007e-28
1.0088582490175655e-25;0.07559226280297782;1.876702703027602e-28
9.608960441008652e-26;0.08137136344958289;1.717142615846942e-28
7.522997107342227e-26;0.07559226280297782;1.3583102725913596e-28
7.165269258132336e-26;0.08137136344958289;1.242810065412717e-28
5.60974614433311e-26;0.07559226280297782;9.830896786849416e-29
4.835528126635793e-26;0.07559226280297782;8.356050572250689e-29
4.605810294049358e-26;0.08137136344958289;7.645914694222582e-29
3.6060648718096283e-26;0.07559226280297782;6.048345642869248e-29
3.434680624727664e-26;0.08137136344958289;5.534198472134736e-29
2.6890955139754714e-26;0.07559226280297782;4.3777742501190706e-29
2.5612530245004e-26;0.08137136344958289;4.0055692973157497e-29
2.005242836910403e-26;0.07559226280297782;3.16852303000877e-29
1.9098910513180058e-26;0.08137136344958289;2.899096321103651e-29
1.495268855258643e-26;0.07559226280297782;2.2932479790015384e-29
1.2889022819311981e-26;0.07559226280297782;1.9492113998065553e-29
1.2276713613643218e-26;0.08137136344958289;1.783558387430018e-29
9.611908193575142e-27;0.07559226280297782;1.4108943184478084e-29
9.155086226323576e-27;0.08137136344958289;1.290959485872463e-29
7.167741048184748e-27;0.07559226280297782;1.0212010327521613e-29
6.826978938862013e-27;0.08137136344958289;9.343769846213374e-30
5.34494268388871e-27;0.07559226280297782;7.391196543439756e-30
5.09078402568697e-27;0.08137136344958289;6.762706316065773e-30
3.985615198942834e-27;0.07559226280297782;5.349447163588844e-30
3.4355484010455695e-27;0.07559226280297782;4.5469148951218794e-30
3.272338362397109e-27;0.08137136344958289;4.160497008651762e-30
2.5620387432285343e-27;0.07559226280297782;3.291185549514962e-30
2.4402735790919565e-27;0.08137136344958289;3.0114142139200127e-30
1.9105499029998878e-27;0.07559226280297782;2.382150128608656e-30
1.8197203082173777e-27;0.08137136344958289;2.1796161408944447e-30
1.4246859167477426e-27;0.07559226280297782;1.724140422094536e-30
1.3569403332355046e-27;0.08137136344958289;1.577532846509413e-30
1.0623593515091556e-27;0.07559226280297782;1.2478626480023413e-30
9.15739927020848e-28;0.07559226280297782;1.0606563795765297e-30
8.722365524691973e-28;0.08137136344958289;9.705168880925957e-31
6.829073259554869e-28;0.07559226280297782;7.677330739592742e-31
6.5045101636422175e-28;0.08137136344958289;7.024709657461229e-31
5.092540184298794e-28;0.07559226280297782;5.556828727382841e-31
4.8504353533141465e-28;0.08137136344958289;5.084378789116747e-31
3.7974775061622082e-28;0.07559226280297782;4.021893042120198e-31
3.6169027377130004e-28;0.08137136344958289;3.67990234309604e-31
2.8317018462753557e-28;0.07559226280297782;2.910882453196799e-31
2.4408901172369893e-28;0.07559226280297782;2.474187402854905e-31
2.3249325687275124e-28;0.08137136344958289;2.2639194983537986e-31
1.8202785460456815e-28;0.07559226280297782;1.7908867913503715e-31
1.7337667723578915e-28;0.08137136344958289;1.6386502243208122e-31
1.3574084345024062e-28;0.07559226280297782;1.2962384332805387e-31
1.2928757793403364e-28;0.08137136344958289;1.1860302915820709e-31
1.0122115506502381e-28;0.07559226280297782;9.381848157474465e-32
9.640796351659004e-29;0.08137136344958289;8.584088302622197e-32
7.547855944232391e-29;0.07559226280297782;6.790199762685029e-32
6.506153536198889e-29;0.07559226280297782;5.771523579474422e-32
6.19707054677785e-29;0.08137136344958289;5.281032775328177e-32
4.851923327309792e-29;0.07559226280297782;4.177591936860289e-32
4.621327579337824e-29;0.08137136344958289;3.8224705199233594e-32
3.618150454147037e-29;0.07559226280297782;3.0237283860014656e-32
3.4461396947859097e-29;0.08137136344958289;2.766646449633659e-32
2.698033685801108e-29;0.07559226280297782;2.1884986479776366e-32
2.569738835524545e-29;0.08137136344958289;2.0024056378958088e-32
2.0118689200919685e-29;0.07559226280297782;1.5839462279396497e-32
1.7342048106823237e-29;0.07559226280297782;1.3463201853664395e-32
1.6518192346008877e-29;0.08137136344958289;1.2319036606367852e-32
1.2932723964270754e-29;0.07559226280297782;9.745046127544814e-33
1.2318074689194581e-29;0.08137136344958289;8.916656318000527e-33
9.64412211984173e-30;0.07559226280297782;7.05343486010668e-33
9.18563019413865e-30;0.08137136344958289;6.453741216896111e-33
7.1915656021128e-30;0.07559226280297782;5.105098965371914e-33
6.84959773231462e-30;0.08137136344958289;4.6710008067509015e-33
5.362604402545553e-30;0.07559226280297782;3.69486280328838e-33
4.622495163479919e-30;0.07559226280297782;3.1405538183562e-33
4.402897729179687e-30;0.08137136344958289;2.8736550096415726e-33
3.447196871281972e-30;0.07559226280297782;2.2732216421154076e-33
3.28336309087871e-30;0.08137136344958289;2.0799835990607695e-33
2.5706253137101052e-30;0.07559226280297782;1.6453509368134102e-33
2.4484150248213687e-30;0.08137136344958289;1.5054607248489913e-33
1.9169002997134752e-30;0.07559226280297782;1.1908636758960315e-33
1.8257493114062946e-30;0.08137136344958289;1.0896018331028502e-33
1.4293936195846356e-30;0.07559226280297782;8.618986487238368e-34
1.2321186866035872e-30;0.07559226280297782;7.325952914616056e-34
1.1735853420001875e-30;0.08137136344958289;6.703359506350915e-34
9.188448081166678e-31;0.07559226280297782;5.302731835794585e-34
8.75175176198698e-31;0.08137136344958289;4.851966497383098e-34
6.8519606257283665e-31;0.07559226280297782;3.8381012357315798e-34
6.52621105691397e-31;0.08137136344958289;3.511780094512161e-34
5.10946706508814e-31;0.07559226280297782;2.7779212590941274e-34
4.866505564808041e-31;0.08137136344958289;2.5417083058200507e-34
3.810025812717801e-31;0.07559226280297782;2.010546318555678e-34
3.2841926366341038e-31;0.07559226280297782;1.7089210760687673e-34
3.1281729435362202e-31;0.08137136344958289;1.5636890482894113e-34
2.449166128098107e-31;0.07559226280297782;1.23696538874153e-34
2.3327654232399872e-31;0.08137136344958289;1.1318156019287056e-34
1.8263791368634537e-31;0.07559226280297782;8.953118004268559e-35
1.7395511107228803e-31;0.08137136344958289;8.191910442199607e-35
1.3619202674819721e-31;0.07559226280297782;6.480041903974263e-35
1.2971592684904652e-31;0.08137136344958289;5.929029224811176e-35
1.0155562816765744e-31;0.07559226280297782;4.689990528518614e-35
8.753962902919432e-32;0.07559226280297782;3.9863909559198725e-35
8.338094908372239e-32;0.08137136344958289;3.6476089898261794e-35
6.528213110675198e-32;0.07559226280297782;2.8854624754284026e-35
6.217948895100451e-32;0.08137136344958289;2.640180136157468e-35
4.868184354482481e-32;0.07559226280297782;2.088488996905753e-35
4.636745640659869e-32;0.08137136344958289;1.9109225204017579e-35
3.6301766727332157e-32;0.07559226280297782;1.5115958719058685e-35
3.4575572665498267e-32;0.08137136344958289;1.3830614421084505e-35
2.7069490128127386e-32;0.07559226280297782;1.0940315552339871e-35
2.333354799316165e-32;0.07559226280297782;9.299032632915071e-36
2.2225058510489608e-32;0.08137136344958289;8.508757772023647e-36
1.7400847549482514e-32;0.07559226280297782;6.730902717962093e-36
1.6573843249263297e-32;0.08137136344958289;6.158733931112179e-36
1.297606747190953e-32;0.07559226280297782;4.871806992956921e-36
1.235917128485181e-32;0.08137136344958289;4.4575986331194736e-36
9.676177812979667e-33;0.07559226280297782;3.5260915188858614e-36
9.21606354891443e-33;0.08137136344958289;3.2262599493393876e-36
7.215329263554775e-33;0.07559226280297782;2.552041494688798e-36
6.219519867597363e-33;0.07559226280297782;2.1691803153327593e-36
5.9240537703488144e-33;0.08137136344958289;1.984833325745883e-36
4.6381680608005625e-33;0.07559226280297782;1.570114038372412e-36
4.417731388361832e-33;0.08137136344958289;1.4366445347716296e-36
3.458750013863183e-33;0.07559226280297782;1.1364437836056739e-36
3.294317322667879e-33;0.08137136344958289;1.0398216234225456e-36
2.5791697074045113e-33;0.07559226280297782;8.225294624470271e-37
2.4565269868222225e-33;0.08137136344958289;7.525879143043307e-37
1.923234465632373e-33;0.07559226280297782;5.953133398625308e-37
1.6578030651307267e-33;0.07559226280297782;5.060035195243848e-37
1.579047049861321e-33;0.08137136344958289;4.63000996919261e-37
1.2362962722968171e-33;0.07559226280297782;3.6625965294600702e-37
1.1775392301109685e-33;0.08137136344958289;3.3512529399309076e-37
9.21924279778591e-34;0.07559226280297782;2.650976270535929e-37
8.78095009147676e-34;0.08137136344958289;2.4255862798047456e-37
6.8747355703508305e-34;0.07559226280297782;1.918710030552944e-37
6.547833361779171e-34;0.08137136344958289;1.7555577592962332e-37
5.126350682954062e-34;0.07559226280297782;1.388684209703641e-37
4.418847533673886e-34;0.07559226280297782;1.180351674599199e-37
4.208924635619805e-34;0.08137136344958289;1.0800399225847923e-37
3.2953279244288464e-34;0.07559226280297782;8.54371912470674e-38
3.1387119690056725e-34;0.08137136344958289;7.817449616498778e-38
2.4573744105198983e-34;0.07559226280297782;6.183918015414171e-38
2.3405481912277616e-34;0.08137136344958289;5.658152002467247e-38
1.8324497618967439e-34;0.07559226280297782;4.475764515950777e-38
1.745314501473908e-34;0.08137136344958289;4.095180094772173e-38
1.3664205687985465e-34;0.07559226280297782;3.239376148912668e-38
1.177836736857284e-34;0.07559226280297782;2.753399970495642e-38
1.121882124404277e-34;0.08137136344958289;2.5194032888451353e-38
8.783643834293931e-35;0.07559226280297782;1.9929887415865754e-38
8.366186512063034e-35;0.08137136344958289;1.8235722460196335e-38
6.550092156080622e-35;0.07559226280297782;1.4425192125025391e-38
6.23869373859319e-35;0.08137136344958289;1.3198740588853116e-38
4.8843655083363e-35;0.07559226280297782;1.0440591690903411e-38
4.6521078664522093e-35;0.08137136344958289;9.552804469014583e-39
3.642172153856277e-35;0.07559226280297782;7.556475230883272e-39
3.139504968475795e-35;0.07559226280297782;6.422841226619765e-39
2.9903588446470544e-35;0.08137136344958289;5.8769984322920885e-39
2.3412662040638043e-35;0.07559226280297782;4.6490340636369755e-39
2.2299936230465473e-35;0.08137136344958289;4.253837120273565e-39
1.745916579479306e-35;0.07559226280297782;3.36495676891598e-39
1.6629138297530742e-35;0.08137136344958289;3.078863082078317e-39
1.3019198078495362e-35;0.07559226280297782;2.4354711796763403e-39
1.2400119051798354e-35;0.08137136344958289;2.22837753435363e-39
9.708151575901688e-36;0.07559226280297782;1.7626948921667744e-39
8.368300239457085e-36;0.07559226280297782;1.4982527008213983e-39
7.970753633771653e-36;0.08137136344958289;1.3709242472647561e-39
6.240607590314443e-36;0.07559226280297782;1.0844776628116279e-39
5.944012306751713e-36;0.08137136344958289;9.922902854720498e-40
4.6537126957381545e-36;0.07559226280297782;7.84941646429099e-40
4.432470194966816e-36;0.08137136344958289;7.1820472675934886e-40
3.470246408009532e-36;0.07559226280297782;5.681210454961113e-40
3.305231884402441e-36;0.08137136344958289;5.198124228040656e-40
2.5876922627310182e-36;0.07559226280297782;4.111828846036798e-40
2.2305570336999948e-36;0.07559226280297782;3.4949659758287293e-40
2.124591622306877e-36;0.08137136344958289;3.1979475805397407e-40
1.6634239638658777e-36;0.07559226280297782;2.5297551814823785e-40
1.584366965791911e-36;0.08137136344958289;2.314710184716431e-40
1.2404396698571552e-36;0.07559226280297782;1.8310291353232183e-40
1.181467835419139e-36;0.08137136344958289;1.6753522835815045e-40
9.249886252360371e-37;0.07559226280297782;1.325252891633431e-40
8.810042681070997e-37;0.08137136344958289;1.212563628630408e-40
6.8974523051531794e-37;0.07559226280297782;9.591640921088375e-41
5.945514068829975e-37;0.07559226280297782;8.152688238441915e-41
5.663064960948564e-37;0.08137136344958289;7.459835033397703e-41
4.433829949278781e-37;0.07559226280297782;5.901146236285869e-41
4.223104786376966e-37;0.08137136344958289;5.399511934837828e-41
3.3063720843026103e-37;0.07559226280297782;4.271231765640979e-41
3.149183603569467e-37;0.08137136344958289;3.9080852151537795e-41
2.4655423742857864e-37;0.07559226280297782;3.0914102561525116e-41
2.348302774415633e-37;0.08137136344958289;2.828540621530221e-41
1.8385048711956628e-37;0.07559226280297782;2.2374368925343566e-41
1.584767258070005e-37;0.07559226280297782;1.9017731781342618e-41
1.5094809004801351e-37;0.08137136344958289;1.7401516855418654e-41
1.181830275754435e-37;0.07559226280297782;1.3765571924483676e-41
1.1256618208904503e-37;0.08137136344958289;1.2595412301271666e-41
8.813081865653735e-38;0.07559226280297782;9.963479249935671e-42
8.39409848637349e-38;0.08137136344958289;9.116369254741571e-42
6.571863732754093e-38;0.07559226280297782;7.211315992727814e-42
6.259363455952949e-38;0.08137136344958289;6.598121417086633e-42
4.900505305248522e-38;0.07559226280297782;5.219256943895007e-42
4.2241717590367465e-38;0.07559226280297782;4.436256011872345e-42
4.023497177988688e-38;0.08137136344958289;4.059242429808784e-42
3.150149682481624e-38;0.07559226280297782;3.2110875213185134e-42
3.000433565129394e-38;0.08137136344958289;2.938125018586346e-42
2.3491128642013448e-38;0.07559226280297782;2.324175418493153e-42
2.237433515120346e-38;0.08137136344958289;2.126570527851897e-42
1.7517197583918892e-38;0.07559226280297782;1.682179783271264e-42
1.668423309829331e-38;0.08137136344958289;1.5391402160972e-42
1.3062218448815358e-38;0.07559226280297782;1.2174932458336567e-42
1.1259462207450113e-38;0.07559226280297782;1.0348430417017973e-42
1.0724567323861936e-38;0.08137136344958289;9.468972872229265e-43
8.396673554249836e-39;0.07559226280297782;7.490486502219379e-43
7.997607639951415e-39;0.08137136344958289;6.853748347699125e-43
6.261522737309664e-39;0.07559226280297782;5.421591434500845e-43
5.963843219984153e-39;0.08137136344958289;4.960639574330723e-43
4.6691809762382344e-39;0.07559226280297782;3.924011686771422e-43
4.447155625919899e-39;0.08137136344958289;3.5903440616795074e-43
3.48171341885568e-39;0.07559226280297782;2.8400399129313146e-43
3.001191628389342e-39;0.07559226280297782;2.413972769138378e-43
2.858616253374458e-39;0.08137136344958289;2.2088221830898916e-43
2.2381198953408748e-39;0.07559226280297782;1.7473017371040732e-43
2.131749514668917e-39;0.08137136344958289;1.5987701720122707e-43
1.6689988628186066e-39;0.07559226280297782;1.2646917030776409e-43
1.5896528639707048e-39;0.08137136344958289;1.1571657118408945e-43
1.2445627152643961e-39;0.07559226280297782;9.153520848987434e-44
1.1853822135327317e-39;0.08137136344958289;8.375176183703341e-44
9.280451386218473e-40;0.07559226280297782;6.62494575197415e-44
7.999628245436501e-40;0.07559226280297782;5.631061228917092e-44
7.619595865536488e-40;0.08137136344958289;5.152507565861648e-44
5.9656727554750945e-40;0.07559226280297782;4.075921316435613e-44
5.682144208463296e-40;0.08137136344958289;3.729442537490088e-44
4.448689753199936e-40;0.07559226280297782;2.9501394989950635e-44
4.2371942633612245e-40;0.08137136344958289;2.699314200509927e-44
3.3173619958380744e-40;0.07559226280297782;2.135236860157914e-44
3.1596173157738456e-40;0.08137136344958289;1.9536728208510377e-44
2.4736894617900943e-40;0.07559226280297782;1.5453975141954893e-44
2.132288103826589e-40;0.07559226280297782;1.3135546087842213e-44
2.0309910812815762e-40;0.08137136344958289;1.201922654503741e-44
1.5901405237272773e-40;0.07559226280297782;9.507879620899584e-45
1.5145664433650583e-40;0.08137136344958289;8.699650446276727e-45
1.1857911327035516e-40;0.07559226280297782;6.881774461199693e-45
1.1294173484275973e-40;0.08137136344958289;6.296675643355384e-45
8.842375298936124e-41;0.07559226280297782;4.9808554808517906e-45
8.421909379241965e-41;0.08137136344958289;4.557322027874425e-45
6.593579664086508e-41;0.07559226280297782;3.6049404271271684e-45
5.683579809241868e-41;0.07559226280297782;3.0641217349896934e-45
5.413574217108261e-41;0.08137136344958289;2.8037184787088e-45
4.2384941126364097e-41;0.07559226280297782;2.2178979393196904e-45
4.037052611144233e-41;0.08137136344958289;2.0293627566745736e-45
3.160707283278104e-41;0.07559226280297782;1.6053078083579642e-45
3.0104438636649783e-41;0.08137136344958289;1.4688221234169395e-45
2.356920981952806e-41;0.07559226280297782;1.1618814654265841e-45
2.2448464640975794e-41;0.08137136344958289;1.0630840458077423e-45
1.7575081051278806e-41;0.07559226280297782;8.409225046476876e-46
1.514949100454625e-41;0.07559226280297782;7.147660206929839e-46
1.4429795420690123e-41;0.08137136344958289;6.540218938712679e-46
1.1297638211712319e-41;0.07559226280297782;5.1736785333564236e-46
1.076069911395642e-41;0.08137136344958289;4.733883531999118e-46
8.424814670177477e-42;0.07559226280297782;3.744692846451986e-46
8.024289930463296e-42;0.08137136344958289;3.426313427015571e-46
6.282335150191754e-42;0.07559226280297782;2.7103146134064592e-46
5.983602316823995e-42;0.08137136344958289;2.4798504067487774e-46
4.684609721809023e-42;0.07559226280297782;1.9616153806638053e-46
4.038072577491288e-42;0.07559226280297782;1.6673308325297357e-46
3.846238871630223e-42;0.08137136344958289;1.525633336268303e-46
3.011367381217157e-42;0.07559226280297782;1.206861194646472e-46
2.8682471241880326e-42;0.08137136344958289;1.1042704524278424e-46
2.2456208647459402e-42;0.07559226280297782;8.735224759550795e-47
2.1388616364945542e-42;0.08137136344958289;7.992542808953057e-47
1.674546378157924e-42;0.07559226280297782;6.322336247052191e-47
1.594919619605003e-42;0.08137136344958289;5.784733638044125e-47
1.2486752226995186e-42;0.07559226280297782;4.575849594213123e-47
1.076341781792789e-42;0.07559226280297782;3.8893736196483234e-47
1.025208814563485e-42;0.08137136344958289;3.5588366361192366e-47
8.026751551715884e-43;0.07559226280297782;2.815238584602577e-47
7.645266797528848e-43;0.08137136344958289;2.5759257148226364e-47
5.985666469356382e-43;0.07559226280297782;2.0376611575009606e-47
5.701101455345887e-43;0.08137136344958289;1.8644161403701213e-47
4.463476566537886e-43;0.07559226280297782;1.4748079585694726e-47
4.251232716199567e-43;0.08137136344958289;1.3494016885877924e-47
3.328323818577541e-43;0.07559226280297782;1.0674059611917873e-47
2.8689717903798004e-43;0.07559226280297782;9.072720817058709e-48
2.7326776847148318e-43;0.08137136344958289;8.301678982424316e-48
2.139517777699119e-43;0.07559226280297782;6.567091827454764e-48
2.037833627112712e-43;0.08137136344958289;6.008847989816231e-48
1.5954698161584243e-43;0.07559226280297782;4.753241166746652e-48
1.5196194671767736e-43;0.08137136344958289;4.349113451827678e-48
1.189732534129549e-43;0.07559226280297782;3.440276552317169e-48
1.1331592755603254e-43;0.08137136344958289;3.147742024262407e-48
8.871593861982445e-44;0.07559226280297782;2.4899321154013807e-48
7.647198383663299e-44;0.07559226280297782;2.1163886803894443e-48
7.283908626671282e-44;0.08137136344958289;1.9365281684404007e-48
5.702850389223805e-44;0.07559226280297782;1.531901960498004e-48
5.431812913492616e-44;0.08137136344958289;1.4016807222720953e-48
4.252699256305722e-44;0.07559226280297782;1.1087859974208908e-48
4.0505213652306754e-44;0.08137136344958289;1.0145153438284188e-48
3.1712130256891404e-44;0.07559226280297782;8.025114515861072e-49
3.0204179105402844e-44;0.08137136344958289;7.342720803674864e-49
2.3647091431626835e-44;0.07559226280297782;5.8082511853175186e-49
2.0383484883049627e-44;0.07559226280297782;4.936888433796916e-49
1.9415141850961803e-44;0.08137136344958289;4.5173287898780955e-49
1.5200856427024178e-44;0.07559226280297782;3.573459421972414e-49
1.447841037395604e-44;0.08137136344958289;3.2696930435234924e-49
1.1335501794781317e-44;0.07559226280297782;2.5864591022174156e-49
1.0796599862379671e-44;0.08137136344958289;2.366554458198287e-49
8.452817558408812e-45;0.07559226280297782;1.8720141248326787e-49
8.05087559275499e-45;0.08137136344958289;1.7128325124849937e-49
6.303094369231688e-45;0.07559226280297782;1.3548876141269471e-49
5.433185267759174e-45;0.07559226280297782;1.1516252961281622e-49
5.175074982581603e-45;0.08137136344958289;1.0537548448002118e-49
4.0517639486322116e-45;0.07559226280297782;8.335789475934981e-50
3.8591971096053617e-45;0.08137136344958289;7.627195287052386e-50
3.021459858676003e-45;0.07559226280297782;6.033419165649784e-50
2.877816411213961e-45;0.08137136344958289;5.520448791324927e-50
2.253084989779816e-45;0.07559226280297782;4.36683722910967e-50
2.1459480022227673e-45;0.08137136344958289;3.9955151425032325e-50
1.680079714763761e-45;0.07559226280297782;3.160539013111323e-50
1.448206836228629e-45;0.07559226280297782;2.6863901027276706e-50
1.3794079528713443e-45;0.08137136344958289;2.458088229991073e-50
1.0799911948546439e-45;0.07559226280297782;1.9444851048219012e-50
1.0286628121535231e-45;0.08137136344958289;1.7791917214389163e-50
8.053652888832295e-46;0.07559226280297782;1.4074124271759033e-50
7.670773578921024e-46;0.08137136344958289;1.2877521052628734e-50
6.0055619751560186e-46;0.07559226280297782;1.0186497597737239e-50
5.7199900497630764e-46;0.08137136344958289;9.320316573633815e-51
4.478225586688699e-46;0.07559226280297782;7.372572270383746e-51
3.8601721405394546e-46;0.07559226280297782;6.266527670324853e-51
3.676789818213441e-46;0.08137136344958289;5.73396912596519e-51
2.878699242480069e-46;0.07559226280297782;4.5358898923609635e-51
2.74188426000298e-46;0.08137136344958289;4.150310910500006e-51
2.1466882860465577e-46;0.07559226280297782;3.283063360567673e-51
2.044632418864124e-46;0.08137136344958289;3.0039323745107413e-51
1.6007729313826075e-46;0.07559226280297782;2.3761987879237347e-51
1.5246541917837266e-46;0.08137136344958289;2.1741452086783738e-51
1.1936638618420116e-46;0.07559226280297782;1.71979594798682e-51
1.0289227050882752e-46;0.07559226280297782;1.4617895220457486e-51
9.800424406121206e-47;0.08137136344958289;1.3375598782978354e-51
7.67312675152935e-47;0.07559226280297782;1.058084583142476e-51
7.308448605732327e-47;0.08137136344958289;9.681407824832193e-52
5.721963264445682e-47;0.07559226280297782;7.658384153343e-52
5.449934984077831e-47;0.08137136344958289;7.007256811117173e-52
4.2668346250488774e-47;0.07559226280297782;5.542946067139368e-52
4.063941343079734e-47;0.08137136344958289;5.071616775111533e-52
3.181691916777994e-47;0.07559226280297782;4.0117587108548485e-52
2.74257700046046e-47;0.07559226280297782;3.409908515814408e-52
2.6122874379250302e-47;0.08137136344958289;3.120118697414453e-52
2.0452596532561546e-47;0.07559226280297782;2.4681881872160223e-52
1.948055277233791e-47;0.08137136344958289;2.2583767696437516e-52
1.5251801489988545e-47;0.07559226280297782;1.7864671314181972e-52
1.4526714463021177e-47;0.08137136344958289;1.6345790082889338e-52
1.1373179393901545e-47;0.07559226280297782;1.2930000326303478e-52
1.0832370598522925e-47;0.08137136344958289;1.1830533034740682e-52
8.48074887487068e-48;0.07559226280297782;9.358207857716779e-53
7.310295094333044e-48;0.07559226280297782;7.954275161277102e-53
6.963010350938186e-48;0.08137136344958289;7.278284018465102e-53
5.451606867309655e-48;0.07559226280297782;5.75752924158465e-53
5.1925101589712215e-48;0.08137136344958289;5.268103282029582e-53
4.065343273617673e-48;0.07559226280297782;4.1672822200286645e-53
3.8720724872253744e-48;0.08137136344958289;3.812973616294311e-53
3.0315027624110196e-48;0.07559226280297782;3.01617418631117e-53
2.8873510436747793e-48;0.08137136344958289;2.759702045567371e-53
2.2605300374731032e-48;0.07559226280297782;2.182984088032825e-53
1.9485474558146406e-48;0.07559226280297782;1.8554894668837943e-53
1.8559792633609727e-48;0.08137136344958289;1.6978013784328752e-53
1.4531170841013785e-48;0.07559226280297782;1.3430557337320673e-53
1.3840552712295315e-48;0.08137136344958289;1.2288876047245546e-53
1.0836107421931085e-48;0.07559226280297782;9.7209967068248e-54
1.0320947234485387e-48;0.08137136344958289;8.894502942244185e-54
8.080422087981343e-49;0.07559226280297782;7.035813219326249e-54
7.69618798912459e-49;0.08137136344958289;6.437542043071309e-54
6.025406630609706e-49;0.07559226280297782;5.0922351811997235e-54
5.193822053100182e-49;0.07559226280297782;4.3282902488426674e-54
4.947083017852787e-49;0.08137136344958289;3.960452097356407e-54
3.873260327645993e-49;0.07559226280297782;3.132938849675936e-54
3.6891771709076245e-49;0.08137136344958289;2.866619472319551e-54
2.8883470879726975e-49;0.07559226280297782;2.2676116467448835e-54
2.7510319646252862e-49;0.08137136344958289;2.074815893073939e-54
2.1538235732303175e-49;0.07559226280297782;1.6412403461946106e-54
2.0514065892230724e-49;0.08137136344958289;1.5016819523279604e-54
1.606062492528472e-49;0.07559226280297782;1.1878629479161938e-54
1.3844049545096595e-49;0.07559226280297782;1.0096579265248813e-54
1.3186370596193194e-49;0.08137136344958289;9.238525197766485e-55
1.0324113404112781e-49;0.07559226280297782;7.308189518341231e-55
9.83344269644336e-50;0.08137136344958289;6.68694774647313e-55
7.698842929257021e-50;0.07559226280297782;5.289645429920733e-55
7.332831665975895e-50;0.08137136344958289;4.839911817563635e-55
5.740982258219539e-50;0.07559226280297782;3.828512483216477e-55
5.467991426735546e-50;0.08137136344958289;3.502965372279954e-55
4.280933865613246e-50;0.07559226280297782;2.7709214771571424e-55
3.690109246093428e-50;0.07559226280297782;2.3552235871129497e-55
3.514805975009058e-50;0.08137136344958289;2.155065778645251e-55
2.7518759020713835e-50;0.07559226280297782;1.7047774182224213e-55
2.621088410358064e-50;0.08137136344958289;1.5598606859347225e-55
2.0521142592656097e-50;0.07559226280297782;1.2339127299176944e-55
1.9545545429117788e-50;0.08137136344958289;1.1290036132838381e-55
1.5302496313455963e-50;0.07559226280297782;8.930750373112238e-56
1.4574843621896055e-50;0.08137136344958289;8.171348387299887e-56
1.1410760693939504e-50;0.07559226280297782;6.463713550489856e-56
9.835927127931393e-51;0.07559226280297782;5.494017329597522e-56
9.368659064933199e-51;0.08137136344958289;5.027110291814412e-56
7.335081167729562e-51;0.07559226280297782;3.976725067661835e-56
6.98646920208138e-51;0.08137136344958289;3.638678589657074e-56
5.46987770990628e-51;0.07559226280297782;2.8783415546923525e-56
5.209833847602237e-51;0.08137136344958289;2.633620625446869e-56
4.078855897665776e-51;0.07559226280297782;2.083271311677597e-56
3.884901237483198e-51;0.08137136344958289;1.9061260209709056e-56
3.041519997779799e-51;0.07559226280297782;1.5077869657154749e-56
2.6217506315943786e-51;0.07559226280297782;1.2815864524742565e-56
2.497201077357589e-51;0.08137136344958289;1.1726713001750299e-56
1.955154144003449e-51;0.07559226280297782;9.276485067628174e-57
1.862232182582645e-51;0.08137136344958289;8.487925875825888e-57
1.457987147949394e-51;0.07559226280297782;6.714291784655969e-57
1.3886728727041256e-51;0.08137136344958289;6.143432595937502e-57
1.087212510503492e-51;0.07559226280297782;4.859635726831389e-57
1.0355142062947986e-51;0.08137136344958289;4.4464098648264303e-57
8.107122868511069e-52;0.07559226280297782;3.5172065040060273e-57
6.988234342186608e-52;0.07559226280297782;2.989549789581531e-57
6.6562494990315384e-52;0.08137136344958289;2.735484002595584e-57
5.211432074714274e-52;0.07559226280297782;2.1639206569672312e-57
4.963750073947747e-52;0.08137136344958289;1.9799738805813025e-57
3.8862414048778265e-52;0.07559226280297782;1.5662392149397665e-57
3.701485313724263e-52;0.08137136344958289;1.4330752005871526e-57
2.8979475437505688e-52;0.07559226280297782;1.1336045989362133e-57
2.760146541416373e-52;0.08137136344958289;1.0372116254913442e-57
2.1609406235406117e-52;0.07559226280297782;8.204568598291425e-58
1.8627026778522344e-52;0.07559226280297782;6.973706633003348e-58
1.7742126493169562e-52;0.08137136344958289;6.381048745150913e-58
1.3890988775825584e-52;0.07559226280297782;5.047766018607675e-58
1.3230796367424968e-52;0.08137136344958289;4.6186743677267814e-58
1.0358714257686305e-52;0.07559226280297782;3.6535577497855704e-58
9.866249854104849e-53;0.08137136344958289;3.3429267733741764e-58
7.724432790458559e-53;0.07559226280297782;2.6443533198057726e-58
7.357126424515629e-53;0.08137136344958289;2.419497951739968e-58
5.759952641899089e-53;0.07559226280297782;1.9138752816304444e-58
4.965004171557629e-53;0.07559226280297782;1.6267527763771532e-58
4.729135416955582e-53;0.08137136344958289;1.4885037912616781e-58
3.702620822908672e-53;0.07559226280297782;1.177489650397851e-58
3.5266475932186183e-53;0.08137136344958289;1.077395672958753e-58
2.7610987042058725e-53;0.07559226280297782;8.522634412222615e-59
2.629833105718358e-53;0.08137136344958289;7.798027212782166e-59
2.058935195807226e-53;0.07559226280297782;6.168468694048839e-59
1.9610302719119576e-53;0.08137136344958289;5.643949792503326e-59
1.5353061567495166e-53;0.07559226280297782;4.4644865232753545e-59
1.3234139144529795e-53;0.07559226280297782;3.794717407421392e-59
1.2605434754686098e-53;0.08137136344958289;3.47222474720022e-59
9.869276535659805e-54;0.07559226280297782;2.7467237421129275e-59
9.400222708722139e-54;0.08137136344958289;2.5132350620369724e-59
7.359664399189759e-54;0.07559226280297782;1.9880703221035488e-59
7.009778047588022e-54;0.08137136344958289;1.8190415924041815e-59
5.488058807075303e-54;0.07559226280297782;1.4389153576593662e-59
5.227094799595303e-54;0.08137136344958289;1.3165611170445756e-59
4.0923339851901855e-54;0.07559226280297782;1.0414283578356948e-59
3.5275386051051334e-54;0.07559226280297782;8.851916782497242e-60
3.3599584563585905e-54;0.08137136344958289;8.099639897356592e-60
2.6306398628420273e-54;0.07559226280297782;6.407267624762304e-60
2.5056143160856425e-54;0.08137136344958289;5.862609842961395e-60
1.9617067649988126e-54;0.07559226280297782;4.6375608930973156e-60
1.8684451180420013e-54;0.08137136344958289;4.2432684890769814e-60
1.46283329029734e-54;0.07559226280297782;3.356550076205328e-60
1.3932737518282942e-54;0.08137136344958289;3.0711350005558027e-60
1.0908050731587657e-54;0.07559226280297782;2.4293343004844842e-60
9.402597686643217e-55;0.07559226280297782;2.0648818426113455e-60
8.955915482612577e-55;0.08137136344958289;1.8893986202865993e-60
7.011928445787414e-55;0.07559226280297782;1.4946198551350134e-60
6.67867485219058e-55;0.08137136344958289;1.3675678288098858e-60
5.2288979810897136e-55;0.07559226280297782;1.0818013225221027e-60
4.980310553964288e-55;0.08137136344958289;9.898249465861001e-61
3.8991587197341346e-55;0.07559226280297782;7.829806217650442e-61
3.713748883383522e-55;0.08137136344958289;7.164020013603001e-61
2.9075234620020933e-55;0.07559226280297782;5.6668949900455044e-61
2.5062473626488796e-55;0.07559226280297782;4.81673871175184e-61
2.387184936168141e-55;0.08137136344958289;4.407389947676499e-61
1.8690183032399054e-55;0.07559226280297782;3.486491656334829e-61
1.7801900913052613e-55;0.08137136344958289;3.190118081354463e-61
1.3937543869692784e-55;0.07559226280297782;2.5235120969569825e-61
1.3274938061825625e-55;0.08137136344958289;2.3089593020244995e-61
1.0393145153668508e-55;0.07559226280297782;1.8264546636904448e-61
9.898938202728765e-56;0.08137136344958289;1.6711470757884668e-61
7.7499572472764e-56;0.07559226280297782;1.321913530871337e-61
6.680362227671728e-56;0.07559226280297782;1.1235980354182268e-61
6.363003235718009e-56;0.08137136344958289;1.0281094705114859e-61
4.981838369934343e-56;0.07559226280297782;8.132920239169665e-62
4.745068192894579e-56;0.08137136344958289;7.441571202973561e-62
3.715030008658294e-56;0.07559226280297782;5.886583026762857e-62
3.5384134912035664e-56;0.08137136344958289;5.3860968818709625e-62
2.7702762044164355e-56;0.07559226280297782;4.26056092039226e-62
2.638546132719874e-56;0.08137136344958289;3.898275749667818e-62
2.0657386989150575e-56;0.07559226280297782;3.0836205473549635e-62
1.780639858538783e-56;0.07559226280297782;2.6210110631816723e-62
1.6960483272296433e-56;0.08137136344958289;2.398265404023634e-62
1.3279010430838085e-56;0.07559226280297782;1.8971619076303715e-62
1.2647903313915757e-56;0.08137136344958289;1.7358912916920424e-62
9.902353021641747e-57;0.07559226280297782;1.3731600404356327e-62
9.43158452146445e-57;0.08137136344958289;1.2564119079736059e-62
7.384126879096898e-57;0.07559226280297782;9.938587426909316e-63
7.033002481591239e-57;0.08137136344958289;9.093486767631286e-63
5.506193435705644e-57;0.07559226280297782;7.193144981126029e-63
4.7462670402561017e-57;0.07559226280297782;6.114018338207285e-63
4.5207896676071434e-57;0.08137136344958289;5.594420743226085e-63
3.5394989746452e-57;0.07559226280297782;4.425499326095906e-63
3.371278382841888e-57;0.08137136344958289;4.049304232106482e-63
2.639456347235021e-57;0.07559226280297782;3.2031630031830114e-63
2.5139737570712944e-57;0.08137136344958289;2.9308252657154773e-63
1.9682271998610013e-57;0.07559226280297782;2.3183689163920153e-63
1.8746355537502365e-57;0.08137136344958289;2.1212327424536813e-63
1.4676670465306772e-57;0.07559226280297782;1.6779410412179528e-63
1.2651098822367954e-57;0.07559226280297782;1.426213752587427e-63
1.2050092494785542e-57;0.08137136344958289;1.3050075024944922e-63
9.4344778602028e-58;0.07559226280297782;1.0323338354256664e-63
8.986088565455906e-58;0.08137136344958289;9.445790092173812e-64
7.035428643811599e-58;0.07559226280297782;7.472001021603698e-64
6.700956808328348e-58;0.08137136344958289;6.836720253638867e-64
5.246278095842365e-58;0.07559226280297782;5.408046638438805e-64
4.996811061254371e-58;0.08137136344958289;4.948188151187743e-64
3.912043019600233e-58;0.07559226280297782;3.914123996097798e-64
3.3721301405047814e-58;0.07559226280297782;3.326921110717394e-64
3.211932865917723e-58;0.08137136344958289;3.044183946352297e-64
2.5147449718806382e-58;0.07559226280297782;2.40811955722252e-64
2.39522752310201e-58;0.08137136344958289;2.2034143485186912e-64
1.8752822434065173e-58;0.07559226280297782;1.7429896390338916e-64
1.78612931104709e-58;0.08137136344958289;1.594798037716021e-64
1.3983870287362666e-58;0.07559226280297782;1.261532115822406e-64
1.3318919899883964e-58;0.08137136344958289;1.1542611750954243e-64
1.0427488048722765e-58;0.07559226280297782;9.130455886404764e-65
8.988358911872261e-59;0.07559226280297782;7.760690890027433e-65
8.56135564073614e-59;0.08137136344958289;7.101151435156715e-65
6.703012469057844e-59;0.07559226280297782;5.617407473122736e-65
6.384440622452655e-59;0.08137136344958289;5.1398927393915366e-65
4.998534802181623e-59;0.07559226280297782;4.06586250857799e-65
4.760899088047406e-59;0.08137136344958289;3.7201767612901123e-65
3.7273782411335712e-59;0.07559226280297782;2.942769146885132e-65
3.550136779736345e-59;0.08137136344958289;2.692538803345356e-65
2.77943024812052e-59;0.07559226280297782;2.1298565088048993e-65
2.395832680305153e-59;0.07559226280297782;1.8103321685787537e-65
2.2820156418874017e-59;0.08137136344958289;1.6564817564803135e-65
1.786677244124042e-59;0.07559226280297782;1.3103696045511304e-65
1.7017624283489678e-59;0.08137136344958289;1.198980000752484e-65
1.3323514503733668e-59;0.07559226280297782;9.484415494186815e-66
1.2690100311540682e-59;0.08137136344958289;8.678036220224753e-66
9.935267037646576e-60;0.07559226280297782;6.864581680676101e-66
9.462832759394033e-60;0.08137136344958289;6.280870711016585e-66
7.408526836061484e-60;0.07559226280297782;4.968304764336169e-66
6.386053659290887e-60;0.07559226280297782;4.22295206320153e-66
6.08267616525622e-60;0.08137136344958289;3.864066038596674e-66
4.762359594893269e-60;0.07559226280297782;3.056692092832924e-66
4.5360205126751506e-60;0.08137136344958289;2.796854166210878e-66
3.5513614640379e-60;0.07559226280297782;2.2124244751658303e-66
3.3825259250141344e-60;0.08137136344958289;2.0243208178478237e-66
2.648229525515694e-60;0.07559226280297782;1.6012972577394418e-66
2.522302924872408e-60;0.08137136344958289;1.4651353153942277e-66
1.974730969332931e-60;0.07559226280297782;1.1589537665697528e-66
1.702192380736213e-60;0.07559226280297782;9.850857449049546e-67
1.6213275953172308e-60;0.08137136344958289;9.013685959549302e-67
1.2693993269159998e-60;0.07559226280297782;7.13032912083451e-67
1.2090690068514383e-60;0.08137136344958289;6.524206594056443e-67
9.466097135796352e-61;0.07559226280297782;5.160910613113633e-67
9.016068709076764e-61;0.08137136344958289;4.7221222285540825e-67
7.05881341008657e-61;0.07559226280297782;3.735337456704726e-67
6.723158071777358e-61;0.08137136344958289;3.4177132298714386e-67
5.263613789264035e-61;0.07559226280297782;2.7034851861099287e-67
4.5371665438811104e-61;0.07559226280297782;2.2979041918824636e-67
4.32162275274839e-61;0.08137136344958289;2.1026176510917724e-67
3.3835635866361085e-61;0.07559226280297782;1.6632880194452605e-67
3.2227540842106664e-61;0.08137136344958289;1.5218981452864298e-67
2.523173039177166e-61;0.07559226280297782;1.2038828287936229e-67
2.403218682394977e-61;0.08137136344958289;1.1015268995312416e-67
1.881515415425148e-61;0.07559226280297782;8.713401492461476e-68
1.7920470222818868e-61;0.08137136344958289;7.97248117556658e-68
1.4030078300685927e-61;0.07559226280297782;6.3064052789166455e-68
1.2093744796349346e-61;0.07559226280297782;5.360308686205241e-68
1.1519216271291713e-61;0.08137136344958289;4.904764828198796e-68
9.0188345795203e-62;0.07559226280297782;3.879942971421143e-68
8.590199424880891e-62;0.08137136344958289;3.55012357630782e-68
6.725477347528761e-62;0.07559226280297782;2.808290966678331e-68
6.405740929633667e-62;0.08137136344958289;2.569525843812059e-68
5.015149222422985e-62;0.07559226280297782;2.0325704557844346e-68
4.776672652619029e-62;0.08137136344958289;1.8597363739951474e-68
3.739694913119775e-62;0.07559226280297782;1.4710917502445889e-68
3.2235683170253806e-62;0.07559226280297782;1.2503963095114582e-68
3.0704286583183325e-62;0.08137136344958289;1.14413184001593e-68
2.403955920734376e-62;0.07559226280297782;9.050721994920122e-69
2.2897039063809725e-62;0.08137136344958289;8.281354074904008e-69
1.7926652215209647e-62;0.07559226280297782;6.550885156680877e-69
1.707439991132695e-62;0.08137136344958289;5.993919045306801e-69
1.3367799974940208e-62;0.07559226280297782;4.741366114372256e-69
1.2732144495419116e-62;0.08137136344958289;4.3381969861030357e-69
9.968096929673014e-63;0.07559226280297782;3.4316077732470976e-69
8.592369749415091e-63;0.07559226280297782;2.916792711702438e-69
8.184178440435982e-63;0.08137136344958289;2.6689101581634074e-69
6.407706026626375e-63;0.07559226280297782;2.111257027041481e-69
6.103169111197889e-63;0.08137136344958289;1.9317869882505392e-69
4.778320452795286e-63;0.07559226280297782;1.5281214391677136e-69
4.551153965394502e-63;0.08137136344958289;1.3981982554567956e-69
3.563165685500304e-63;0.07559226280297782;1.1060159103730296e-69
3.3937327349268595e-63;0.08137136344958289;1.0119688657701429e-69
2.6569802806845767e-63;0.07559226280297782;8.00489290178671e-70
2.2902824029115346e-63;0.07559226280297782;6.803986590750982e-70
2.1814796628944442e-63;0.08137136344958289;6.22575229813432e-70
1.707963784590572e-63;0.07559226280297782;4.9249178537732353e-70
1.6267899572549524e-63;0.08137136344958289;4.50626906447948e-70
1.2736536680412577e-63;0.07559226280297782;3.564640620302298e-70
1.2131028044496817e-63;0.08137136344958289;3.261569512009238e-70
9.497561099154365e-64;0.07559226280297782;2.5799973351356297e-70
9.045940281511859e-64;0.08137136344958289;2.3606143025977076e-70
7.082138407915997e-64;0.07559226280297782;1.8672970398491168e-70
6.104711084440103e-64;0.07559226280297782;1.587162273869596e-70
5.8146991225285955e-64;0.08137136344958289;1.452277873017546e-70
4.552550128472123e-64;0.07559226280297782;1.148832925397191e-70
4.336182591057424e-64;0.08137136344958289;1.0511749486352323e-70
3.394903464806308e-64;0.07559226280297782;8.315217904952512e-71
3.233506107139843e-64;0.08137136344958289;7.608245569003939e-71
2.5315597082459168e-64;0.07559226280297782;6.018345836509657e-71
2.4111809022121664e-64;0.08137136344958289;5.506592222467232e-71
1.8877326562602875e-64;0.07559226280297782;4.355833710468525e-71
1.627200967754431e-64;0.07559226280297782;3.702364856243596e-71
1.5498987435286887e-64;0.08137136344958289;3.387720743545173e-71
1.2134749494831829e-64;0.07559226280297782;2.679876354618763e-71
1.1558025287245323e-64;0.08137136344958289;2.4520701201536407e-71
9.049060843265684e-65;0.07559226280297782;1.9396863855795683e-71
8.618858769891118e-65;0.08137136344958289;1.7747713309537488e-71
6.747831879686223e-65;0.07559226280297782;1.40389627983585e-71
6.426964099105244e-65;0.08137136344958289;1.2845197909361393e-71
5.031721178349765e-65;0.07559226280297782;1.0160829749286745e-71
4.337278132964744e-65;0.07559226280297782;8.636486485611791e-72
4.131230291666719e-65;0.08137136344958289;7.902517864849141e-72
3.2344980537697257e-65;0.07559226280297782;6.251333085323765e-72
3.080773139399222e-65;0.08137136344958289;5.719930713680604e-72
2.4120126829525648e-65;0.07559226280297782;4.5246959459256797e-72
2.297343008918475e-65;0.08137136344958289;4.139999489511362e-72
1.7986237862846668e-65;0.07559226280297782;3.2748612626754084e-72
1.7130969929834428e-65;0.08137136344958289;2.9963923723542774e-72
