# ["m", "w0", "wp"] [calculated @ 2025-10-14T11:42:12.599]
0.35940157220226665;0.9803639566064314;0.2950190652657264
0.0;0.0;0.0
0.0058030408671479366;0.03682853162214858;0.00256981969502504
0.0032215179698494786;0.07060745580364633;0.0011477415469545605
0.0011374188162244043;0.07358601180118031;0.00033908682720486797
0.00038903757045320443;0.0736102470713661;9.751570159568864e-5
0.00013305410955125605;0.07361305727673136;2.8041412990887218e-5
4.5505456337739574e-5;0.07361338394776526;8.063506046308724e-6
1.556320545295054e-5;0.07361342199006152;2.318721179181043e-6
